DayNum,VehId,Trip,Timestamp(ms),Latitude[deg],Longitude[deg],Vehicle Speed[km/h],MAF[g/sec],Engine RPM[RPM],Absolute Load[%],OAT[DegC],Fuel Rate[L/hr],Air Conditioning Power[kW],Air Conditioning Power[Watts],Heater Power[Watts],HV Battery Current[A],HV Battery SOC[%],HV Battery Voltage[V],Short Term Fuel Trim Bank 1[%],Short Term Fuel Trim Bank 2[%],Long Term Fuel Trim Bank 1[%],Long Term Fuel Trim Bank 2[%]
121.55327787,560,412,0,42.2746544444,-83.6743147222,33.0,2.48000001907,0.0,,6.0,,,0.0,,-68.4599914551,2.0,188.5,,,,
121.55327787,560,412,700,42.2746544444,-83.6743147222,33.0,2.48000001907,0.0,,6.0,,,0.0,,-70.9100036621,2.0,188.5,,,,
121.55327787,560,412,1000,42.2746544444,-83.6743147222,34.0,2.48000001907,0.0,,6.0,,,0.0,,-70.9100036621,2.0,188.5,,,,
121.55327787,560,412,1100,42.2746544444,-83.6743147222,34.0,2.48000001907,1615.0,,6.0,,,0.0,,-70.9100036621,2.0,188.5,,,,
121.55327787,560,412,1200,42.2746544444,-83.6743147222,34.0,17.3099994659,1615.0,,6.0,,,0.0,,-70.9100036621,2.0,188.5,,,,
121.55327787,560,412,1700,42.2746544444,-83.6743147222,34.0,17.3099994659,1615.0,,6.0,,,0.0,,-7.85998535156,2.0,188.5,,,,
121.55327787,560,412,2000,42.2746544444,-83.6743147222,38.0,17.3099994659,1615.0,,6.0,,,0.0,,-7.85998535156,2.0,188.5,,,,
121.55327787,560,412,2800,42.2746544444,-83.6743147222,38.0,17.3099994659,1615.0,,6.0,,,0.0,,3.38000488281,2.0,188.5,,,,
121.55327787,560,412,3000,42.2745611111,-83.6747416667,38.0,17.3099994659,1615.0,,6.0,,,0.0,,3.38000488281,2.0,188.5,,,,
121.55327787,560,412,3100,42.2745611111,-83.6747416667,41.0,17.3099994659,2676.0,,6.0,,,0.0,,3.38000488281,2.0,188.5,,,,
121.55327787,560,412,3200,42.2745611111,-83.6747416667,41.0,25.5399990082,2676.0,,6.0,,,0.0,,3.38000488281,2.0,188.5,,,,
121.55327787,560,412,3700,42.2745611111,-83.6747416667,41.0,25.5399990082,2676.0,,6.0,,,0.0,,3.38000488281,2.0,206.0,,,,
121.55327787,560,412,3800,42.2745611111,-83.6747416667,41.0,25.5399990082,2676.0,,6.0,,,0.0,,-17.1400146484,2.0,206.0,,,,
121.55327787,560,412,4100,42.2745611111,-83.6747416667,44.0,25.5399990082,2676.0,,6.0,,,0.0,,-17.1400146484,2.0,206.0,,,,
121.55327787,560,412,4800,42.2745611111,-83.6747416667,44.0,25.5399990082,2676.0,,6.0,,,0.0,,46.8800048828,2.0,206.0,,,,
121.55327787,560,412,5100,42.2745611111,-83.6747416667,44.0,25.5399990082,2226.0,,6.0,,,0.0,,46.8800048828,2.0,206.0,,,,
121.55327787,560,412,5200,42.2745611111,-83.6747416667,46.0,19.8400001526,2226.0,,6.0,,,0.0,,46.8800048828,2.0,206.0,,,,
121.55327787,560,412,5900,42.2745611111,-83.6747416667,46.0,19.8400001526,2226.0,,6.0,,,0.0,,-6.88000488281,2.0,206.0,,,,
121.55327787,560,412,6000,42.2745241667,-83.6752397222,46.0,19.8400001526,2226.0,,6.0,,,0.0,,-6.88000488281,2.0,206.0,,,,
121.55327787,560,412,6200,42.2745241667,-83.6752397222,48.0,19.8400001526,2226.0,,6.0,,,0.0,,-6.88000488281,2.0,206.0,,,,
121.55327787,560,412,6900,42.2745241667,-83.6752397222,48.0,19.8400001526,2226.0,,6.0,,,0.0,,35.1499938965,2.0,206.0,,,,
121.55327787,560,412,7100,42.2745241667,-83.6752397222,48.0,19.8400001526,1585.0,,6.0,,,0.0,,35.1499938965,2.0,206.0,,,,
121.55327787,560,412,7200,42.2745241667,-83.6752397222,50.0,13.4499998093,1585.0,,6.0,,,0.0,,35.1499938965,2.0,206.0,,,,
121.55327787,560,412,8000,42.2745241667,-83.6752397222,50.0,13.4499998093,1585.0,,6.0,,,0.0,,22.9400024414,2.0,206.0,,,,
121.55327787,560,412,8300,42.2745241667,-83.6752397222,51.0,13.4499998093,1585.0,,6.0,,,0.0,,22.9400024414,2.0,206.0,,,,
121.55327787,560,412,8800,42.2745241667,-83.6752397222,51.0,13.4499998093,1585.0,,6.0,,,0.0,,22.9400024414,2.0,201.5,,,,
121.55327787,560,412,9000,42.2745127778,-83.6757522222,51.0,13.4499998093,1585.0,,6.0,,,0.0,,18.049987793,2.0,201.5,,,,
121.55327787,560,412,9100,42.2745127778,-83.6757522222,51.0,13.4499998093,1627.0,,6.0,,,0.0,,18.049987793,2.0,201.5,,,,
121.55327787,560,412,9200,42.2745127778,-83.6757522222,51.0,13.1199998856,1627.0,,6.0,,,0.0,,18.049987793,2.0,201.5,,,,
121.55327787,560,412,10000,42.2745127778,-83.6757522222,51.0,13.1199998856,1627.0,,6.0,,,0.0,,22.9400024414,2.0,201.5,,,,
121.55327787,560,412,10400,42.2745127778,-83.6757522222,52.0,13.1199998856,1627.0,,6.0,,,0.0,,22.9400024414,2.0,201.5,,,,
121.55327787,560,412,11100,42.2745127778,-83.6757522222,52.0,13.1199998856,1613.0,,6.0,,,0.0,,22.9400024414,2.0,201.5,,,,
121.55327787,560,412,11200,42.2745127778,-83.6757522222,52.0,11.1499996185,1613.0,,6.0,,,0.0,,22.9400024414,2.0,201.5,,,,
121.55327787,560,412,11900,42.2745133333,-83.6762811111,52.0,11.1499996185,1613.0,,6.0,,,0.0,,22.9400024414,2.0,201.5,,,,
121.55327787,560,412,12100,42.2745133333,-83.6762811111,52.0,11.1499996185,1613.0,,6.0,,,0.0,,24.8900146484,2.0,201.5,,,,
121.55327787,560,412,13100,42.2745133333,-83.6762811111,52.0,11.1499996185,1257.0,,6.0,,,0.0,,24.8900146484,2.0,201.5,,,,
121.55327787,560,412,13200,42.2745133333,-83.6762811111,52.0,9.56999969482,1257.0,,6.0,,,0.0,,30.7600097656,2.0,201.5,,,,
121.55327787,560,412,13800,42.2745133333,-83.6762811111,52.0,9.56999969482,1257.0,,6.0,,,0.0,,30.7600097656,2.0,204.0,,,,
121.55327787,560,412,14200,42.2745133333,-83.6762811111,52.0,9.56999969482,1257.0,,6.0,,,0.0,,32.2200012207,2.0,204.0,,,,
121.55327787,560,412,14900,42.2745377778,-83.6768113889,52.0,9.56999969482,1257.0,,6.0,,,0.0,,32.2200012207,2.0,204.0,,,,
121.55327787,560,412,15100,42.2745377778,-83.6768113889,52.0,9.56999969482,1052.0,,6.0,,,0.0,,32.2200012207,2.0,204.0,,,,
121.55327787,560,412,15200,42.2745377778,-83.6768113889,52.0,2.42999982834,1052.0,,6.0,,,0.0,,51.2799987793,2.0,204.0,,,,
121.55327787,560,412,16300,42.2745377778,-83.6768113889,52.0,2.42999982834,1052.0,,6.0,,,0.0,,21.9599914551,2.0,204.0,,,,
121.55327787,560,412,16600,42.2745377778,-83.6768113889,51.0,2.42999982834,1052.0,,6.0,,,0.0,,21.9599914551,2.0,204.0,,,,
121.55327787,560,412,17100,42.2745377778,-83.6768113889,51.0,2.42999982834,0.0,,6.0,,,0.0,,21.9599914551,2.0,204.0,,,,
121.55327787,560,412,17200,42.2745377778,-83.6768113889,51.0,2.45000004768,0.0,,6.0,,,0.0,,21.9599914551,2.0,204.0,,,,
121.55327787,560,412,17300,42.2745377778,-83.6768113889,51.0,2.45000004768,0.0,,6.0,,,0.0,,22.9400024414,2.0,204.0,,,,
121.55327787,560,412,17600,42.2745377778,-83.6768113889,50.0,2.45000004768,0.0,,6.0,,,0.0,,22.9400024414,2.0,204.0,,,,
121.55327787,560,412,18000,42.2745613889,-83.6773277778,50.0,2.45000004768,0.0,,6.0,,,0.0,,22.9400024414,2.0,204.0,,,,
121.55327787,560,412,18400,42.2745613889,-83.6773277778,50.0,2.45000004768,0.0,,6.0,,,0.0,,70.3399963379,2.0,204.0,,,,
121.55327787,560,412,18700,42.2745613889,-83.6773277778,48.0,2.45000004768,0.0,,6.0,,,0.0,,70.3399963379,2.0,204.0,,,,
121.55327787,560,412,18800,42.2745613889,-83.6773277778,48.0,2.45000004768,0.0,,6.0,,,0.0,,70.3399963379,2.0,202.5,,,,
121.55327787,560,412,19200,42.2745613889,-83.6773277778,48.0,0.199999988079,0.0,,6.0,,,0.0,,70.3399963379,2.0,202.5,,,,
121.55327787,560,412,19400,42.2745613889,-83.6773277778,48.0,0.199999988079,0.0,,6.0,,,0.0,,18.5400085449,2.0,202.5,,,,
121.55327787,560,412,19700,42.2745613889,-83.6773277778,46.0,0.199999988079,0.0,,6.0,,,0.0,,18.5400085449,2.0,202.5,,,,
121.55327787,560,412,20400,42.2745613889,-83.6773277778,46.0,0.199999988079,0.0,,6.0,,,0.0,,20.9800109863,2.0,202.5,,,,
121.55327787,560,412,20800,42.2745613889,-83.6773277778,45.0,0.199999988079,0.0,,6.0,,,0.0,,20.9800109863,2.0,202.5,,,,
121.55327787,560,412,20900,42.2746244444,-83.6777972222,45.0,0.199999988079,0.0,,6.0,,,0.0,,20.9800109863,2.0,202.5,,,,
121.55327787,560,412,21200,42.2746244444,-83.6777972222,45.0,0.179999992251,0.0,,6.0,,,0.0,,20.9800109863,2.0,202.5,,,,
121.55327787,560,412,21500,42.2746244444,-83.6777972222,45.0,0.179999992251,0.0,,6.0,,,0.0,,19.0299987793,2.0,202.5,,,,
121.55327787,560,412,22500,42.2746244444,-83.6777972222,45.0,0.179999992251,0.0,,6.0,,,0.0,,20.4899902344,2.0,202.5,,,,
121.55327787,560,412,22800,42.2746244444,-83.6777972222,44.0,0.179999992251,0.0,,6.0,,,0.0,,20.4899902344,2.0,202.5,,,,
121.55327787,560,412,23600,42.2746244444,-83.6777972222,44.0,0.179999992251,0.0,,6.0,,,0.0,,86.4700012207,2.0,202.5,,,,
121.55327787,560,412,23900,42.2746244444,-83.6777972222,42.0,0.179999992251,0.0,,6.0,,,0.0,,86.4700012207,2.0,215.0,,,,
121.55327787,560,412,24000,42.2747025,-83.678215,42.0,0.179999992251,0.0,,6.0,,,0.0,,86.4700012207,2.0,215.0,,,,
121.55327787,560,412,24600,42.2747025,-83.678215,42.0,0.179999992251,0.0,,6.0,,,0.0,,106.509994507,2.0,215.0,,,,
121.55327787,560,412,24900,42.2747025,-83.678215,38.0,0.179999992251,0.0,,6.0,,,0.0,,106.509994507,2.0,215.0,,,,
121.55327787,560,412,25600,42.2747025,-83.678215,38.0,0.179999992251,0.0,,6.0,,,0.0,,67.8999938965,2.0,215.0,,,,
121.55327787,560,412,26000,42.2747025,-83.678215,33.0,0.179999992251,0.0,,6.0,,,0.0,,67.8999938965,2.0,215.0,,,,
121.55327787,560,412,26700,42.2747025,-83.678215,33.0,0.179999992251,0.0,,6.0,,,0.0,,12.6700134277,2.0,215.0,,,,
121.55327787,560,412,27000,42.2746386111,-83.6785425,30.0,0.179999992251,0.0,,6.0,,,0.0,,12.6700134277,2.0,215.0,,,,
121.55327787,560,412,27700,42.2746386111,-83.6785425,30.0,0.179999992251,0.0,,6.0,,,0.0,,-58.6900024414,2.0,215.0,,,,
121.55327787,560,412,28000,42.2746386111,-83.6785425,31.0,0.179999992251,0.0,,6.0,,,0.0,,-58.6900024414,2.0,215.0,,,,
121.55327787,560,412,28800,42.2746386111,-83.6785425,31.0,0.179999992251,0.0,,6.0,,,0.0,,-129.559997559,2.0,215.0,,,,
121.55327787,560,412,28900,42.2746386111,-83.6785425,31.0,0.179999992251,0.0,,6.0,,,0.0,,-129.559997559,2.0,196.5,,,,
121.55327787,560,412,29100,42.2746386111,-83.6785425,36.0,0.179999992251,2739.0,,6.0,,,0.0,,-129.559997559,2.0,196.5,,,,
121.55327787,560,412,29200,42.2746386111,-83.6785425,36.0,35.4500007629,2739.0,,6.0,,,0.0,,-129.559997559,2.0,196.5,,,,
121.55327787,560,412,29800,42.2746386111,-83.6785425,36.0,35.4500007629,2739.0,,6.0,,,0.0,,-22.0299987793,2.0,196.5,,,,
121.55327787,560,412,29900,42.2746091667,-83.6789469444,36.0,35.4500007629,2739.0,,6.0,,,0.0,,-22.0299987793,2.0,196.5,,,,
121.55327787,560,412,30100,42.2746091667,-83.6789469444,42.0,35.4500007629,2739.0,,6.0,,,0.0,,-22.0299987793,2.0,196.5,,,,
121.55327787,560,412,30800,42.2746091667,-83.6789469444,42.0,35.4500007629,2739.0,,6.0,,,0.0,,-19.1000061035,2.0,196.5,,,,
121.55327787,560,412,31100,42.2746091667,-83.6789469444,42.0,35.4500007629,2603.0,,6.0,,,0.0,,-19.1000061035,2.0,196.5,,,,
121.55327787,560,412,31200,42.2746091667,-83.6789469444,47.0,23.6499996185,2603.0,,6.0,,,0.0,,-19.1000061035,2.0,196.5,,,,
121.55327787,560,412,31900,42.2746091667,-83.6789469444,47.0,23.6499996185,2603.0,,6.0,,,0.0,,-5.41000366211,2.0,196.5,,,,
121.55327787,560,412,32300,42.2746091667,-83.6789469444,52.0,23.6499996185,2603.0,,6.0,,,0.0,,-5.41000366211,2.0,196.5,,,,
121.55327787,560,412,32900,42.2745605556,-83.6794816667,52.0,23.6499996185,2603.0,,6.0,,,0.0,,-5.41000366211,3.0,196.5,,,,
121.55327787,560,412,33000,42.2745605556,-83.6794816667,52.0,23.6499996185,2603.0,,6.0,,,0.0,,-22.0299987793,3.0,196.5,,,,
121.55327787,560,412,33100,42.2745605556,-83.6794816667,52.0,23.6499996185,1967.0,,6.0,,,0.0,,-22.0299987793,3.0,196.5,,,,
121.55327787,560,412,33200,42.2745605556,-83.6794816667,52.0,12.0099992752,1967.0,,6.0,,,0.0,,-22.0299987793,3.0,196.5,,,,
121.55327787,560,412,33400,42.2745605556,-83.6794816667,54.0,12.0099992752,1967.0,,6.0,,,0.0,,-22.0299987793,3.0,196.5,,,,
121.55327787,560,412,33900,42.2745605556,-83.6794816667,54.0,12.0099992752,1967.0,,6.0,,,0.0,,-22.0299987793,3.0,197.0,,,,
121.55327787,560,412,34000,42.2745605556,-83.6794816667,54.0,12.0099992752,1967.0,,6.0,,,0.0,,-16.6499938965,3.0,197.0,,,,
121.55327787,560,412,34400,42.2745605556,-83.6794816667,56.0,12.0099992752,1967.0,,6.0,,,0.0,,-16.6499938965,3.0,197.0,,,,
121.55327787,560,412,35000,42.2745605556,-83.6794816667,56.0,12.0099992752,1967.0,,6.0,,,0.0,,30.2699890137,3.0,197.0,,,,
121.55327787,560,412,35100,42.2745605556,-83.6794816667,56.0,12.0099992752,1251.0,,6.0,,,0.0,,30.2699890137,3.0,197.0,,,,
121.55327787,560,412,35300,42.2745605556,-83.6794816667,56.0,10.3199996948,1251.0,,6.0,,,0.0,,30.2699890137,3.0,197.0,,,,
121.55327787,560,412,35400,42.2745605556,-83.6794816667,57.0,10.3199996948,1251.0,,6.0,,,0.0,,30.2699890137,3.0,197.0,,,,
121.55327787,560,412,35900,42.2745594444,-83.6800611111,57.0,10.3199996948,1251.0,,6.0,,,0.0,,30.2699890137,3.0,197.0,,,,
121.55327787,560,412,36100,42.2745594444,-83.6800611111,57.0,10.3199996948,1251.0,,6.0,,,0.0,,29.2900085449,3.0,197.0,,,,
121.55327787,560,412,36500,42.2745594444,-83.6800611111,56.0,10.3199996948,1251.0,,6.0,,,0.0,,29.2900085449,3.0,197.0,,,,
121.55327787,560,412,37100,42.2745594444,-83.6800611111,56.0,10.3199996948,1583.0,,6.0,,,0.0,,23.9100036621,3.0,197.0,,,,
121.55327787,560,412,37300,42.2745594444,-83.6800611111,56.0,12.3499994278,1583.0,,6.0,,,0.0,,23.9100036621,3.0,197.0,,,,
121.55327787,560,412,38200,42.2745594444,-83.6800611111,56.0,12.3499994278,1583.0,,6.0,,,0.0,,41.0199890137,3.0,197.0,,,,
121.55327787,560,412,39000,42.2745577778,-83.6806375,56.0,12.3499994278,1583.0,,6.0,,,0.0,,41.0199890137,3.0,205.5,,,,
121.55327787,560,412,39100,42.2745577778,-83.6806375,56.0,12.3499994278,1417.0,,6.0,,,0.0,,41.0199890137,3.0,205.5,,,,
121.55327787,560,412,39200,42.2745577778,-83.6806375,56.0,12.3499994278,1417.0,,6.0,,,0.0,,39.0599975586,3.0,205.5,,,,
121.55327787,560,412,39300,42.2745577778,-83.6806375,56.0,5.92999982834,1417.0,,6.0,,,0.0,,39.0599975586,3.0,205.5,,,,
121.55327787,560,412,39600,42.2745577778,-83.6806375,55.0,5.92999982834,1417.0,,6.0,,,0.0,,39.0599975586,3.0,205.5,,,,
121.55327787,560,412,40200,42.2745577778,-83.6806375,55.0,5.92999982834,1417.0,,6.0,,,0.0,,46.8800048828,3.0,205.5,,,,
121.55327787,560,412,40600,42.2745577778,-83.6806375,54.0,5.92999982834,1417.0,,6.0,,,0.0,,46.8800048828,3.0,205.5,,,,
121.55327787,560,412,41100,42.2745577778,-83.6806375,54.0,5.92999982834,403.0,,6.0,,,0.0,,46.8800048828,3.0,205.5,,,,
121.55327787,560,412,41300,42.2745577778,-83.6806375,54.0,0.560000002384,403.0,,6.0,,,0.0,,68.3899841309,3.0,205.5,,,,
121.55327787,560,412,41700,42.2745577778,-83.6806375,52.0,0.560000002384,403.0,,6.0,,,0.0,,68.3899841309,3.0,205.5,,,,
121.55327787,560,412,41900,42.2745638889,-83.6811730556,52.0,0.560000002384,403.0,,6.0,,,0.0,,68.3899841309,3.0,205.5,,,,
121.55327787,560,412,42300,42.2745638889,-83.6811730556,52.0,0.560000002384,403.0,,6.0,,,0.0,,102.11000061,3.0,205.5,,,,
121.55327787,560,412,42700,42.2745638889,-83.6811730556,48.0,0.560000002384,403.0,,6.0,,,0.0,,102.11000061,3.0,205.5,,,,
121.55327787,560,412,43100,42.2745638889,-83.6811730556,48.0,0.560000002384,0.0,,6.0,,,0.0,,102.11000061,3.0,205.5,,,,
121.55327787,560,412,43300,42.2745638889,-83.6811730556,48.0,0.209999993443,0.0,,6.0,,,0.0,,102.11000061,3.0,205.5,,,,
121.55327787,560,412,43400,42.2745638889,-83.6811730556,48.0,0.209999993443,0.0,,6.0,,,0.0,,90.3800048828,3.0,205.5,,,,
121.55327787,560,412,43800,42.2745638889,-83.6811730556,43.0,0.209999993443,0.0,,6.0,,,0.0,,90.3800048828,3.0,205.5,,,,
121.55327787,560,412,44000,42.2745638889,-83.6811730556,43.0,0.209999993443,0.0,,6.0,,,0.0,,90.3800048828,3.0,208.0,,,,
121.55327787,560,412,44400,42.2745638889,-83.6811730556,43.0,0.209999993443,0.0,,6.0,,,0.0,,58.1300048828,3.0,208.0,,,,
121.55327787,560,412,44800,42.2745638889,-83.6811730556,40.0,0.209999993443,0.0,,6.0,,,0.0,,58.1300048828,3.0,208.0,,,,
121.55327787,560,412,44900,42.2745888889,-83.6816136111,40.0,0.209999993443,0.0,,6.0,,,0.0,,58.1300048828,3.0,208.0,,,,
121.55327787,560,412,45300,42.2745888889,-83.6816136111,40.0,0.179999992251,0.0,,6.0,,,0.0,,58.1300048828,3.0,208.0,,,,
121.55327787,560,412,45400,42.2745888889,-83.6816136111,40.0,0.179999992251,0.0,,6.0,,,0.0,,47.8599853516,3.0,208.0,,,,
121.55327787,560,412,45800,42.2745888889,-83.6816136111,35.0,0.179999992251,0.0,,6.0,,,0.0,,47.8599853516,3.0,208.0,,,,
121.55327787,560,412,46500,42.2745888889,-83.6816136111,35.0,0.179999992251,0.0,,6.0,,,0.0,,15.6000061035,3.0,208.0,,,,
121.55327787,560,412,46900,42.2745888889,-83.6816136111,33.0,0.179999992251,0.0,,6.0,,,0.0,,15.6000061035,3.0,208.0,,,,
121.55327787,560,412,47500,42.2745888889,-83.6816136111,33.0,0.179999992251,0.0,,6.0,,,0.0,,11.6900024414,3.0,208.0,,,,
121.55327787,560,412,47900,42.2745888889,-83.6816136111,32.0,0.179999992251,0.0,,6.0,,,0.0,,11.6900024414,3.0,208.0,,,,
121.55327787,560,412,48600,42.2745888889,-83.6816136111,32.0,0.179999992251,0.0,,6.0,,,0.0,,8.26998901367,3.0,208.0,,,,
121.55327787,560,412,49000,42.2746944444,-83.6820369444,31.0,0.179999992251,0.0,,6.0,,,0.0,,8.26998901367,3.0,201.0,,,,
121.55327787,560,412,49600,42.2746944444,-83.6820369444,31.0,0.179999992251,0.0,,6.0,,,0.0,,-1.01000976563,3.0,201.0,,,,
121.55327787,560,412,50000,42.2746944444,-83.6820369444,30.0,0.179999992251,0.0,,6.0,,,0.0,,-1.01000976563,3.0,201.0,,,,
121.55327787,560,412,50600,42.2746944444,-83.6820369444,30.0,0.179999992251,0.0,,6.0,,,0.0,,-33.7600097656,3.0,201.0,,,,
121.55327787,560,412,51000,42.2746944444,-83.6820369444,29.0,0.179999992251,0.0,,6.0,,,0.0,,-33.7600097656,3.0,201.0,,,,
121.55327787,560,412,51700,42.2746944444,-83.6820369444,29.0,0.179999992251,0.0,,6.0,,,0.0,,-73.8399963379,3.0,201.0,,,,
121.55327787,560,412,52000,42.2747102778,-83.6823508333,29.0,0.179999992251,0.0,,6.0,,,0.0,,-73.8399963379,3.0,201.0,,,,
121.55327787,560,412,52100,42.2747102778,-83.6823508333,31.0,0.179999992251,0.0,,6.0,,,0.0,,-73.8399963379,3.0,201.0,,,,
121.55327787,560,412,52700,42.2747102778,-83.6823508333,31.0,0.179999992251,0.0,,6.0,,,0.0,,-60.6399841309,3.0,201.0,,,,
121.55327787,560,412,53100,42.2747102778,-83.6823508333,35.0,0.179999992251,2359.0,,6.0,,,0.0,,-60.6399841309,3.0,201.0,,,,
121.55327787,560,412,53300,42.2747102778,-83.6823508333,35.0,24.8199996948,2359.0,,6.0,,,0.0,,-60.6399841309,3.0,201.0,,,,
121.55327787,560,412,53800,42.2747102778,-83.6823508333,35.0,24.8199996948,2359.0,,6.0,,,0.0,,-13.7200012207,3.0,201.0,,,,
121.55327787,560,412,54100,42.2747102778,-83.6823508333,35.0,24.8199996948,2359.0,,6.0,,,0.0,,-13.7200012207,3.0,196.5,,,,
121.55327787,560,412,54200,42.2747102778,-83.6823508333,39.0,24.8199996948,2359.0,,6.0,,,0.0,,-13.7200012207,3.0,196.5,,,,
121.55327787,560,412,54800,42.2747102778,-83.6823508333,39.0,24.8199996948,2359.0,,6.0,,,0.0,,-25.9400024414,3.0,196.5,,,,
121.55327787,560,412,54900,42.2747366667,-83.6827361111,39.0,24.8199996948,2359.0,,6.0,,,0.0,,-25.9400024414,3.0,196.5,,,,
121.55327787,560,412,55100,42.2747366667,-83.6827361111,39.0,24.8199996948,2545.0,,6.0,,,0.0,,-25.9400024414,3.0,196.5,,,,
121.55327787,560,412,55200,42.2747366667,-83.6827361111,43.0,24.8199996948,2545.0,,6.0,,,0.0,,-25.9400024414,3.0,196.5,,,,
121.55327787,560,412,55300,42.2747366667,-83.6827361111,43.0,23.8400001526,2545.0,,6.0,,,0.0,,-25.9400024414,3.0,196.5,,,,
121.55327787,560,412,55800,42.2747366667,-83.6827361111,43.0,23.8400001526,2545.0,,6.0,,,0.0,,-30.8299865723,3.0,196.5,,,,
121.55327787,560,412,56200,42.2747366667,-83.6827361111,48.0,23.8400001526,2545.0,,6.0,,,0.0,,-30.8299865723,3.0,196.5,,,,
121.55327787,560,412,56900,42.2747366667,-83.6827361111,48.0,23.8400001526,2545.0,,6.0,,,0.0,,-33.2699890137,3.0,196.5,,,,
121.55327787,560,412,57100,42.2747366667,-83.6827361111,48.0,23.8400001526,2812.0,,6.0,,,0.0,,-33.2699890137,3.0,196.5,,,,
121.55327787,560,412,57300,42.2747366667,-83.6827361111,52.0,27.0900001526,2812.0,,6.0,,,0.0,,-33.2699890137,3.0,196.5,,,,
121.55327787,560,412,57900,42.2748655556,-83.6832111111,52.0,27.0900001526,2812.0,,6.0,,,0.0,,-27.4100036621,3.0,196.5,,,,
121.55327787,560,412,58300,42.2748655556,-83.6832111111,56.0,27.0900001526,2812.0,,6.0,,,0.0,,-27.4100036621,3.0,196.5,,,,
121.55327787,560,412,59000,42.2748655556,-83.6832111111,56.0,27.0900001526,2812.0,,6.0,,,0.0,,13.1600036621,3.0,196.5,,,,
121.55327787,560,412,59100,42.2748655556,-83.6832111111,56.0,27.0900001526,2536.0,,6.0,,,0.0,,13.1600036621,3.0,195.5,,,,
121.55327787,560,412,59300,42.2748655556,-83.6832111111,56.0,22.9799995422,2536.0,,6.0,,,0.0,,13.1600036621,3.0,195.5,,,,
121.55327787,560,412,59400,42.2748655556,-83.6832111111,59.0,22.9799995422,2536.0,,6.0,,,0.0,,13.1600036621,3.0,195.5,,,,
121.55327787,560,412,60000,42.2749652778,-83.6835808333,59.0,22.9799995422,2536.0,,6.0,,,0.0,,-15.6799926758,3.0,195.5,,,,
121.55327787,560,412,60400,42.2749652778,-83.6835808333,62.0,22.9799995422,2536.0,,6.0,,,0.0,,-15.6799926758,3.0,195.5,,,,
121.55327787,560,412,61000,42.2749652778,-83.6835808333,62.0,22.9799995422,2536.0,,6.0,,,0.0,,-30.8299865723,3.0,195.5,,,,
121.55327787,560,412,61100,42.2749652778,-83.6835808333,62.0,22.9799995422,2077.0,,6.0,,,0.0,,-30.8299865723,3.0,195.5,,,,
121.55327787,560,412,61300,42.2749652778,-83.6835808333,62.0,18.1499996185,2077.0,,6.0,,,0.0,,-30.8299865723,3.0,195.5,,,,
121.55327787,560,412,61400,42.2749652778,-83.6835808333,64.0,18.1499996185,2077.0,,6.0,,,0.0,,-30.8299865723,3.0,195.5,,,,
121.55327787,560,412,62100,42.2749652778,-83.6835808333,64.0,18.1499996185,2077.0,,6.0,,,0.0,,-20.0799865723,3.0,195.5,,,,
121.55327787,560,412,62500,42.2749652778,-83.6835808333,66.0,18.1499996185,2077.0,,6.0,,,0.0,,-20.0799865723,3.0,195.5,,,,
121.55327787,560,412,63100,42.2749652778,-83.6835808333,66.0,18.1499996185,1648.0,,6.0,,,0.0,,0.940002441406,3.0,195.5,,,,
121.55327787,560,412,63300,42.2749652778,-83.6835808333,66.0,13.2599992752,1648.0,,6.0,,,0.0,,0.940002441406,3.0,195.5,,,,
121.55327787,560,412,63500,42.2749652778,-83.6835808333,67.0,13.2599992752,1648.0,,6.0,,,0.0,,0.940002441406,3.0,195.5,,,,
121.55327787,560,412,64000,42.2751705556,-83.6844058333,67.0,13.2599992752,1648.0,,6.0,,,0.0,,0.940002441406,3.0,195.5,,,,
121.55327787,560,412,64200,42.2751705556,-83.6844058333,67.0,13.2599992752,1648.0,,6.0,,,0.0,,-4.44000244141,3.0,198.0,,,,
121.55327787,560,412,65200,42.2751705556,-83.6844058333,67.0,13.2599992752,1635.0,,6.0,,,0.0,,-4.44000244141,3.0,198.0,,,,
121.55327787,560,412,65300,42.2751705556,-83.6844058333,67.0,12.9299993515,1635.0,,6.0,,,0.0,,-5.41000366211,3.0,198.0,,,,
121.55327787,560,412,66700,42.2751705556,-83.6844058333,68.0,12.9299993515,1635.0,,6.0,,,0.0,,-5.41000366211,3.0,198.0,,,,
121.55327787,560,412,67000,42.2753269444,-83.6850497222,68.0,12.9299993515,1635.0,,6.0,,,0.0,,-5.41000366211,3.0,198.0,,,,
121.55327787,560,412,67200,42.2753269444,-83.6850497222,68.0,12.9299993515,1366.0,,6.0,,,0.0,,-5.41000366211,3.0,198.0,,,,
121.55327787,560,412,67300,42.2753269444,-83.6850497222,68.0,6.94999980927,1366.0,,6.0,,,0.0,,-5.41000366211,3.0,198.0,,,,
121.55327787,560,412,67400,42.2753269444,-83.6850497222,68.0,6.94999980927,1366.0,,6.0,,,0.0,,78.6499938965,3.0,198.0,,,,
121.55327787,560,412,67700,42.2753269444,-83.6850497222,67.0,6.94999980927,1366.0,,6.0,,,0.0,,78.6499938965,3.0,198.0,,,,
121.55327787,560,412,68400,42.2753269444,-83.6850497222,67.0,6.94999980927,1366.0,,6.0,,,0.0,,20.4899902344,3.0,198.0,,,,
121.55327787,560,412,69200,42.2753269444,-83.6850497222,67.0,6.94999980927,1110.0,,6.0,,,0.0,,20.4899902344,3.0,204.5,,,,
121.55327787,560,412,69300,42.2753269444,-83.6850497222,67.0,2.48000001907,1110.0,,6.0,,,0.0,,20.4899902344,3.0,204.5,,,,
121.55327787,560,412,69500,42.2753269444,-83.6850497222,67.0,2.48000001907,1110.0,,6.0,,,0.0,,39.549987793,3.0,204.5,,,,
121.55327787,560,412,69900,42.2754536111,-83.6856883333,67.0,2.48000001907,1110.0,,6.0,,,0.0,,39.549987793,3.0,204.5,,,,
121.55327787,560,412,70500,42.2754536111,-83.6856883333,67.0,2.48000001907,1110.0,,6.0,,,0.0,,-2.48001098633,3.0,204.5,,,,
121.55327787,560,412,70800,42.2754536111,-83.6856883333,66.0,2.48000001907,1110.0,,6.0,,,0.0,,-2.48001098633,3.0,204.5,,,,
121.55327787,560,412,71200,42.2754536111,-83.6856883333,66.0,2.48000001907,114.0,,6.0,,,0.0,,-2.48001098633,3.0,204.5,,,,
121.55327787,560,412,71300,42.2754536111,-83.6856883333,66.0,0.930000007153,114.0,,6.0,,,0.0,,-2.48001098633,3.0,204.5,,,,
121.55327787,560,412,71600,42.2754536111,-83.6856883333,66.0,0.930000007153,114.0,,6.0,,,0.0,,4.35998535156,3.0,204.5,,,,
121.55327787,560,412,71900,42.2754536111,-83.6856883333,65.0,0.930000007153,114.0,,6.0,,,0.0,,4.35998535156,3.0,204.5,,,,
121.55327787,560,412,72600,42.2754536111,-83.6856883333,65.0,0.930000007153,114.0,,6.0,,,0.0,,-4.92001342773,3.0,204.5,,,,
121.55327787,560,412,72900,42.2755941667,-83.6863188889,64.0,0.930000007153,114.0,,6.0,,,0.0,,-4.92001342773,3.0,204.5,,,,
121.55327787,560,412,73200,42.2755941667,-83.6863188889,64.0,0.930000007153,0.0,,6.0,,,0.0,,-4.92001342773,3.0,204.5,,,,
121.55327787,560,412,73300,42.2755941667,-83.6863188889,64.0,0.199999988079,0.0,,6.0,,,0.0,,-4.92001342773,3.0,204.5,,,,
121.55327787,560,412,73600,42.2755941667,-83.6863188889,64.0,0.199999988079,0.0,,6.0,,,0.0,,-18.6099853516,3.0,204.5,,,,
121.55327787,560,412,74300,42.2755941667,-83.6863188889,64.0,0.199999988079,0.0,,6.0,,,0.0,,-18.6099853516,3.0,194.0,,,,
121.55327787,560,412,74700,42.2755941667,-83.6863188889,64.0,0.199999988079,0.0,,6.0,,,0.0,,-39.1399841309,3.0,194.0,,,,
121.55327787,560,412,75000,42.2755941667,-83.6863188889,63.0,0.199999988079,0.0,,6.0,,,0.0,,-39.1399841309,3.0,194.0,,,,
121.55327787,560,412,75300,42.2755941667,-83.6863188889,63.0,0.179999992251,0.0,,6.0,,,0.0,,-39.1399841309,3.0,194.0,,,,
121.55327787,560,412,75700,42.2755941667,-83.6863188889,63.0,0.179999992251,0.0,,6.0,,,0.0,,-31.3200073242,3.0,194.0,,,,
121.55327787,560,412,76000,42.2757486111,-83.6869466667,62.0,0.179999992251,0.0,,6.0,,,0.0,,-31.3200073242,3.0,194.0,,,,
121.55327787,560,412,76800,42.2757486111,-83.6869466667,62.0,0.179999992251,0.0,,6.0,,,0.0,,-51.8399963379,3.0,194.0,,,,
121.55327787,560,412,77800,42.2757486111,-83.6869466667,62.0,0.179999992251,0.0,,6.0,,,0.0,,-50.8699951172,3.0,194.0,,,,
121.55327787,560,412,78100,42.2757486111,-83.6869466667,61.0,0.179999992251,0.0,,6.0,,,0.0,,-50.8699951172,3.0,194.0,,,,
121.55327787,560,412,78800,42.2757486111,-83.6869466667,61.0,0.179999992251,0.0,,6.0,,,0.0,,-31.3200073242,3.0,194.0,,,,
121.55327787,560,412,78900,42.2759102778,-83.6875511111,61.0,0.179999992251,0.0,,6.0,,,0.0,,-31.3200073242,3.0,194.0,,,,
121.55327787,560,412,79300,42.2759102778,-83.6875511111,61.0,0.179999992251,0.0,,6.0,,,0.0,,-31.3200073242,3.0,191.5,,,,
121.55327787,560,412,79900,42.2759102778,-83.6875511111,61.0,0.179999992251,0.0,,6.0,,,0.0,,-58.200012207,3.0,191.5,,,,
121.55327787,560,412,80200,42.2759102778,-83.6875511111,60.0,0.179999992251,0.0,,6.0,,,0.0,,-58.200012207,3.0,191.5,,,,
121.55327787,560,412,80900,42.2759102778,-83.6875511111,60.0,0.179999992251,0.0,,6.0,,,0.0,,-42.0700073242,3.0,191.5,,,,
121.55327787,560,412,81200,42.2759102778,-83.6875511111,59.0,0.179999992251,0.0,,6.0,,,0.0,,-42.0700073242,3.0,191.5,,,,
121.55327787,560,412,82000,42.276055,-83.68811,59.0,0.179999992251,0.0,,6.0,,,0.0,,-49.3999938965,3.0,191.5,,,,
121.55327787,560,412,83000,42.276055,-83.68811,59.0,0.179999992251,0.0,,6.0,,,0.0,,-67.0,3.0,191.5,,,,
121.55327787,560,412,83300,42.276055,-83.68811,60.0,0.179999992251,0.0,,6.0,,,0.0,,-67.0,3.0,191.5,,,,
121.55327787,560,412,84000,42.276055,-83.68811,60.0,0.179999992251,0.0,,6.0,,,0.0,,-29.3599853516,3.0,191.5,,,,
121.55327787,560,412,84400,42.276055,-83.68811,60.0,0.179999992251,0.0,,6.0,,,0.0,,-29.3599853516,3.0,196.0,,,,
121.55327787,560,412,84900,42.2762111111,-83.6886619444,60.0,0.179999992251,0.0,,6.0,,,0.0,,-29.3599853516,3.0,196.0,,,,
121.55327787,560,412,85100,42.2762111111,-83.6886619444,60.0,0.179999992251,0.0,,6.0,,,0.0,,0.940002441406,3.0,196.0,,,,
121.55327787,560,412,85400,42.2762111111,-83.6886619444,59.0,0.179999992251,0.0,,6.0,,,0.0,,0.940002441406,3.0,196.0,,,,
121.55327787,560,412,86100,42.2762111111,-83.6886619444,59.0,0.179999992251,0.0,,6.0,,,0.0,,7.29998779297,3.0,196.0,,,,
121.55327787,560,412,87200,42.2762111111,-83.6886619444,59.0,0.179999992251,0.0,,6.0,,,0.0,,25.3800048828,3.0,196.0,,,,
121.55327787,560,412,87500,42.2762111111,-83.6886619444,58.0,0.179999992251,0.0,,6.0,,,0.0,,25.3800048828,3.0,196.0,,,,
121.55327787,560,412,88000,42.2763536111,-83.6892133333,58.0,0.179999992251,0.0,,6.0,,,0.0,,25.3800048828,3.0,196.0,,,,
121.55327787,560,412,88200,42.2763536111,-83.6892133333,58.0,0.179999992251,0.0,,6.0,,,0.0,,25.8699951172,3.0,196.0,,,,
121.55327787,560,412,89200,42.2763536111,-83.6892133333,58.0,0.179999992251,0.0,,6.0,,,0.0,,26.3599853516,3.0,196.0,,,,
121.55327787,560,412,89400,42.2763536111,-83.6892133333,58.0,0.179999992251,0.0,,6.0,,,0.0,,26.3599853516,3.0,202.0,,,,
121.55327787,560,412,90300,42.2763536111,-83.6892133333,58.0,0.179999992251,0.0,,6.0,,,0.0,,26.8500061035,3.0,202.0,,,,
121.55327787,560,412,90900,42.2764627778,-83.6897144444,58.0,0.179999992251,0.0,,6.0,,,0.0,,26.8500061035,3.0,202.0,,,,
121.55327787,560,412,91300,42.2764627778,-83.6897144444,58.0,0.179999992251,0.0,,6.0,,,0.0,,25.8699951172,3.0,202.0,,,,
121.55327787,560,412,92400,42.2764627778,-83.6897144444,58.0,0.179999992251,0.0,,6.0,,,0.0,,27.3299865723,3.0,202.0,,,,
121.55327787,560,412,92900,42.2764627778,-83.6897144444,58.0,0.179999992251,0.0,,6.0,,,0.0,,27.3299865723,2.0,202.0,,,,
121.55327787,560,412,93400,42.2764627778,-83.6897144444,58.0,0.179999992251,0.0,,6.0,,,0.0,,25.8699951172,2.0,202.0,,,,
121.55327787,560,412,94000,42.2765630556,-83.6902313889,58.0,0.179999992251,0.0,,6.0,,,0.0,,25.8699951172,2.0,202.0,,,,
121.55327787,560,412,94400,42.2765630556,-83.6902313889,58.0,0.179999992251,0.0,,6.0,,,0.0,,26.3599853516,2.0,203.0,,,,
121.55327787,560,412,94800,42.2765630556,-83.6902313889,59.0,0.179999992251,0.0,,6.0,,,0.0,,26.3599853516,2.0,203.0,,,,
121.55327787,560,412,95500,42.2765630556,-83.6902313889,59.0,0.179999992251,0.0,,6.0,,,0.0,,25.8699951172,2.0,203.0,,,,
121.55327787,560,412,96500,42.2765630556,-83.6902313889,59.0,0.179999992251,0.0,,6.0,,,0.0,,27.3299865723,2.0,203.0,,,,
121.55327787,560,412,97000,42.2766336111,-83.6907691667,59.0,0.179999992251,0.0,,6.0,,,0.0,,27.3299865723,2.0,203.0,,,,
121.55327787,560,412,98600,42.2766336111,-83.6907691667,59.0,0.179999992251,0.0,,6.0,,,0.0,,7.7799987793,2.0,203.0,,,,
121.55327787,560,412,99700,42.2766336111,-83.6907691667,59.0,0.179999992251,0.0,,6.0,,,0.0,,25.3800048828,2.0,203.0,,,,
121.55327787,560,412,100100,42.2766336111,-83.6907691667,60.0,0.179999992251,0.0,,6.0,,,0.0,,25.3800048828,2.0,203.0,,,,
121.55327787,560,412,100800,42.2766616667,-83.6915486111,60.0,0.179999992251,0.0,,6.0,,,0.0,,26.3599853516,2.0,203.0,,,,
121.55327787,560,412,101800,42.2766616667,-83.6915486111,60.0,0.179999992251,0.0,,6.0,,,0.0,,27.3299865723,2.0,203.0,,,,
121.55327787,560,412,102900,42.2766616667,-83.6915486111,60.0,0.179999992251,0.0,,6.0,,,0.0,,26.8500061035,2.0,203.0,,,,
121.55327787,560,412,103900,42.2766708333,-83.6921625,60.0,0.179999992251,0.0,,6.0,,,0.0,,25.8699951172,2.0,203.0,,,,
121.55327787,560,412,104500,42.2766708333,-83.6921625,60.0,0.179999992251,0.0,,6.0,,,0.0,,25.8699951172,2.0,204.0,,,,
121.55327787,560,412,105000,42.2766708333,-83.6921625,60.0,0.179999992251,0.0,,6.0,,,0.0,,27.8200073242,2.0,204.0,,,,
121.55327787,560,412,105300,42.2766708333,-83.6921625,61.0,0.179999992251,0.0,,6.0,,,0.0,,27.8200073242,2.0,204.0,,,,
121.55327787,560,412,106000,42.2766708333,-83.6921625,61.0,0.179999992251,0.0,,6.0,,,0.0,,25.3800048828,2.0,204.0,,,,
121.55327787,560,412,106900,42.2767161111,-83.6927752778,61.0,0.179999992251,0.0,,6.0,,,0.0,,25.3800048828,2.0,204.0,,,,
121.55327787,560,412,107000,42.2767161111,-83.6927752778,61.0,0.179999992251,0.0,,6.0,,,0.0,,27.8200073242,2.0,204.0,,,,
121.55327787,560,412,108100,42.2767161111,-83.6927752778,61.0,0.179999992251,0.0,,6.0,,,0.0,,-1.5,2.0,204.0,,,,
121.55327787,560,412,108400,42.2767161111,-83.6927752778,62.0,0.179999992251,0.0,,6.0,,,0.0,,-1.5,2.0,204.0,,,,
121.55327787,560,412,109100,42.2767161111,-83.6927752778,62.0,0.179999992251,0.0,,6.0,,,0.0,,-3.95001220703,2.0,204.0,,,,
121.55327787,560,412,109500,42.2767161111,-83.6927752778,62.0,0.179999992251,0.0,,6.0,,,0.0,,-3.95001220703,2.0,199.0,,,,
121.55327787,560,412,109900,42.276785,-83.6934308333,62.0,0.179999992251,0.0,,6.0,,,0.0,,-3.95001220703,2.0,199.0,,,,
121.55327787,560,412,110200,42.276785,-83.6934308333,62.0,0.179999992251,0.0,,6.0,,,0.0,,0.450012207031,2.0,199.0,,,,
121.55327787,560,412,110500,42.276785,-83.6934308333,64.0,0.179999992251,0.0,,6.0,,,0.0,,0.450012207031,2.0,199.0,,,,
121.55327787,560,412,111200,42.276785,-83.6934308333,64.0,0.179999992251,0.0,,6.0,,,0.0,,4.35998535156,2.0,199.0,,,,
121.55327787,560,412,112200,42.276785,-83.6934308333,64.0,0.179999992251,0.0,,6.0,,,0.0,,-9.32000732422,2.0,199.0,,,,
121.55327787,560,412,112600,42.276785,-83.6934308333,65.0,0.179999992251,0.0,,6.0,,,0.0,,-9.32000732422,2.0,199.0,,,,
121.55327787,560,412,113000,42.276855,-83.6941119444,65.0,0.179999992251,0.0,,6.0,,,0.0,,-9.32000732422,2.0,199.0,,,,
121.55327787,560,412,113300,42.276855,-83.6941119444,65.0,0.179999992251,0.0,,6.0,,,0.0,,-16.1700134277,2.0,199.0,,,,
121.55327787,560,412,114300,42.276855,-83.6941119444,65.0,0.179999992251,0.0,,6.0,,,0.0,,-1.01000976563,2.0,199.0,,,,
121.55327787,560,412,114600,42.276855,-83.6941119444,66.0,0.179999992251,0.0,,6.0,,,0.0,,-1.01000976563,2.0,198.0,,,,
121.55327787,560,412,115400,42.276855,-83.6941119444,66.0,0.179999992251,0.0,,6.0,,,0.0,,-11.7699890137,2.0,198.0,,,,
121.55327787,560,412,115800,42.27693,-83.6948005556,66.0,0.179999992251,0.0,,6.0,,,0.0,,-11.7699890137,2.0,198.0,,,,
121.55327787,560,412,116400,42.27693,-83.6948005556,66.0,0.179999992251,0.0,,6.0,,,0.0,,27.8200073242,2.0,198.0,,,,
121.55327787,560,412,116700,42.27693,-83.6948005556,65.0,0.179999992251,0.0,,6.0,,,0.0,,27.8200073242,2.0,198.0,,,,
121.55327787,560,412,117400,42.27693,-83.6948005556,65.0,0.179999992251,0.0,,6.0,,,0.0,,11.6900024414,2.0,198.0,,,,
121.55327787,560,412,117800,42.27693,-83.6948005556,64.0,0.179999992251,0.0,,6.0,,,0.0,,11.6900024414,2.0,198.0,,,,
121.55327787,560,412,118500,42.27693,-83.6948005556,64.0,0.179999992251,0.0,,6.0,,,0.0,,21.9599914551,2.0,198.0,,,,
121.55327787,560,412,118800,42.27693,-83.6948005556,62.0,0.179999992251,0.0,,6.0,,,0.0,,21.9599914551,2.0,198.0,,,,
121.55327787,560,412,118900,42.2770169444,-83.6954558333,62.0,0.179999992251,0.0,,6.0,,,0.0,,21.9599914551,2.0,198.0,,,,
121.55327787,560,412,119500,42.2770169444,-83.6954558333,62.0,0.179999992251,0.0,,6.0,,,0.0,,18.5400085449,2.0,198.0,,,,
121.55327787,560,412,119600,42.2770169444,-83.6954558333,62.0,0.179999992251,0.0,,6.0,,,0.0,,18.5400085449,2.0,201.0,,,,
121.55327787,560,412,119800,42.2770169444,-83.6954558333,61.0,0.179999992251,0.0,,6.0,,,0.0,,18.5400085449,2.0,201.0,,,,
121.55327787,560,412,120600,42.2770169444,-83.6954558333,61.0,0.179999992251,0.0,,6.0,,,0.0,,5.82998657227,2.0,201.0,,,,
121.55327787,560,412,120900,42.2770169444,-83.6954558333,60.0,0.179999992251,0.0,,6.0,,,0.0,,5.82998657227,2.0,201.0,,,,
121.55327787,560,412,121600,42.2770169444,-83.6954558333,60.0,0.179999992251,0.0,,6.0,,,0.0,,9.25,2.0,201.0,,,,
121.55327787,560,412,121900,42.2771122222,-83.6960786111,59.0,0.179999992251,0.0,,6.0,,,0.0,,9.25,2.0,201.0,,,,
121.55327787,560,412,122600,42.2771122222,-83.6960786111,59.0,0.179999992251,0.0,,6.0,,,0.0,,12.1799926758,2.0,201.0,,,,
121.55327787,560,412,123000,42.2771122222,-83.6960786111,58.0,0.179999992251,0.0,,6.0,,,0.0,,12.1799926758,2.0,201.0,,,,
121.55327787,560,412,123400,42.2771122222,-83.6960786111,58.0,0.170000001788,0.0,,6.0,,,0.0,,12.1799926758,2.0,201.0,,,,
121.55327787,560,412,123700,42.2771122222,-83.6960786111,58.0,0.170000001788,0.0,,6.0,,,0.0,,11.6900024414,2.0,201.0,,,,
121.55327787,560,412,124000,42.2771122222,-83.6960786111,57.0,0.170000001788,0.0,,6.0,,,0.0,,11.6900024414,2.0,201.0,,,,
121.55327787,560,412,124600,42.2771122222,-83.6960786111,57.0,0.170000001788,0.0,,6.0,,,0.0,,11.6900024414,2.0,203.5,,,,
121.55327787,560,412,125000,42.2771841667,-83.6966766667,55.0,0.170000001788,0.0,,6.0,,,0.0,,11.6900024414,2.0,203.5,,,,
121.55327787,560,412,125800,42.2771841667,-83.6966766667,55.0,0.170000001788,0.0,,6.0,,,0.0,,24.3999938965,2.0,203.5,,,,
121.55327787,560,412,126100,42.2771841667,-83.6966766667,54.0,0.170000001788,0.0,,6.0,,,0.0,,24.3999938965,2.0,203.5,,,,
121.55327787,560,412,126800,42.2771841667,-83.6966766667,54.0,0.170000001788,0.0,,6.0,,,0.0,,31.7300109863,2.0,203.5,,,,
121.55327787,560,412,127100,42.2771841667,-83.6966766667,53.0,0.170000001788,0.0,,6.0,,,0.0,,31.7300109863,2.0,203.5,,,,
121.55327787,560,412,127400,42.2771841667,-83.6966766667,53.0,0.179999992251,0.0,,6.0,,,0.0,,31.7300109863,2.0,203.5,,,,
121.55327787,560,412,127800,42.2772666667,-83.6972241667,53.0,0.179999992251,0.0,,6.0,,,0.0,,103.089996338,2.0,203.5,,,,
121.55327787,560,412,128200,42.2772666667,-83.6972241667,50.0,0.179999992251,0.0,,6.0,,,0.0,,103.089996338,2.0,203.5,,,,
121.55327787,560,412,128900,42.2772666667,-83.6972241667,50.0,0.179999992251,0.0,,6.0,,,0.0,,91.3600006104,2.0,203.5,,,,
121.55327787,560,412,129200,42.2772666667,-83.6972241667,47.0,0.179999992251,0.0,,6.0,,,0.0,,91.3600006104,2.0,203.5,,,,
121.55327787,560,412,129700,42.2772666667,-83.6972241667,47.0,0.179999992251,0.0,,6.0,,,0.0,,91.3600006104,2.0,213.5,,,,
121.55327787,560,412,129900,42.2772666667,-83.6972241667,47.0,0.179999992251,0.0,,6.0,,,0.0,,77.6799926758,2.0,213.5,,,,
121.55327787,560,412,130200,42.2772666667,-83.6972241667,41.0,0.179999992251,0.0,,6.0,,,0.0,,77.6799926758,2.0,213.5,,,,
121.55327787,560,412,130900,42.2773355556,-83.6976497222,41.0,0.179999992251,0.0,,6.0,,,0.0,,77.6799926758,2.0,213.5,,,,
121.55327787,560,412,131000,42.2773355556,-83.6976497222,41.0,0.179999992251,0.0,,6.0,,,0.0,,71.3200073242,2.0,213.5,,,,
121.55327787,560,412,131300,42.2773355556,-83.6976497222,37.0,0.179999992251,0.0,,6.0,,,0.0,,71.3200073242,2.0,213.5,,,,
121.55327787,560,412,132000,42.2773355556,-83.6976497222,37.0,0.179999992251,0.0,,6.0,,,0.0,,77.1900024414,2.0,213.5,,,,
121.55327787,560,412,132400,42.2773355556,-83.6976497222,32.0,0.179999992251,0.0,,6.0,,,0.0,,77.1900024414,2.0,213.5,,,,
121.55327787,560,412,133100,42.2773355556,-83.6976497222,32.0,0.179999992251,0.0,,6.0,,,0.0,,80.1199951172,2.0,213.5,,,,
121.55327787,560,412,133400,42.2773355556,-83.6976497222,27.0,0.179999992251,0.0,,6.0,,,0.0,,80.1199951172,2.0,213.5,,,,
121.55327787,560,412,133900,42.2774119444,-83.6979188889,27.0,0.179999992251,0.0,,6.0,,,0.0,,80.1199951172,2.0,213.5,,,,
121.55327787,560,412,134200,42.2774119444,-83.6979188889,27.0,0.179999992251,0.0,,6.0,,,0.0,,45.9100036621,2.0,213.5,,,,
121.55327787,560,412,134500,42.2774119444,-83.6979188889,20.0,0.179999992251,0.0,,6.0,,,0.0,,45.9100036621,2.0,213.5,,,,
121.55327787,560,412,134800,42.2774119444,-83.6979188889,20.0,0.179999992251,0.0,,6.0,,,0.0,,45.9100036621,2.0,206.5,,,,
121.55327787,560,412,135200,42.2774119444,-83.6979188889,20.0,0.179999992251,0.0,,6.0,,,0.0,,33.6900024414,2.0,206.5,,,,
121.55327787,560,412,135600,42.2774119444,-83.6979188889,16.0,0.179999992251,0.0,,6.0,,,0.0,,33.6900024414,2.0,206.5,,,,
121.55327787,560,412,136200,42.2774119444,-83.6979188889,16.0,0.179999992251,0.0,,6.0,,,0.0,,20.0,2.0,206.5,,,,
121.55327787,560,412,136600,42.2774119444,-83.6979188889,12.0,0.179999992251,0.0,,6.0,,,0.0,,20.0,2.0,206.5,,,,
121.55327787,560,412,136900,42.2774502778,-83.6980661111,12.0,0.179999992251,0.0,,6.0,,,0.0,,20.0,2.0,206.5,,,,
121.55327787,560,412,137200,42.2774502778,-83.6980661111,12.0,0.179999992251,0.0,,6.0,,,0.0,,7.29998779297,2.0,206.5,,,,
121.55327787,560,412,137600,42.2774502778,-83.6980661111,9.0,0.179999992251,0.0,,6.0,,,0.0,,7.29998779297,2.0,206.5,,,,
121.55327787,560,412,138300,42.2774502778,-83.6980661111,9.0,0.179999992251,0.0,,6.0,,,0.0,,-2.9700012207,2.0,206.5,,,,
121.55327787,560,412,138700,42.2774502778,-83.6980661111,5.0,0.179999992251,0.0,,6.0,,,0.0,,-2.9700012207,2.0,206.5,,,,
121.55327787,560,412,139300,42.2774502778,-83.6980661111,5.0,0.179999992251,0.0,,6.0,,,0.0,,-1.5,2.0,206.5,,,,
121.55327787,560,412,139700,42.2774502778,-83.6980661111,3.0,0.179999992251,0.0,,6.0,,,0.0,,-1.5,2.0,206.5,,,,
121.55327787,560,412,139800,42.2774502778,-83.6980661111,3.0,0.179999992251,0.0,,6.0,,,0.0,,-1.5,2.0,201.0,,,,
121.55327787,560,412,139900,42.2774661111,-83.6981102778,3.0,0.179999992251,0.0,,6.0,,,0.0,,-1.5,2.0,201.0,,,,
121.55327787,560,412,141500,42.2774661111,-83.6981102778,3.0,0.170000001788,0.0,,6.0,,,0.0,,-1.5,2.0,201.0,,,,
121.55327787,560,412,142300,42.2774661111,-83.6981102778,0.0,0.170000001788,0.0,,6.0,,,0.0,,-1.5,2.0,201.0,,,,
121.55327787,560,412,142400,42.2774661111,-83.6981102778,0.0,0.179999992251,0.0,,6.0,,,0.0,,-1.5,2.0,201.0,,,,
121.55327787,560,412,142500,42.2774661111,-83.6981102778,0.0,0.179999992251,0.0,,5.0,,,0.0,,-1.5,2.0,201.0,,,,
121.55327787,560,412,142700,42.2774661111,-83.6981102778,0.0,0.179999992251,0.0,,5.0,,,0.0,,-1.5,5.0,201.0,,,,
121.55327787,560,412,147300,42.2774661111,-83.6981102778,0.0,0.179999992251,0.0,,5.0,,,0.0,,-1.5,5.0,200.5,,,,
121.55327787,560,412,147600,42.2774661111,-83.6981102778,0.0,0.179999992251,0.0,,5.0,,,0.0,,-1.98999023438,5.0,200.5,,,,
121.55327787,560,412,149600,42.2774661111,-83.6981102778,0.0,0.179999992251,0.0,,5.0,,,0.0,,-1.5,5.0,200.5,,,,
121.55327787,560,412,150300,42.2774661111,-83.6981102778,0.0,0.179999992251,0.0,,5.0,,,0.0,,-1.5,5.0,200.5,,,,
121.55327787,560,412,151700,42.2774661111,-83.6981102778,0.0,0.179999992251,0.0,,5.0,,,0.0,,-1.98999023438,5.0,200.5,,,,
121.55327787,560,412,152500,42.2774661111,-83.6981102778,0.0,0.170000001788,0.0,,5.0,,,0.0,,-1.98999023438,5.0,200.5,,,,
121.55327787,560,412,152800,42.2774661111,-83.6981102778,0.0,0.170000001788,0.0,,5.0,,,0.0,,-1.5,5.0,200.5,,,,
121.55327787,560,412,157400,42.2774661111,-83.6981102778,0.0,0.170000001788,0.0,,5.0,,,0.0,,-1.5,5.0,200.0,,,,
121.55327787,560,412,158000,42.2774661111,-83.6981102778,0.0,0.170000001788,0.0,,5.0,,,0.0,,-2.9700012207,5.0,200.0,,,,
121.55327787,560,412,160000,42.2774661111,-83.6981102778,0.0,0.170000001788,0.0,,5.0,,,0.0,,-2.48001098633,5.0,200.0,,,,
121.55327787,560,412,167500,42.2774661111,-83.6981102778,0.0,0.170000001788,0.0,,5.0,,,0.0,,-2.48001098633,5.0,199.5,,,,
121.55327787,560,412,168500,42.2774661111,-83.6981102778,0.0,0.170000001788,0.0,,5.0,,,0.0,,-2.9700012207,5.0,199.5,,,,
121.55327787,560,412,169500,42.2774661111,-83.6981102778,0.0,0.170000001788,0.0,,5.0,,,0.0,,-2.48001098633,5.0,199.5,,,,
121.55327787,560,412,169800,42.2775044444,-83.6981888889,0.0,0.170000001788,0.0,,5.0,,,0.0,,-2.48001098633,5.0,199.5,,,,
121.55327787,560,412,171600,42.2775044444,-83.6981888889,0.0,0.170000001788,0.0,,5.0,,,0.0,,-1.5,5.0,199.5,,,,
121.55327787,560,412,172600,42.2775044444,-83.6981888889,0.0,0.179999992251,0.0,,5.0,,,0.0,,-1.5,5.0,200.0,,,,
121.55327787,560,412,175800,42.2775044444,-83.6981888889,0.0,0.179999992251,0.0,,5.0,,,0.0,,-1.98999023438,5.0,200.0,,,,
121.55327787,560,412,176800,42.2775044444,-83.6981888889,0.0,0.179999992251,0.0,,5.0,,,0.0,,-1.5,5.0,200.0,,,,
121.55327787,560,412,177600,42.2775044444,-83.6981888889,0.0,0.179999992251,0.0,,5.0,,,0.0,,-1.5,5.0,199.5,,,,
121.55327787,560,412,177700,42.2775044444,-83.6981888889,0.0,0.170000001788,0.0,,5.0,,,0.0,,-1.5,5.0,199.5,,,,
121.55327787,560,412,177800,42.2775044444,-83.6981888889,0.0,0.170000001788,0.0,,5.0,,,0.0,,-1.98999023438,5.0,199.5,,,,
121.55327787,560,412,178900,42.2775044444,-83.6981888889,0.0,0.170000001788,0.0,,5.0,,,0.0,,-1.5,5.0,199.5,,,,
121.55327787,560,412,186200,42.2775044444,-83.6981888889,0.0,0.170000001788,0.0,,5.0,,,0.0,,-1.98999023438,5.0,199.5,,,,
121.55327787,560,412,187200,42.2775044444,-83.6981888889,0.0,0.170000001788,0.0,,5.0,,,0.0,,-1.5,5.0,199.5,,,,
121.55327787,560,412,188200,42.2775044444,-83.6981888889,0.0,0.170000001788,0.0,,5.0,,,0.0,,-1.98999023438,5.0,199.5,,,,
121.55327787,560,412,189300,42.2775044444,-83.6981888889,0.0,0.170000001788,0.0,,5.0,,,0.0,,-1.5,5.0,199.5,,,,
121.55327787,560,412,191400,42.2775044444,-83.6981888889,0.0,0.170000001788,0.0,,5.0,,,0.0,,-1.98999023438,5.0,199.5,,,,
121.55327787,560,412,192400,42.2775044444,-83.6981888889,0.0,0.170000001788,0.0,,5.0,,,0.0,,-1.5,5.0,199.5,,,,
121.55327787,560,412,192800,42.2775044444,-83.6981888889,0.0,0.179999992251,0.0,,5.0,,,0.0,,-1.5,5.0,199.5,,,,
121.55327787,560,412,196600,42.2775044444,-83.6981888889,0.0,0.179999992251,0.0,,5.0,,,0.0,,-1.98999023438,5.0,199.5,,,,
121.55327787,560,412,197600,42.2775044444,-83.6981888889,0.0,0.179999992251,0.0,,5.0,,,0.0,,-1.5,5.0,199.5,,,,
121.55327787,560,412,197800,42.2775044444,-83.6981888889,0.0,0.179999992251,0.0,,5.0,,,0.0,,-1.5,5.0,198.0,,,,
121.55327787,560,412,198900,42.2775627778,-83.6982580556,0.0,0.179999992251,0.0,,5.0,,,0.0,,-1.5,5.0,198.0,,,,
121.55327787,560,412,199000,42.2775627778,-83.6982580556,7.0,0.179999992251,0.0,,5.0,,,0.0,,-1.5,5.0,198.0,,,,
121.55327787,560,412,199100,42.2775627778,-83.6982580556,7.0,0.179999992251,855.0,,5.0,,,0.0,,-1.5,5.0,198.0,,,,
121.55327787,560,412,199200,42.2775627778,-83.6982580556,7.0,2.48000001907,855.0,,5.0,,,0.0,,-1.5,5.0,198.0,,,,
121.55327787,560,412,199600,42.2775627778,-83.6982580556,7.0,2.48000001907,855.0,,5.0,,,0.0,,-1.5,5.0,189.0,,,,
121.55327787,560,412,199700,42.2775627778,-83.6982580556,7.0,2.48000001907,855.0,,5.0,,,0.0,,-40.6000061035,5.0,189.0,,,,
121.55327787,560,412,201100,42.2775627778,-83.6982580556,14.0,2.48000001907,965.0,,5.0,,,0.0,,-40.6000061035,5.0,189.0,,,,
121.55327787,560,412,201200,42.2775627778,-83.6982580556,14.0,6.09999990463,965.0,,5.0,,,0.0,,-40.6000061035,5.0,189.0,,,,
121.55327787,560,412,201800,42.2775961111,-83.6984141667,14.0,6.09999990463,965.0,,5.0,,,0.0,,-27.4100036621,5.0,189.0,,,,
121.55327787,560,412,202200,42.2775961111,-83.6984141667,17.0,6.09999990463,965.0,,5.0,,,0.0,,-27.4100036621,5.0,189.0,,,,
121.55327787,560,412,202800,42.2775961111,-83.6984141667,17.0,6.09999990463,965.0,,5.0,,,0.0,,-18.6099853516,5.0,189.0,,,,
121.55327787,560,412,203200,42.2775961111,-83.6984141667,22.0,6.38999986649,1001.0,,5.0,,,0.0,,-18.6099853516,5.0,189.0,,,,
121.55327787,560,412,203900,42.2775961111,-83.6984141667,22.0,6.38999986649,1001.0,,5.0,,,0.0,,-20.5599975586,5.0,189.0,,,,
121.55327787,560,412,204300,42.2775961111,-83.6984141667,25.0,6.38999986649,1001.0,,5.0,,,0.0,,-20.5599975586,5.0,189.0,,,,
121.55327787,560,412,204600,42.2775961111,-83.6984141667,25.0,6.38999986649,1001.0,,5.0,,,0.0,,-20.5599975586,5.0,196.0,,,,
121.55327787,560,412,204900,42.2775961111,-83.6984141667,25.0,6.38999986649,1001.0,,5.0,,,0.0,,-25.9400024414,5.0,196.0,,,,
121.55327787,560,412,205000,42.2776227778,-83.6986522222,25.0,6.38999986649,1001.0,,5.0,,,0.0,,-25.9400024414,5.0,196.0,,,,
121.55327787,560,412,205200,42.2776227778,-83.6986522222,25.0,9.0,1120.0,,5.0,,,0.0,,-25.9400024414,5.0,196.0,,,,
121.55327787,560,412,205300,42.2776227778,-83.6986522222,27.0,9.0,1120.0,,5.0,,,0.0,,-25.9400024414,5.0,196.0,,,,
121.55327787,560,412,206000,42.2776227778,-83.6986522222,27.0,9.0,1120.0,,5.0,,,0.0,,-50.3800048828,5.0,196.0,,,,
121.55327787,560,412,206400,42.2776227778,-83.6986522222,29.0,9.0,1120.0,,5.0,,,0.0,,-50.3800048828,5.0,196.0,,,,
121.55327787,560,412,207000,42.2776227778,-83.6986522222,29.0,9.0,1120.0,,5.0,,,0.0,,-18.6099853516,5.0,196.0,,,,
121.55327787,560,412,207200,42.2776227778,-83.6986522222,29.0,12.5999994278,1433.0,,5.0,,,0.0,,-18.6099853516,5.0,196.0,,,,
121.55327787,560,412,207400,42.2776227778,-83.6986522222,33.0,12.5999994278,1433.0,,5.0,,,0.0,,-18.6099853516,5.0,196.0,,,,
121.55327787,560,412,208000,42.2776736111,-83.6989605556,33.0,12.5999994278,1433.0,,5.0,,,0.0,,-28.3800048828,5.0,196.0,,,,
121.55327787,560,412,208400,42.2776736111,-83.6989605556,35.0,12.5999994278,1433.0,,5.0,,,0.0,,-28.3800048828,5.0,196.0,,,,
121.55327787,560,412,209100,42.2776736111,-83.6989605556,35.0,12.5999994278,1433.0,,5.0,,,0.0,,-10.7900085449,5.0,196.0,,,,
121.55327787,560,412,209200,42.2776736111,-83.6989605556,35.0,0.919999957085,114.0,,5.0,,,0.0,,-10.7900085449,5.0,196.0,,,,
121.55327787,560,412,209600,42.2776736111,-83.6989605556,35.0,0.919999957085,114.0,,5.0,,,0.0,,-10.7900085449,5.0,192.5,,,,
121.55327787,560,412,210100,42.2776736111,-83.6989605556,35.0,0.919999957085,114.0,,5.0,,,0.0,,-47.9299926758,5.0,192.5,,,,
121.55327787,560,412,210300,42.2776736111,-83.6989605556,35.0,0.919999957085,114.0,,5.0,,,0.0,,-47.9299926758,5.0,192.5,,,,
121.55327787,560,412,210500,42.2776736111,-83.6989605556,36.0,0.919999957085,114.0,,5.0,,,0.0,,-47.9299926758,5.0,192.5,,,,
121.55327787,560,412,210900,42.2777411111,-83.6993063889,36.0,0.919999957085,114.0,,5.0,,,0.0,,-47.9299926758,5.0,192.5,,,,
121.55327787,560,412,211200,42.2777411111,-83.6993063889,36.0,0.199999988079,0.0,,5.0,,,0.0,,-41.5799865723,5.0,192.5,,,,
121.55327787,560,412,211600,42.2777411111,-83.6993063889,37.0,0.199999988079,0.0,,5.0,,,0.0,,-41.5799865723,5.0,192.5,,,,
121.55327787,560,412,212200,42.2777411111,-83.6993063889,37.0,0.199999988079,0.0,,5.0,,,0.0,,-77.75,5.0,192.5,,,,
121.55327787,560,412,212600,42.2777411111,-83.6993063889,38.0,0.199999988079,0.0,,5.0,,,0.0,,-77.75,5.0,192.5,,,,
121.55327787,560,412,213200,42.2777411111,-83.6993063889,38.0,0.179999992251,0.0,,5.0,,,0.0,,-93.8800048828,5.0,192.5,,,,
121.55327787,560,412,213600,42.2777411111,-83.6993063889,40.0,0.179999992251,0.0,,5.0,,,0.0,,-93.8800048828,5.0,192.5,,,,
121.55327787,560,412,213900,42.2778058333,-83.69968,40.0,0.179999992251,0.0,,5.0,,,0.0,,-93.8800048828,5.0,192.5,,,,
121.55327787,560,412,214300,42.2778058333,-83.69968,40.0,0.179999992251,0.0,,5.0,,,0.0,,-82.1499938965,5.0,192.5,,,,
121.55327787,560,412,214700,42.2778058333,-83.69968,41.0,0.179999992251,0.0,,5.0,,,0.0,,-82.1499938965,5.0,180.5,,,,
121.55327787,560,412,215200,42.2778058333,-83.69968,41.0,2.42999982834,1048.0,,5.0,,,0.0,,-82.1499938965,5.0,180.5,,,,
121.55327787,560,412,215300,42.2778058333,-83.69968,41.0,2.42999982834,1048.0,,5.0,,,0.0,,-165.730010986,5.0,180.5,,,,
121.55327787,560,412,215700,42.2778058333,-83.69968,43.0,2.42999982834,1048.0,,5.0,,,0.0,,-165.730010986,5.0,180.5,,,,
121.55327787,560,412,216400,42.2778058333,-83.69968,43.0,2.42999982834,1048.0,,5.0,,,0.0,,-61.1300048828,5.0,180.5,,,,
121.55327787,560,412,216800,42.2778058333,-83.69968,44.0,2.42999982834,1048.0,,5.0,,,0.0,,-61.1300048828,5.0,180.5,,,,
121.55327787,560,412,217000,42.2778566667,-83.7001041667,44.0,2.42999982834,1048.0,,5.0,,,0.0,,-61.1300048828,5.0,180.5,,,,
121.55327787,560,412,217200,42.2778566667,-83.7001041667,44.0,0.599999964237,392.0,,5.0,,,0.0,,-61.1300048828,5.0,180.5,,,,
121.55327787,560,412,217400,42.2778566667,-83.7001041667,44.0,0.599999964237,392.0,,5.0,,,0.0,,-66.5100097656,5.0,180.5,,,,
121.55327787,560,412,217800,42.2778566667,-83.7001041667,45.0,0.599999964237,392.0,,5.0,,,0.0,,-66.5100097656,5.0,180.5,,,,
121.55327787,560,412,218400,42.2778566667,-83.7001041667,45.0,0.599999964237,392.0,,5.0,,,0.0,,-58.6900024414,5.0,180.5,,,,
121.55327787,560,412,219200,42.2778566667,-83.7001041667,45.0,0.310000002384,0.0,,5.0,,,0.0,,-58.6900024414,5.0,180.5,,,,
121.55327787,560,412,219500,42.2778566667,-83.7001041667,45.0,0.310000002384,0.0,,5.0,,,0.0,,-50.3800048828,5.0,180.5,,,,
121.55327787,560,412,219700,42.2778566667,-83.7001041667,45.0,0.310000002384,0.0,,5.0,,,0.0,,-50.3800048828,5.0,191.5,,,,
121.55327787,560,412,219900,42.2778566667,-83.7001041667,46.0,0.310000002384,0.0,,5.0,,,0.0,,-50.3800048828,5.0,191.5,,,,
121.55327787,560,412,220000,42.2779336111,-83.7005469444,46.0,0.310000002384,0.0,,5.0,,,0.0,,-50.3800048828,5.0,191.5,,,,
121.55327787,560,412,220500,42.2779336111,-83.7005469444,46.0,0.310000002384,0.0,,5.0,,,0.0,,-30.8299865723,5.0,191.5,,,,
121.55327787,560,412,221200,42.2779336111,-83.7005469444,46.0,0.179999992251,0.0,,5.0,,,0.0,,-30.8299865723,5.0,191.5,,,,
121.55327787,560,412,221600,42.2779336111,-83.7005469444,46.0,0.179999992251,0.0,,5.0,,,0.0,,-36.200012207,5.0,191.5,,,,
121.55327787,560,412,222600,42.2779336111,-83.7005469444,46.0,0.179999992251,0.0,,5.0,,,0.0,,-77.75,5.0,191.5,,,,
121.55327787,560,412,222800,42.2780836111,-83.7009580556,46.0,0.179999992251,0.0,,5.0,,,0.0,,-77.75,5.0,191.5,,,,
121.55327787,560,412,223000,42.2780836111,-83.7009580556,47.0,0.179999992251,0.0,,5.0,,,0.0,,-77.75,5.0,191.5,,,,
121.55327787,560,412,223200,42.2780836111,-83.7009580556,47.0,15.2299995422,1660.0,,5.0,,,0.0,,-77.75,5.0,191.5,,,,
121.55327787,560,412,223600,42.2780836111,-83.7009580556,47.0,15.2299995422,1660.0,,5.0,,,0.0,,5.33999633789,5.0,191.5,,,,
121.55327787,560,412,224000,42.2780836111,-83.7009580556,48.0,15.2299995422,1660.0,,5.0,,,0.0,,5.33999633789,5.0,191.5,,,,
121.55327787,560,412,224700,42.2780836111,-83.7009580556,48.0,15.2299995422,1660.0,,5.0,,,0.0,,-2.48001098633,5.0,191.5,,,,
121.55327787,560,412,224800,42.2780836111,-83.7009580556,48.0,15.2299995422,1660.0,,5.0,,,0.0,,-2.48001098633,5.0,197.5,,,,
121.55327787,560,412,225100,42.2780836111,-83.7009580556,49.0,15.2299995422,1660.0,,5.0,,,0.0,,-2.48001098633,5.0,197.5,,,,
121.55327787,560,412,225200,42.2780836111,-83.7009580556,49.0,13.8499994278,1680.0,,5.0,,,0.0,,-2.48001098633,5.0,197.5,,,,
121.55327787,560,412,225700,42.2780836111,-83.7009580556,49.0,13.8499994278,1680.0,,5.0,,,0.0,,13.1600036621,5.0,197.5,,,,
121.55327787,560,412,225900,42.2782925,-83.7013758333,49.0,13.8499994278,1680.0,,5.0,,,0.0,,13.1600036621,5.0,197.5,,,,
121.55327787,560,412,226100,42.2782925,-83.7013758333,50.0,13.8499994278,1680.0,,5.0,,,0.0,,13.1600036621,5.0,197.5,,,,
121.55327787,560,412,226800,42.2782925,-83.7013758333,50.0,13.8499994278,1680.0,,5.0,,,0.0,,-1.01000976563,5.0,197.5,,,,
121.55327787,560,412,227200,42.2782925,-83.7013758333,51.0,9.53999996185,1196.0,,5.0,,,0.0,,-1.01000976563,5.0,197.5,,,,
121.55327787,560,412,227800,42.2782925,-83.7013758333,51.0,9.53999996185,1196.0,,5.0,,,0.0,,-6.88000488281,5.0,197.5,,,,
121.55327787,560,412,228200,42.2782925,-83.7013758333,52.0,9.53999996185,1196.0,,5.0,,,0.0,,-6.88000488281,5.0,197.5,,,,
121.55327787,560,412,228800,42.2782925,-83.7013758333,52.0,9.53999996185,1196.0,,5.0,,,0.0,,-14.2099914551,5.0,197.5,,,,
121.55327787,560,412,228900,42.2785202778,-83.7018222222,52.0,9.53999996185,1196.0,,5.0,,,0.0,,-14.2099914551,5.0,197.5,,,,
121.55327787,560,412,229200,42.2785202778,-83.7018222222,53.0,10.2899999619,1294.0,,5.0,,,0.0,,-14.2099914551,5.0,197.5,,,,
121.55327787,560,412,229800,42.2785202778,-83.7018222222,53.0,10.2899999619,1294.0,,5.0,,,0.0,,-14.2099914551,5.0,195.5,,,,
121.55327787,560,412,229900,42.2785202778,-83.7018222222,53.0,10.2899999619,1294.0,,5.0,,,0.0,,-13.2300109863,5.0,195.5,,,,
121.55327787,560,412,230300,42.2785202778,-83.7018222222,54.0,10.2899999619,1294.0,,5.0,,,0.0,,-13.2300109863,5.0,195.5,,,,
121.55327787,560,412,230900,42.2785202778,-83.7018222222,54.0,10.2899999619,1294.0,,5.0,,,0.0,,-8.35000610352,5.0,195.5,,,,
121.55327787,560,412,231200,42.2785202778,-83.7018222222,54.0,5.84999990463,1079.0,,5.0,,,0.0,,-8.35000610352,5.0,195.5,,,,
121.55327787,560,412,231300,42.2785202778,-83.7018222222,55.0,5.84999990463,1079.0,,5.0,,,0.0,,-8.35000610352,5.0,195.5,,,,
121.55327787,560,412,232000,42.2787469444,-83.7022891667,55.0,5.84999990463,1079.0,,5.0,,,0.0,,-29.3599853516,5.0,195.5,,,,
121.55327787,560,412,233000,42.2787469444,-83.7022891667,55.0,5.84999990463,1079.0,,5.0,,,0.0,,-64.0599975586,5.0,195.5,,,,
121.55327787,560,412,233200,42.2787469444,-83.7022891667,55.0,5.84999990463,0.0,,5.0,,,0.0,,-64.0599975586,5.0,195.5,,,,
121.55327787,560,412,233300,42.2787469444,-83.7022891667,55.0,2.53999996185,0.0,,5.0,,,0.0,,-64.0599975586,5.0,195.5,,,,
121.55327787,560,412,233400,42.2787469444,-83.7022891667,56.0,2.53999996185,0.0,,5.0,,,0.0,,-64.0599975586,5.0,195.5,,,,
121.55327787,560,412,234100,42.2787469444,-83.7022891667,56.0,2.53999996185,0.0,,5.0,,,0.0,,-40.6000061035,5.0,195.5,,,,
121.55327787,560,412,234800,42.2789802778,-83.7027647222,56.0,2.53999996185,0.0,,5.0,,,0.0,,-40.6000061035,5.0,188.0,,,,
121.55327787,560,412,235200,42.2789802778,-83.7027647222,56.0,2.53999996185,0.0,,5.0,,,0.0,,-70.4200134277,5.0,188.0,,,,
121.55327787,560,412,235300,42.2789802778,-83.7027647222,56.0,0.199999988079,0.0,,5.0,,,0.0,,-70.4200134277,5.0,188.0,,,,
121.55327787,560,412,235600,42.2789802778,-83.7027647222,57.0,0.199999988079,0.0,,5.0,,,0.0,,-70.4200134277,5.0,188.0,,,,
121.55327787,560,412,236200,42.2789802778,-83.7027647222,57.0,0.199999988079,0.0,,5.0,,,0.0,,-62.6000061035,5.0,188.0,,,,
121.55327787,560,412,237300,42.2789802778,-83.7027647222,57.0,0.199999988079,0.0,,5.0,,,0.0,,-46.4700012207,5.0,188.0,,,,
121.55327787,560,412,237400,42.2789802778,-83.7027647222,57.0,0.179999992251,0.0,,5.0,,,0.0,,-46.4700012207,5.0,188.0,,,,
121.55327787,560,412,237600,42.2789802778,-83.7027647222,58.0,0.179999992251,0.0,,5.0,,,0.0,,-46.4700012207,5.0,188.0,,,,
121.55327787,560,412,237900,42.2792258333,-83.7032391667,58.0,0.179999992251,0.0,,5.0,,,0.0,,-46.4700012207,5.0,188.0,,,,
121.55327787,560,412,238300,42.2792258333,-83.7032391667,58.0,0.179999992251,0.0,,5.0,,,0.0,,-28.8699951172,5.0,188.0,,,,
121.55327787,560,412,238600,42.2792258333,-83.7032391667,59.0,0.179999992251,0.0,,5.0,,,0.0,,-28.8699951172,5.0,188.0,,,,
121.55327787,560,412,239400,42.2792258333,-83.7032391667,59.0,0.179999992251,0.0,,5.0,,,0.0,,-35.7200012207,5.0,188.0,,,,
121.55327787,560,412,239700,42.2792258333,-83.7032391667,60.0,0.179999992251,0.0,,5.0,,,0.0,,-35.7200012207,5.0,188.0,,,,
121.55327787,560,412,239800,42.2792258333,-83.7032391667,60.0,0.179999992251,0.0,,5.0,,,0.0,,-35.7200012207,5.0,190.5,,,,
121.55327787,560,412,240400,42.2792258333,-83.7032391667,60.0,0.179999992251,0.0,,5.0,,,0.0,,-36.6900024414,5.0,190.5,,,,
121.55327787,560,412,240700,42.2792258333,-83.7032391667,62.0,0.179999992251,0.0,,5.0,,,0.0,,-36.6900024414,5.0,190.5,,,,
121.55327787,560,412,240900,42.2794894444,-83.7037255556,62.0,0.179999992251,0.0,,5.0,,,0.0,,-36.6900024414,5.0,190.5,,,,
121.55327787,560,412,241400,42.2794894444,-83.7037255556,62.0,0.179999992251,0.0,,5.0,,,0.0,,-19.5899963379,5.0,190.5,,,,
121.55327787,560,412,241800,42.2794894444,-83.7037255556,63.0,0.179999992251,0.0,,5.0,,,0.0,,-19.5899963379,5.0,190.5,,,,
121.55327787,560,412,242500,42.2794894444,-83.7037255556,63.0,0.179999992251,0.0,,5.0,,,0.0,,-45.4899902344,5.0,190.5,,,,
121.55327787,560,412,242800,42.2794894444,-83.7037255556,64.0,0.179999992251,0.0,,5.0,,,0.0,,-45.4899902344,5.0,190.5,,,,
121.55327787,560,412,243200,42.2794894444,-83.7037255556,64.0,0.179999992251,1171.0,,5.0,,,0.0,,-45.4899902344,5.0,190.5,,,,
121.55327787,560,412,243400,42.2794894444,-83.7037255556,64.0,9.84000015259,1171.0,,5.0,,,0.0,,-45.4899902344,5.0,190.5,,,,
121.55327787,560,412,243500,42.2794894444,-83.7037255556,64.0,9.84000015259,1171.0,,5.0,,,0.0,,-2.9700012207,5.0,190.5,,,,
121.55327787,560,412,243800,42.2794894444,-83.7037255556,65.0,9.84000015259,1171.0,,5.0,,,0.0,,-2.9700012207,5.0,190.5,,,,
121.55327787,560,412,244000,42.2797702778,-83.7042561111,65.0,9.84000015259,1171.0,,5.0,,,0.0,,-2.9700012207,5.0,190.5,,,,
121.55327787,560,412,244600,42.2797702778,-83.7042561111,65.0,9.84000015259,1171.0,,5.0,,,0.0,,4.85000610352,5.0,190.5,,,,
121.55327787,560,412,244900,42.2797702778,-83.7042561111,66.0,9.84000015259,1171.0,,5.0,,,0.0,,4.85000610352,5.0,195.5,,,,
121.55327787,560,412,245200,42.2797702778,-83.7042561111,66.0,9.84000015259,1369.0,,5.0,,,0.0,,4.85000610352,5.0,195.5,,,,
121.55327787,560,412,245400,42.2797702778,-83.7042561111,66.0,10.2100000381,1369.0,,5.0,,,0.0,,4.85000610352,5.0,195.5,,,,
121.55327787,560,412,245600,42.2797702778,-83.7042561111,66.0,10.2100000381,1369.0,,5.0,,,0.0,,-7.36999511719,5.0,195.5,,,,
121.55327787,560,412,245900,42.2797702778,-83.7042561111,67.0,10.2100000381,1369.0,,5.0,,,0.0,,-7.36999511719,5.0,195.5,,,,
121.55327787,560,412,246600,42.2797702778,-83.7042561111,67.0,10.2100000381,1369.0,,5.0,,,0.0,,-0.0400085449219,5.0,195.5,,,,
121.55327787,560,412,247000,42.2800630556,-83.7048169444,67.0,10.2100000381,1369.0,,5.0,,,0.0,,-0.0400085449219,5.0,195.5,,,,
121.55327787,560,412,247200,42.2800630556,-83.7048169444,67.0,10.2100000381,1003.0,,5.0,,,0.0,,-0.0400085449219,5.0,195.5,,,,
121.55327787,560,412,247400,42.2800630556,-83.7048169444,67.0,5.13999986649,1003.0,,5.0,,,0.0,,-0.0400085449219,5.0,195.5,,,,
121.55327787,560,412,247700,42.2800630556,-83.7048169444,67.0,5.13999986649,1003.0,,5.0,,,0.0,,12.6700134277,5.0,195.5,,,,
121.55327787,560,412,248700,42.2800630556,-83.7048169444,67.0,5.13999986649,1003.0,,5.0,,,0.0,,-11.7699890137,5.0,195.5,,,,
121.55327787,560,412,249000,42.2800630556,-83.7048169444,66.0,5.13999986649,1003.0,,5.0,,,0.0,,-11.7699890137,5.0,195.5,,,,
121.55327787,560,412,249200,42.2800630556,-83.7048169444,66.0,5.13999986649,1171.0,,5.0,,,0.0,,-11.7699890137,5.0,195.5,,,,
121.55327787,560,412,249400,42.2800630556,-83.7048169444,66.0,11.0699996948,1171.0,,5.0,,,0.0,,-11.7699890137,5.0,195.5,,,,
121.55327787,560,412,249800,42.2800630556,-83.7048169444,66.0,11.0699996948,1171.0,,5.0,,,0.0,,-4.44000244141,5.0,195.5,,,,
121.55327787,560,412,249900,42.2800630556,-83.7048169444,66.0,11.0699996948,1171.0,,5.0,,,0.0,,-4.44000244141,5.0,196.5,,,,
121.55327787,560,412,250800,42.2800630556,-83.7048169444,66.0,11.0699996948,1171.0,,5.0,,,0.0,,-9.80999755859,5.0,196.5,,,,
121.55327787,560,412,250900,42.2804580556,-83.7055691667,66.0,11.0699996948,1171.0,,5.0,,,0.0,,-9.80999755859,5.0,196.5,,,,
121.55327787,560,412,251200,42.2804580556,-83.7055691667,66.0,11.0699996948,1217.0,,5.0,,,0.0,,-9.80999755859,5.0,196.5,,,,
121.55327787,560,412,251400,42.2804580556,-83.7055691667,66.0,9.3499994278,1217.0,,5.0,,,0.0,,-9.80999755859,5.0,196.5,,,,
121.55327787,560,412,251800,42.2804580556,-83.7055691667,66.0,9.3499994278,1217.0,,5.0,,,0.0,,-4.92001342773,5.0,196.5,,,,
121.55327787,560,412,252200,42.2804580556,-83.7055691667,67.0,9.3499994278,1217.0,,5.0,,,0.0,,-4.92001342773,5.0,196.5,,,,
121.55327787,560,412,252900,42.2804580556,-83.7055691667,67.0,9.3499994278,1217.0,,5.0,,,0.0,,-9.80999755859,5.0,196.5,,,,
121.55327787,560,412,253200,42.2804580556,-83.7055691667,67.0,9.3499994278,1267.0,,5.0,,,0.0,,-9.80999755859,5.0,196.5,,,,
121.55327787,560,412,253400,42.2804580556,-83.7055691667,67.0,9.78999996185,1267.0,,5.0,,,0.0,,-9.80999755859,5.0,196.5,,,,
121.55327787,560,412,253900,42.2807630556,-83.7061391667,67.0,9.78999996185,1267.0,,5.0,,,0.0,,-8.35000610352,5.0,196.5,,,,
121.55327787,560,412,255000,42.2807630556,-83.7061391667,67.0,9.78999996185,1267.0,,5.0,,,0.0,,-3.95001220703,5.0,197.0,,,,
121.55327787,560,412,255200,42.2807630556,-83.7061391667,67.0,9.78999996185,1269.0,,5.0,,,0.0,,-3.95001220703,5.0,197.0,,,,
121.55327787,560,412,255400,42.2807630556,-83.7061391667,67.0,9.52999973297,1269.0,,5.0,,,0.0,,-3.95001220703,5.0,197.0,,,,
121.55327787,560,412,256000,42.2807630556,-83.7061391667,67.0,9.52999973297,1269.0,,5.0,,,0.0,,-0.0400085449219,5.0,197.0,,,,
121.55327787,560,412,256300,42.2807630556,-83.7061391667,68.0,9.52999973297,1269.0,,5.0,,,0.0,,-0.0400085449219,5.0,197.0,,,,
121.55327787,560,412,257000,42.2810633333,-83.7067044444,68.0,9.52999973297,1269.0,,5.0,,,0.0,,11.2099914551,5.0,197.0,,,,
121.55327787,560,412,257200,42.2810633333,-83.7067044444,68.0,9.52999973297,1025.0,,5.0,,,0.0,,11.2099914551,5.0,197.0,,,,
121.55327787,560,412,257400,42.2810633333,-83.7067044444,68.0,5.30999994278,1025.0,,5.0,,,0.0,,11.2099914551,5.0,197.0,,,,
121.55327787,560,412,258100,42.2810633333,-83.7067044444,68.0,5.30999994278,1025.0,,5.0,,,0.0,,-12.2600097656,5.0,197.0,,,,
121.55327787,560,412,259000,42.2810633333,-83.7067044444,68.0,5.30999994278,1025.0,,5.0,,,0.0,,-12.2600097656,0.0,197.0,,,,
121.55327787,560,412,259100,42.2810633333,-83.7067044444,68.0,5.30999994278,1025.0,,5.0,,,0.0,,-29.3599853516,0.0,197.0,,,,
121.55327787,560,412,259200,42.2810633333,-83.7067044444,68.0,5.30999994278,1272.0,,5.0,,,0.0,,-29.3599853516,0.0,197.0,,,,
121.55327787,560,412,259400,42.2810633333,-83.7067044444,68.0,9.6799993515,1272.0,,5.0,,,0.0,,-29.3599853516,0.0,197.0,,,,
121.55327787,560,412,259800,42.2813541667,-83.7072811111,68.0,9.6799993515,1272.0,,5.0,,,0.0,,-29.3599853516,0.0,197.0,,,,
121.55327787,560,412,260000,42.2813541667,-83.7072811111,68.0,9.6799993515,1272.0,,5.0,,,0.0,,-29.3599853516,0.0,196.5,,,,
121.55327787,560,412,260200,42.2813541667,-83.7072811111,68.0,9.6799993515,1272.0,,5.0,,,0.0,,-0.0400085449219,0.0,196.5,,,,
121.55327787,560,412,261200,42.2813541667,-83.7072811111,68.0,9.6799993515,1191.0,,5.0,,,0.0,,-7.85998535156,0.0,196.5,,,,
121.55327787,560,412,261400,42.2813541667,-83.7072811111,68.0,8.72999954224,1191.0,,5.0,,,0.0,,-7.85998535156,0.0,196.5,,,,
121.55327787,560,412,262200,42.2813541667,-83.7072811111,68.0,8.72999954224,1191.0,,5.0,,,0.0,,-1.98999023438,0.0,196.5,,,,
121.55327787,560,412,262600,42.2813541667,-83.7072811111,69.0,8.72999954224,1191.0,,5.0,,,0.0,,-1.98999023438,0.0,196.5,,,,
121.55327787,560,412,262900,42.2816430556,-83.7078711111,69.0,8.72999954224,1191.0,,5.0,,,0.0,,-1.98999023438,0.0,196.5,,,,
121.55327787,560,412,263200,42.2816430556,-83.7078711111,69.0,8.72999954224,1143.0,,5.0,,,0.0,,-1.98999023438,0.0,196.5,,,,
121.55327787,560,412,263300,42.2816430556,-83.7078711111,69.0,8.72999954224,1143.0,,5.0,,,0.0,,-1.5,0.0,196.5,,,,
121.55327787,560,412,263400,42.2816430556,-83.7078711111,69.0,8.21000003815,1143.0,,5.0,,,0.0,,-1.5,0.0,196.5,,,,
121.55327787,560,412,264300,42.2816430556,-83.7078711111,69.0,8.21000003815,1143.0,,5.0,,,0.0,,-5.89999389648,0.0,196.5,,,,
121.55327787,560,412,264600,42.2816430556,-83.7078711111,70.0,8.21000003815,1143.0,,5.0,,,0.0,,-5.89999389648,0.0,196.5,,,,
121.55327787,560,412,265000,42.2816430556,-83.7078711111,70.0,8.21000003815,1143.0,,5.0,,,0.0,,-5.89999389648,0.0,197.0,,,,
121.55327787,560,412,265200,42.2816430556,-83.7078711111,70.0,8.21000003815,1155.0,,5.0,,,0.0,,-5.89999389648,0.0,197.0,,,,
121.55327787,560,412,265400,42.2816430556,-83.7078711111,70.0,8.3499994278,1155.0,,5.0,,,0.0,,1.92001342773,0.0,197.0,,,,
121.55327787,560,412,265900,42.2819275,-83.7083877778,70.0,8.3499994278,1155.0,,5.0,,,0.0,,1.92001342773,0.0,197.0,,,,
121.55327787,560,412,266400,42.2819275,-83.7083877778,70.0,8.3499994278,1155.0,,5.0,,,0.0,,-1.5,0.0,197.0,,,,
121.55327787,560,412,267200,42.2819275,-83.7083877778,70.0,8.3499994278,1079.0,,5.0,,,0.0,,-1.5,0.0,197.0,,,,
121.55327787,560,412,267400,42.2819275,-83.7083877778,70.0,5.69999980927,1079.0,,5.0,,,0.0,,-1.5,0.0,197.0,,,,
121.55327787,560,412,267500,42.2819275,-83.7083877778,70.0,5.69999980927,1079.0,,5.0,,,0.0,,0.450012207031,0.0,197.0,,,,
121.55327787,560,412,268600,42.2819275,-83.7083877778,70.0,5.69999980927,1079.0,,5.0,,,0.0,,10.7200012207,0.0,197.0,,,,
121.55327787,560,412,268900,42.2822505556,-83.7089458333,70.0,5.69999980927,1079.0,,5.0,,,0.0,,10.7200012207,0.0,197.0,,,,
121.55327787,560,412,269300,42.2822505556,-83.7089458333,70.0,5.69999980927,1036.0,,5.0,,,0.0,,10.7200012207,0.0,197.0,,,,
121.55327787,560,412,269400,42.2822505556,-83.7089458333,70.0,1.05999994278,1036.0,,5.0,,,0.0,,10.7200012207,0.0,197.0,,,,
121.55327787,560,412,269600,42.2822505556,-83.7089458333,70.0,1.05999994278,1036.0,,5.0,,,0.0,,0.940002441406,0.0,197.0,,,,
121.55327787,560,412,270000,42.2822505556,-83.7089458333,69.0,1.05999994278,1036.0,,5.0,,,0.0,,0.940002441406,0.0,199.0,,,,
121.55327787,560,412,270300,42.2822505556,-83.7089458333,69.0,1.05999994278,1036.0,,5.0,,,0.0,,0.940002441406,0.0,199.0,,,,
121.55327787,560,412,270700,42.2822505556,-83.7089458333,69.0,1.05999994278,1036.0,,5.0,,,0.0,,11.6900024414,0.0,199.0,,,,
121.55327787,560,412,271000,42.2822505556,-83.7089458333,68.0,1.05999994278,1036.0,,5.0,,,0.0,,11.6900024414,0.0,199.0,,,,
121.55327787,560,412,271300,42.2822505556,-83.7089458333,68.0,1.05999994278,0.0,,5.0,,,0.0,,11.6900024414,0.0,199.0,,,,
121.55327787,560,412,271400,42.2822505556,-83.7089458333,68.0,0.959999978542,0.0,,5.0,,,0.0,,11.6900024414,0.0,199.0,,,,
121.55327787,560,412,271700,42.2822505556,-83.7089458333,68.0,0.959999978542,0.0,,5.0,,,0.0,,49.8200073242,0.0,199.0,,,,
121.55327787,560,412,271900,42.2825586111,-83.7095002778,68.0,0.959999978542,0.0,,5.0,,,0.0,,49.8200073242,0.0,199.0,,,,
121.55327787,560,412,272000,42.2825586111,-83.7095002778,65.0,0.959999978542,0.0,,5.0,,,0.0,,49.8200073242,0.0,199.0,,,,
121.55327787,560,412,272800,42.2825586111,-83.7095002778,65.0,0.959999978542,0.0,,5.0,,,0.0,,64.4800109863,0.0,199.0,,,,
121.55327787,560,412,273100,42.2825586111,-83.7095002778,62.0,0.959999978542,0.0,,5.0,,,0.0,,64.4800109863,0.0,199.0,,,,
121.55327787,560,412,273400,42.2825586111,-83.7095002778,62.0,0.199999988079,0.0,,5.0,,,0.0,,64.4800109863,0.0,199.0,,,,
121.55327787,560,412,273800,42.2825586111,-83.7095002778,62.0,0.199999988079,0.0,,5.0,,,0.0,,46.3999938965,0.0,199.0,,,,
121.55327787,560,412,274100,42.2825586111,-83.7095002778,59.0,0.199999988079,0.0,,5.0,,,0.0,,46.3999938965,0.0,199.0,,,,
121.55327787,560,412,274800,42.2825586111,-83.7095002778,59.0,0.199999988079,0.0,,5.0,,,0.0,,26.8500061035,0.0,199.0,,,,
121.55327787,560,412,274900,42.2828333333,-83.7099577778,59.0,0.199999988079,0.0,,5.0,,,0.0,,26.8500061035,0.0,199.0,,,,
121.55327787,560,412,275100,42.2828333333,-83.7099577778,59.0,0.199999988079,0.0,,5.0,,,0.0,,26.8500061035,0.0,201.5,,,,
121.55327787,560,412,275200,42.2828333333,-83.7099577778,56.0,0.199999988079,0.0,,5.0,,,0.0,,26.8500061035,0.0,201.5,,,,
121.55327787,560,412,275400,42.2828333333,-83.7099577778,56.0,0.179999992251,0.0,,5.0,,,0.0,,26.8500061035,0.0,201.5,,,,
121.55327787,560,412,275900,42.2828333333,-83.7099577778,56.0,0.179999992251,0.0,,5.0,,,0.0,,23.9100036621,0.0,201.5,,,,
121.55327787,560,412,276200,42.2828333333,-83.7099577778,51.0,0.179999992251,0.0,,5.0,,,0.0,,23.9100036621,0.0,201.5,,,,
121.55327787,560,412,276900,42.2828333333,-83.7099577778,51.0,0.179999992251,0.0,,5.0,,,0.0,,-19.5899963379,0.0,201.5,,,,
121.55327787,560,412,277200,42.2828333333,-83.7099577778,50.0,0.179999992251,0.0,,5.0,,,0.0,,-19.5899963379,0.0,201.5,,,,
121.55327787,560,412,277900,42.2831066667,-83.7103191667,50.0,0.179999992251,0.0,,5.0,,,0.0,,-19.5899963379,0.0,201.5,,,,
121.55327787,560,412,278000,42.2831066667,-83.7103191667,50.0,0.179999992251,0.0,,5.0,,,0.0,,-55.75,0.0,201.5,,,,
121.55327787,560,412,278300,42.2831066667,-83.7103191667,49.0,0.179999992251,0.0,,5.0,,,0.0,,-55.75,0.0,201.5,,,,
121.55327787,560,412,279000,42.2831066667,-83.7103191667,49.0,0.179999992251,0.0,,5.0,,,0.0,,-88.5,0.0,201.5,,,,
121.55327787,560,412,279300,42.2831066667,-83.7103191667,48.0,0.179999992251,1821.0,,5.0,,,0.0,,-88.5,0.0,201.5,,,,
121.55327787,560,412,279400,42.2831066667,-83.7103191667,48.0,17.0900001526,1821.0,,5.0,,,0.0,,-88.5,0.0,201.5,,,,
121.55327787,560,412,280000,42.2831066667,-83.7103191667,48.0,17.0900001526,1821.0,,5.0,,,0.0,,9.25,0.0,201.5,,,,
121.55327787,560,412,280100,42.2831066667,-83.7103191667,48.0,17.0900001526,1821.0,,5.0,,,0.0,,9.25,0.0,198.0,,,,
121.55327787,560,412,280400,42.2831066667,-83.7103191667,49.0,17.0900001526,1821.0,,5.0,,,0.0,,9.25,0.0,198.0,,,,
121.55327787,560,412,280900,42.2834058333,-83.7105977778,49.0,17.0900001526,1821.0,,5.0,,,0.0,,9.25,0.0,198.0,,,,
121.55327787,560,412,281100,42.2834058333,-83.7105977778,49.0,17.0900001526,1821.0,,5.0,,,0.0,,3.86999511719,0.0,198.0,,,,
121.55327787,560,412,281300,42.2834058333,-83.7105977778,49.0,17.0900001526,1950.0,,5.0,,,0.0,,3.86999511719,0.0,198.0,,,,
121.55327787,560,412,281400,42.2834058333,-83.7105977778,49.0,15.7100000381,1950.0,,5.0,,,0.0,,3.86999511719,0.0,198.0,,,,
121.55327787,560,412,282100,42.2834058333,-83.7105977778,49.0,15.7100000381,1950.0,,5.0,,,0.0,,-4.92001342773,0.0,198.0,,,,
121.55327787,560,412,282400,42.2834058333,-83.7105977778,50.0,15.7100000381,1950.0,,5.0,,,0.0,,-4.92001342773,0.0,198.0,,,,
121.55327787,560,412,283200,42.2834058333,-83.7105977778,50.0,15.7100000381,1950.0,,5.0,,,0.0,,-0.529998779297,0.0,198.0,,,,
121.55327787,560,412,283300,42.2834058333,-83.7105977778,50.0,15.7100000381,2037.0,,5.0,,,0.0,,-0.529998779297,0.0,198.0,,,,
121.55327787,560,412,283400,42.2834058333,-83.7105977778,50.0,16.6999988556,2037.0,,5.0,,,0.0,,-0.529998779297,0.0,198.0,,,,
121.55327787,560,412,284000,42.2837555556,-83.7108361111,50.0,16.6999988556,2037.0,,5.0,,,0.0,,-0.529998779297,0.0,198.0,,,,
121.55327787,560,412,284200,42.2837555556,-83.7108361111,50.0,16.6999988556,2037.0,,5.0,,,0.0,,-4.92001342773,0.0,198.0,,,,
121.55327787,560,412,284500,42.2837555556,-83.7108361111,51.0,16.6999988556,2037.0,,5.0,,,0.0,,-4.92001342773,0.0,198.0,,,,
121.55327787,560,412,285200,42.2837555556,-83.7108361111,51.0,16.6999988556,2037.0,,5.0,,,0.0,,-3.95001220703,0.0,197.0,,,,
121.55327787,560,412,285300,42.2837555556,-83.7108361111,51.0,16.6999988556,1983.0,,5.0,,,0.0,,-3.95001220703,0.0,197.0,,,,
121.55327787,560,412,285400,42.2837555556,-83.7108361111,51.0,14.6700000763,1983.0,,5.0,,,0.0,,-3.95001220703,0.0,197.0,,,,
121.55327787,560,412,286300,42.2837555556,-83.7108361111,51.0,14.6700000763,1983.0,,5.0,,,0.0,,-24.4700012207,0.0,197.0,,,,
121.55327787,560,412,286800,42.2841391667,-83.7109608333,51.0,14.6700000763,1983.0,,5.0,,,0.0,,-24.4700012207,0.0,197.0,,,,
121.55327787,560,412,287300,42.2841391667,-83.7109608333,51.0,14.6700000763,1725.0,,5.0,,,0.0,,3.86999511719,0.0,197.0,,,,
121.55327787,560,412,287400,42.2841391667,-83.7109608333,51.0,13.7899999619,1725.0,,5.0,,,0.0,,3.86999511719,0.0,197.0,,,,
121.55327787,560,412,287600,42.2841391667,-83.7109608333,52.0,13.7899999619,1725.0,,5.0,,,0.0,,3.86999511719,0.0,197.0,,,,
121.55327787,560,412,288400,42.2841391667,-83.7109608333,52.0,13.7899999619,1725.0,,5.0,,,0.0,,-9.80999755859,0.0,197.0,,,,
121.55327787,560,412,289300,42.2841391667,-83.7109608333,52.0,13.7899999619,1784.0,,5.0,,,0.0,,-9.80999755859,0.0,197.0,,,,
121.55327787,560,412,289400,42.2841391667,-83.7109608333,52.0,14.1799993515,1784.0,,5.0,,,0.0,,-0.529998779297,0.0,197.0,,,,
121.55327787,560,412,289700,42.2841391667,-83.7109608333,53.0,14.1799993515,1784.0,,5.0,,,0.0,,-0.529998779297,0.0,197.0,,,,
121.55327787,560,412,290000,42.2845305556,-83.7110205556,53.0,14.1799993515,1784.0,,5.0,,,0.0,,-0.529998779297,0.0,197.0,,,,
121.55327787,560,412,290400,42.2845305556,-83.7110205556,53.0,14.1799993515,1784.0,,5.0,,,0.0,,-7.85998535156,0.0,197.0,,,,
121.55327787,560,412,290800,42.2845305556,-83.7110205556,54.0,14.1799993515,1784.0,,5.0,,,0.0,,-7.85998535156,0.0,197.0,,,,
121.55327787,560,412,291300,42.2845305556,-83.7110205556,54.0,14.1799993515,1635.0,,5.0,,,0.0,,-7.85998535156,0.0,197.0,,,,
121.55327787,560,412,291400,42.2845305556,-83.7110205556,54.0,13.1399993896,1635.0,,5.0,,,0.0,,-7.85998535156,0.0,197.0,,,,
121.55327787,560,412,291500,42.2845305556,-83.7110205556,54.0,13.1399993896,1635.0,,5.0,,,0.0,,8.76000976563,0.0,197.0,,,,
121.55327787,560,412,291800,42.2845305556,-83.7110205556,55.0,13.1399993896,1635.0,,5.0,,,0.0,,8.76000976563,0.0,197.0,,,,
121.55327787,560,412,292500,42.2845305556,-83.7110205556,55.0,13.1399993896,1635.0,,5.0,,,0.0,,16.0899963379,0.0,197.0,,,,
121.55327787,560,412,292800,42.2849136111,-83.7110202778,56.0,13.1399993896,1635.0,,5.0,,,0.0,,16.0899963379,0.0,197.0,,,,
121.55327787,560,412,293300,42.2849136111,-83.7110202778,56.0,13.1399993896,1650.0,,5.0,,,0.0,,16.0899963379,0.0,197.0,,,,
121.55327787,560,412,293400,42.2849136111,-83.7110202778,56.0,13.0999994278,1650.0,,5.0,,,0.0,,16.0899963379,0.0,197.0,,,,
121.55327787,560,412,293600,42.2849136111,-83.7110202778,56.0,13.0999994278,1650.0,,5.0,,,0.0,,13.6499938965,0.0,197.0,,,,
121.55327787,560,412,293900,42.2849136111,-83.7110202778,57.0,13.0999994278,1650.0,,5.0,,,0.0,,13.6499938965,0.0,197.0,,,,
121.55327787,560,412,294600,42.2849136111,-83.7110202778,57.0,13.0999994278,1650.0,,5.0,,,0.0,,38.0899963379,0.0,197.0,,,,
121.55327787,560,412,294900,42.2849136111,-83.7110202778,58.0,13.0999994278,1650.0,,5.0,,,0.0,,38.0899963379,0.0,197.0,,,,
121.55327787,560,412,295200,42.2849136111,-83.7110202778,58.0,13.0999994278,1650.0,,5.0,,,0.0,,38.0899963379,0.0,199.0,,,,
121.55327787,560,412,295300,42.2849136111,-83.7110202778,58.0,13.0999994278,903.0,,5.0,,,0.0,,38.0899963379,0.0,199.0,,,,
121.55327787,560,412,295400,42.2849136111,-83.7110202778,58.0,8.92000007629,903.0,,5.0,,,0.0,,38.0899963379,0.0,199.0,,,,
121.55327787,560,412,295600,42.2849136111,-83.7110202778,58.0,8.92000007629,903.0,,5.0,,,0.0,,-10.299987793,0.0,199.0,,,,
121.55327787,560,412,295900,42.2853366667,-83.7109758333,58.0,8.92000007629,903.0,,5.0,,,0.0,,-10.299987793,0.0,199.0,,,,
121.55327787,560,412,296000,42.2853366667,-83.7109758333,57.0,8.92000007629,903.0,,5.0,,,0.0,,-10.299987793,0.0,199.0,,,,
121.55327787,560,412,296700,42.2853366667,-83.7109758333,57.0,8.92000007629,903.0,,5.0,,,0.0,,42.9700012207,0.0,199.0,,,,
121.55327787,560,412,297000,42.2853366667,-83.7109758333,58.0,8.92000007629,903.0,,5.0,,,0.0,,42.9700012207,0.0,199.0,,,,
121.55327787,560,412,297300,42.2853366667,-83.7109758333,58.0,8.92000007629,1221.0,,5.0,,,0.0,,42.9700012207,0.0,199.0,,,,
121.55327787,560,412,297400,42.2853366667,-83.7109758333,58.0,0.810000002384,1221.0,,5.0,,,0.0,,42.9700012207,0.0,199.0,,,,
121.55327787,560,412,297700,42.2853366667,-83.7109758333,58.0,0.810000002384,1221.0,,5.0,,,0.0,,25.3800048828,0.0,199.0,,,,
121.55327787,560,412,298000,42.2853366667,-83.7109758333,57.0,0.810000002384,1221.0,,5.0,,,0.0,,25.3800048828,0.0,199.0,,,,
121.55327787,560,412,298800,42.2853366667,-83.7109758333,57.0,0.810000002384,1221.0,,5.0,,,0.0,,-15.1900024414,0.0,199.0,,,,
121.55327787,560,412,298900,42.2857388889,-83.7109672222,57.0,0.810000002384,1221.0,,5.0,,,0.0,,-15.1900024414,0.0,199.0,,,,
121.55327787,560,412,299300,42.2857388889,-83.7109672222,57.0,0.810000002384,0.0,,5.0,,,0.0,,-15.1900024414,0.0,199.0,,,,
121.55327787,560,412,299400,42.2857388889,-83.7109672222,57.0,1.62000000477,0.0,,5.0,,,0.0,,-15.1900024414,0.0,199.0,,,,
121.55327787,560,412,299800,42.2857388889,-83.7109672222,57.0,1.62000000477,0.0,,5.0,,,0.0,,-1.5,0.0,199.0,,,,
121.55327787,560,412,300200,42.2857388889,-83.7109672222,57.0,1.62000000477,0.0,,5.0,,,0.0,,-1.5,0.0,201.5,,,,
121.55327787,560,412,300800,42.2857388889,-83.7109672222,57.0,1.62000000477,0.0,,5.0,,,0.0,,-9.80999755859,0.0,201.5,,,,
121.55327787,560,412,301200,42.2857388889,-83.7109672222,56.0,1.62000000477,0.0,,5.0,,,0.0,,-9.80999755859,0.0,201.5,,,,
121.55327787,560,412,301400,42.2857388889,-83.7109672222,56.0,0.199999988079,0.0,,5.0,,,0.0,,-9.80999755859,0.0,201.5,,,,
121.55327787,560,412,301900,42.2861213889,-83.7110197222,56.0,0.199999988079,0.0,,5.0,,,0.0,,-9.32000732422,0.0,201.5,,,,
121.55327787,560,412,302300,42.2861213889,-83.7110197222,55.0,0.199999988079,0.0,,5.0,,,0.0,,-9.32000732422,0.0,201.5,,,,
121.55327787,560,412,303000,42.2861213889,-83.7110197222,55.0,0.199999988079,0.0,,5.0,,,0.0,,21.4700012207,0.0,201.5,,,,
121.55327787,560,412,303400,42.2861213889,-83.7110197222,54.0,0.199999988079,0.0,,5.0,,,0.0,,21.4700012207,0.0,201.5,,,,
121.55327787,560,412,304000,42.2861213889,-83.7110197222,54.0,0.199999988079,0.0,,5.0,,,0.0,,-39.6300048828,0.0,201.5,,,,
121.55327787,560,412,304400,42.2861213889,-83.7110197222,53.0,0.199999988079,0.0,,5.0,,,0.0,,-39.6300048828,0.0,201.5,,,,
121.55327787,560,412,304800,42.2865225,-83.7112225,53.0,0.199999988079,0.0,,5.0,,,0.0,,-39.6300048828,0.0,201.5,,,,
121.55327787,560,412,305000,42.2865225,-83.7112225,53.0,0.199999988079,0.0,,5.0,,,0.0,,20.9800109863,0.0,201.5,,,,
121.55327787,560,412,305300,42.2865225,-83.7112225,53.0,0.199999988079,0.0,,5.0,,,0.0,,20.9800109863,0.0,199.5,,,,
121.55327787,560,412,305400,42.2865225,-83.7112225,50.0,0.179999992251,0.0,,5.0,,,0.0,,20.9800109863,0.0,199.5,,,,
121.55327787,560,412,306100,42.2865225,-83.7112225,50.0,0.179999992251,0.0,,5.0,,,0.0,,1.92001342773,0.0,199.5,,,,
121.55327787,560,412,306500,42.2865225,-83.7112225,48.0,0.179999992251,0.0,,5.0,,,0.0,,1.92001342773,0.0,199.5,,,,
121.55327787,560,412,307100,42.2865225,-83.7112225,48.0,0.179999992251,0.0,,5.0,,,0.0,,-7.36999511719,0.0,199.5,,,,
121.55327787,560,412,307500,42.2865225,-83.7112225,46.0,0.179999992251,0.0,,5.0,,,0.0,,-7.36999511719,0.0,199.5,,,,
121.55327787,560,412,307800,42.286855,-83.7114761111,46.0,0.179999992251,0.0,,5.0,,,0.0,,-7.36999511719,0.0,199.5,,,,
121.55327787,560,412,308200,42.286855,-83.7114761111,46.0,0.179999992251,0.0,,5.0,,,0.0,,-62.1099853516,0.0,199.5,,,,
121.55327787,560,412,308600,42.286855,-83.7114761111,45.0,0.179999992251,0.0,,5.0,,,0.0,,-62.1099853516,0.0,199.5,,,,
121.55327787,560,412,309200,42.286855,-83.7114761111,45.0,0.179999992251,0.0,,5.0,,,0.0,,-60.6399841309,0.0,199.5,,,,
121.55327787,560,412,309400,42.286855,-83.7114761111,45.0,0.949999988079,530.0,,5.0,,,0.0,,-60.6399841309,0.0,199.5,,,,
121.55327787,560,412,309600,42.286855,-83.7114761111,44.0,0.949999988079,530.0,,5.0,,,0.0,,-60.6399841309,0.0,199.5,,,,
121.55327787,560,412,310200,42.286855,-83.7114761111,44.0,0.949999988079,530.0,,5.0,,,0.0,,-94.8599853516,0.0,199.5,,,,
121.55327787,560,412,310300,42.286855,-83.7114761111,44.0,0.949999988079,530.0,,5.0,,,0.0,,-94.8599853516,0.0,193.0,,,,
121.55327787,560,412,310600,42.286855,-83.7114761111,45.0,0.949999988079,530.0,,5.0,,,0.0,,-94.8599853516,0.0,193.0,,,,
121.55327787,560,412,310900,42.2871269444,-83.7117255556,45.0,0.949999988079,530.0,,5.0,,,0.0,,-94.8599853516,0.0,193.0,,,,
121.55327787,560,412,311300,42.2871269444,-83.7117255556,45.0,0.949999988079,530.0,,5.0,,,0.0,,-2.48001098633,0.0,193.0,,,,
121.55327787,560,412,311400,42.2871269444,-83.7117255556,45.0,28.8499984741,2714.0,,5.0,,,0.0,,-2.48001098633,0.0,193.0,,,,
121.55327787,560,412,311700,42.2871269444,-83.7117255556,47.0,28.8499984741,2714.0,,5.0,,,0.0,,-2.48001098633,0.0,193.0,,,,
121.55327787,560,412,312300,42.2871269444,-83.7117255556,47.0,28.8499984741,2714.0,,5.0,,,0.0,,-7.36999511719,0.0,193.0,,,,
121.55327787,560,412,312700,42.2871269444,-83.7117255556,49.0,28.8499984741,2714.0,,5.0,,,0.0,,-7.36999511719,0.0,193.0,,,,
121.55327787,560,412,313400,42.2871269444,-83.7117255556,49.0,19.2799987793,2189.0,,5.0,,,0.0,,5.33999633789,0.0,193.0,,,,
121.55327787,560,412,313800,42.2871269444,-83.7117255556,51.0,19.2799987793,2189.0,,5.0,,,0.0,,5.33999633789,0.0,193.0,,,,
121.55327787,560,412,313900,42.2874025,-83.7121041667,51.0,19.2799987793,2189.0,,5.0,,,0.0,,5.33999633789,0.0,193.0,,,,
121.55327787,560,412,314400,42.2874025,-83.7121041667,51.0,19.2799987793,2189.0,,5.0,,,0.0,,-11.7699890137,0.0,193.0,,,,
121.55327787,560,412,314800,42.2874025,-83.7121041667,53.0,19.2799987793,2189.0,,5.0,,,0.0,,-11.7699890137,0.0,193.0,,,,
121.55327787,560,412,315400,42.2874025,-83.7121041667,53.0,15.5999994278,1963.0,,5.0,,,0.0,,3.38000488281,0.0,196.0,,,,
121.55327787,560,412,315800,42.2874025,-83.7121041667,54.0,15.5999994278,1963.0,,5.0,,,0.0,,3.38000488281,0.0,196.0,,,,
121.55327787,560,412,316500,42.2874025,-83.7121041667,54.0,15.5999994278,1963.0,,5.0,,,0.0,,1.92001342773,0.0,196.0,,,,
121.55327787,560,412,316900,42.2874025,-83.7121041667,55.0,15.5999994278,1963.0,,5.0,,,0.0,,1.92001342773,0.0,196.0,,,,
121.55327787,560,412,317400,42.2874025,-83.7121041667,55.0,13.1399993896,1659.0,,5.0,,,0.0,,1.92001342773,0.0,196.0,,,,
121.55327787,560,412,317500,42.2874025,-83.7121041667,55.0,13.1399993896,1659.0,,5.0,,,0.0,,-5.89999389648,0.0,196.0,,,,
121.55327787,560,412,317800,42.287665,-83.7127305556,55.0,13.1399993896,1659.0,,5.0,,,0.0,,-5.89999389648,0.0,196.0,,,,
121.55327787,560,412,317900,42.287665,-83.7127305556,56.0,13.1399993896,1659.0,,5.0,,,0.0,,-5.89999389648,0.0,196.0,,,,
121.55327787,560,412,318600,42.287665,-83.7127305556,56.0,13.1399993896,1659.0,,5.0,,,0.0,,1.92001342773,0.0,196.0,,,,
121.55327787,560,412,319000,42.287665,-83.7127305556,57.0,13.1399993896,1659.0,,5.0,,,0.0,,1.92001342773,0.0,196.0,,,,
121.55327787,560,412,319400,42.287665,-83.7127305556,57.0,14.0399999619,1733.0,,5.0,,,0.0,,1.92001342773,0.0,196.0,,,,
121.55327787,560,412,319600,42.287665,-83.7127305556,57.0,14.0399999619,1733.0,,5.0,,,0.0,,-11.7699890137,0.0,196.0,,,,
121.55327787,560,412,319800,42.287665,-83.7127305556,57.0,14.0399999619,1733.0,,5.0,,,150.0,,-11.7699890137,0.0,196.0,,,,
121.55327787,560,412,319900,42.2877083333,-83.7131002778,57.0,14.0399999619,1733.0,,5.0,,,150.0,,-11.7699890137,0.0,196.0,,,,
121.55327787,560,412,320000,42.2877083333,-83.7131002778,58.0,14.0399999619,1733.0,,5.0,,,150.0,,-11.7699890137,0.0,196.0,,,,
121.55327787,560,412,320400,42.2877083333,-83.7131002778,58.0,14.0399999619,1733.0,,5.0,,,150.0,,-11.7699890137,0.0,199.5,,,,
121.55327787,560,412,320600,42.2877083333,-83.7131002778,58.0,14.0399999619,1733.0,,5.0,,,150.0,,13.6499938965,0.0,199.5,,,,
121.55327787,560,412,321000,42.2877083333,-83.7131002778,59.0,14.0399999619,1733.0,,5.0,,,150.0,,13.6499938965,0.0,199.5,,,,
121.55327787,560,412,321400,42.2877083333,-83.7131002778,59.0,13.6199998856,1644.0,,5.0,,,150.0,,13.6499938965,0.0,199.5,,,,
121.55327787,560,412,321700,42.2877083333,-83.7131002778,59.0,13.6199998856,1644.0,,5.0,,,150.0,,20.4899902344,0.0,199.5,,,,
121.55327787,560,412,322700,42.2877083333,-83.7131002778,59.0,13.6199998856,1644.0,,5.0,,,150.0,,30.7600097656,0.0,199.5,,,,
121.55327787,560,412,323000,42.2876583333,-83.7138058333,59.0,13.6199998856,1644.0,,5.0,,,150.0,,30.7600097656,0.0,199.5,,,,
121.55327787,560,412,323100,42.2876583333,-83.7138058333,60.0,13.6199998856,1644.0,,5.0,,,150.0,,30.7600097656,0.0,199.5,,,,
121.55327787,560,412,323400,42.2876583333,-83.7138058333,60.0,12.9799995422,1626.0,,5.0,,,150.0,,30.7600097656,0.0,199.5,,,,
121.55327787,560,412,323800,42.2876583333,-83.7138058333,60.0,12.9799995422,1626.0,,5.0,,,150.0,,39.0599975586,0.0,199.5,,,,
121.55327787,560,412,324200,42.2876583333,-83.7138058333,61.0,12.9799995422,1626.0,,5.0,,,150.0,,39.0599975586,0.0,199.5,,,,
121.55327787,560,412,324800,42.2876583333,-83.7138058333,61.0,12.9799995422,1626.0,,5.0,,,150.0,,29.7799987793,0.0,199.5,,,,
121.55327787,560,412,325400,42.2876583333,-83.7138058333,61.0,12.9200000763,1628.0,,5.0,,,150.0,,29.7799987793,0.0,203.0,,,,
121.55327787,560,412,325800,42.2876583333,-83.7138058333,61.0,12.9200000763,1628.0,,5.0,,,150.0,,39.549987793,0.0,203.0,,,,
121.55327787,560,412,325900,42.2875786111,-83.7145158333,61.0,12.9200000763,1628.0,,5.0,,,150.0,,39.549987793,0.0,203.0,,,,
121.55327787,560,412,326200,42.2875786111,-83.7145158333,60.0,12.9200000763,1628.0,,5.0,,,150.0,,39.549987793,0.0,203.0,,,,
121.55327787,560,412,326900,42.2875786111,-83.7145158333,60.0,12.9200000763,1628.0,,5.0,,,150.0,,23.9100036621,0.0,203.0,,,,
121.55327787,560,412,327400,42.2875786111,-83.7145158333,60.0,12.8400001526,1625.0,,5.0,,,150.0,,23.9100036621,0.0,203.0,,,,
121.55327787,560,412,327900,42.2875786111,-83.7145158333,60.0,12.8400001526,1625.0,,5.0,,,150.0,,7.7799987793,0.0,203.0,,,,
121.55327787,560,412,329000,42.2875786111,-83.7145158333,60.0,12.8400001526,1625.0,,5.0,,,150.0,,9.25,0.0,203.0,,,,
121.55327787,560,412,329400,42.2875786111,-83.7145158333,60.0,11.3099994659,1622.0,,5.0,,,150.0,,9.25,0.0,203.0,,,,
121.55327787,560,412,329900,42.2874886111,-83.7153852778,60.0,11.3099994659,1622.0,,5.0,,,150.0,,9.25,0.0,203.0,,,,
121.55327787,560,412,330000,42.2874886111,-83.7153852778,60.0,11.3099994659,1622.0,,5.0,,,150.0,,-10.7900085449,0.0,203.0,,,,
121.55327787,560,412,330300,42.2874886111,-83.7153852778,60.0,11.3099994659,1622.0,,5.0,,,150.0,,-10.7900085449,0.0,203.0,,,,
121.55327787,560,412,330400,42.2874886111,-83.7153852778,59.0,11.3099994659,1622.0,,5.0,,,150.0,,-10.7900085449,0.0,203.0,,,,
121.55327787,560,412,330500,42.2874886111,-83.7153852778,59.0,11.3099994659,1622.0,,5.0,,,150.0,,-10.7900085449,0.0,193.5,,,,
121.55327787,560,412,331000,42.2874886111,-83.7153852778,59.0,11.3099994659,1622.0,,5.0,,,150.0,,-31.3200073242,0.0,193.5,,,,
121.55327787,560,412,331400,42.2874886111,-83.7153852778,58.0,1.41999995708,0.0,,5.0,,,150.0,,-31.3200073242,0.0,193.5,,,,
121.55327787,560,412,332100,42.2874886111,-83.7153852778,58.0,1.41999995708,0.0,,5.0,,,150.0,,25.8699951172,0.0,193.5,,,,
121.55327787,560,412,332500,42.2874886111,-83.7153852778,57.0,1.41999995708,0.0,,5.0,,,150.0,,25.8699951172,0.0,193.5,,,,
121.55327787,560,412,332900,42.2874483333,-83.7159966667,57.0,1.41999995708,0.0,,5.0,,,150.0,,25.8699951172,0.0,193.5,,,,
121.55327787,560,412,333100,42.2874483333,-83.7159966667,57.0,1.41999995708,0.0,,5.0,,,150.0,,24.8900146484,0.0,193.5,,,,
121.55327787,560,412,333400,42.2874483333,-83.7159966667,57.0,0.199999988079,0.0,,5.0,,,150.0,,24.8900146484,0.0,193.5,,,,
121.55327787,560,412,333500,42.2874483333,-83.7159966667,55.0,0.199999988079,0.0,,5.0,,,150.0,,24.8900146484,0.0,193.5,,,,
121.55327787,560,412,334200,42.2874483333,-83.7159966667,55.0,0.199999988079,0.0,,5.0,,,150.0,,23.4200134277,0.0,193.5,,,,
121.55327787,560,412,334600,42.2874483333,-83.7159966667,53.0,0.199999988079,0.0,,5.0,,,150.0,,23.4200134277,0.0,193.5,,,,
121.55327787,560,412,335300,42.2874483333,-83.7159966667,53.0,0.199999988079,0.0,,5.0,,,150.0,,24.3999938965,0.0,193.5,,,,
121.55327787,560,412,335500,42.2874483333,-83.7159966667,53.0,0.179999992251,0.0,,5.0,,,150.0,,24.3999938965,0.0,202.0,,,,
121.55327787,560,412,335600,42.2874483333,-83.7159966667,51.0,0.179999992251,0.0,,5.0,,,150.0,,24.3999938965,0.0,202.0,,,,
121.55327787,560,412,335900,42.2874252778,-83.7165677778,51.0,0.179999992251,0.0,,5.0,,,150.0,,24.3999938965,0.0,202.0,,,,
121.55327787,560,412,336400,42.2874252778,-83.7165677778,51.0,0.179999992251,0.0,,5.0,,,150.0,,23.4200134277,0.0,202.0,,,,
121.55327787,560,412,336700,42.2874252778,-83.7165677778,50.0,0.179999992251,0.0,,5.0,,,150.0,,23.4200134277,0.0,202.0,,,,
121.55327787,560,412,337400,42.2874252778,-83.7165677778,50.0,0.179999992251,0.0,,5.0,,,150.0,,22.9400024414,0.0,202.0,,,,
121.55327787,560,412,337700,42.2874252778,-83.7165677778,49.0,0.179999992251,0.0,,5.0,,,150.0,,22.9400024414,0.0,202.0,,,,
121.55327787,560,412,338400,42.2874252778,-83.7165677778,49.0,0.179999992251,0.0,,5.0,,,150.0,,21.4700012207,0.0,202.0,,,,
121.55327787,560,412,338800,42.2874252778,-83.7165677778,48.0,0.179999992251,0.0,,5.0,,,150.0,,21.4700012207,0.0,202.0,,,,
121.55327787,560,412,338900,42.2874044444,-83.7170719444,48.0,0.179999992251,0.0,,5.0,,,150.0,,21.4700012207,0.0,202.0,,,,
121.55327787,560,412,339500,42.2874044444,-83.7170719444,48.0,0.179999992251,0.0,,5.0,,,150.0,,20.9800109863,0.0,202.0,,,,
121.55327787,560,412,339800,42.2874044444,-83.7170719444,47.0,0.179999992251,0.0,,5.0,,,150.0,,20.9800109863,0.0,202.0,,,,
121.55327787,560,412,340500,42.2874044444,-83.7170719444,47.0,0.179999992251,0.0,,5.0,,,150.0,,46.3999938965,0.0,209.5,,,,
121.55327787,560,412,340800,42.2874044444,-83.7170719444,46.0,0.179999992251,0.0,,5.0,,,150.0,,46.3999938965,0.0,209.5,,,,
121.55327787,560,412,341600,42.2874044444,-83.7170719444,46.0,0.179999992251,0.0,,5.0,,,150.0,,84.0299987793,0.0,209.5,,,,
121.55327787,560,412,341900,42.2873927778,-83.7175452778,44.0,0.179999992251,0.0,,5.0,,,150.0,,84.0299987793,0.0,209.5,,,,
121.55327787,560,412,342600,42.2873927778,-83.7175452778,44.0,0.179999992251,0.0,,5.0,,,150.0,,20.4899902344,0.0,209.5,,,,
121.55327787,560,412,342900,42.2873927778,-83.7175452778,43.0,0.179999992251,0.0,,5.0,,,150.0,,20.4899902344,0.0,209.5,,,,
121.55327787,560,412,343600,42.2873927778,-83.7175452778,43.0,0.179999992251,0.0,,5.0,,,150.0,,19.0299987793,0.0,209.5,,,,
121.55327787,560,412,344000,42.2873927778,-83.7175452778,42.0,0.179999992251,0.0,,5.0,,,150.0,,19.0299987793,0.0,209.5,,,,
121.55327787,560,412,344700,42.2873927778,-83.7175452778,42.0,0.179999992251,0.0,,5.0,,,150.0,,-0.529998779297,0.0,209.5,,,,
121.55327787,560,412,344900,42.2873816667,-83.7179902778,42.0,0.179999992251,0.0,,5.0,,,150.0,,-0.529998779297,0.0,209.5,,,,
121.55327787,560,412,345600,42.2873816667,-83.7179902778,42.0,0.179999992251,0.0,,5.0,,,150.0,,-0.529998779297,0.0,191.5,,,,
121.55327787,560,412,345700,42.2873816667,-83.7179902778,42.0,0.179999992251,0.0,,5.0,,,150.0,,-60.1499938965,0.0,191.5,,,,
121.55327787,560,412,346000,42.2873816667,-83.7179902778,43.0,0.179999992251,0.0,,5.0,,,150.0,,-60.1499938965,0.0,191.5,,,,
121.55327787,560,412,346800,42.2873816667,-83.7179902778,43.0,0.179999992251,0.0,,5.0,,,150.0,,-45.0,0.0,191.5,,,,
121.55327787,560,412,347100,42.2873816667,-83.7179902778,45.0,0.179999992251,0.0,,5.0,,,150.0,,-45.0,0.0,191.5,,,,
121.55327787,560,412,347800,42.2873816667,-83.7179902778,45.0,0.179999992251,0.0,,5.0,,,150.0,,-23.5,0.0,191.5,,,,
121.55327787,560,412,347900,42.2873686111,-83.7184691667,45.0,0.179999992251,0.0,,5.0,,,150.0,,-23.5,0.0,191.5,,,,
121.55327787,560,412,348100,42.2873686111,-83.7184691667,46.0,0.179999992251,0.0,,5.0,,,150.0,,-23.5,0.0,191.5,,,,
121.55327787,560,412,348800,42.2873686111,-83.7184691667,46.0,0.179999992251,0.0,,5.0,,,150.0,,-4.44000244141,0.0,191.5,,,,
121.55327787,560,412,349200,42.2873686111,-83.7184691667,47.0,0.179999992251,0.0,,5.0,,,150.0,,-4.44000244141,0.0,191.5,,,,
121.55327787,560,412,349600,42.2873686111,-83.7184691667,47.0,0.179999992251,0.0,,6.0,,,150.0,,-4.44000244141,0.0,191.5,,,,
121.55327787,560,412,349900,42.2873686111,-83.7184691667,47.0,0.179999992251,0.0,,6.0,,,150.0,,-6.39001464844,0.0,191.5,,,,
121.55327787,560,412,350200,42.2873686111,-83.7184691667,48.0,0.179999992251,0.0,,6.0,,,150.0,,-6.39001464844,0.0,191.5,,,,
121.55327787,560,412,350600,42.2873686111,-83.7184691667,48.0,0.179999992251,0.0,,6.0,,,150.0,,-6.39001464844,0.0,198.0,,,,
121.55327787,560,412,350900,42.2873366667,-83.7189719444,48.0,0.179999992251,0.0,,6.0,,,150.0,,15.1199951172,0.0,198.0,,,,
121.55327787,560,412,351200,42.2873366667,-83.7189719444,49.0,0.179999992251,0.0,,6.0,,,150.0,,15.1199951172,0.0,198.0,,,,
121.55327787,560,412,352000,42.2873366667,-83.7189719444,49.0,0.179999992251,0.0,,6.0,,,150.0,,102.11000061,0.0,198.0,,,,
121.55327787,560,412,352300,42.2873366667,-83.7189719444,48.0,0.179999992251,0.0,,6.0,,,150.0,,102.11000061,0.0,198.0,,,,
121.55327787,560,412,353000,42.2873366667,-83.7189719444,48.0,0.179999992251,0.0,,6.0,,,150.0,,57.1499938965,0.0,198.0,,,,
121.55327787,560,412,353300,42.2873366667,-83.7189719444,45.0,0.179999992251,0.0,,6.0,,,150.0,,57.1499938965,0.0,198.0,,,,
121.55327787,560,412,354000,42.2873097222,-83.7194422222,45.0,0.179999992251,0.0,,6.0,,,150.0,,46.8800048828,0.0,198.0,,,,
121.55327787,560,412,354400,42.2873097222,-83.7194422222,44.0,0.179999992251,0.0,,6.0,,,150.0,,46.8800048828,0.0,198.0,,,,
121.55327787,560,412,355100,42.2873097222,-83.7194422222,44.0,0.179999992251,0.0,,6.0,,,150.0,,42.0,0.0,198.0,,,,
121.55327787,560,412,355400,42.2873097222,-83.7194422222,43.0,0.179999992251,0.0,,6.0,,,150.0,,42.0,0.0,198.0,,,,
121.55327787,560,412,355600,42.2873097222,-83.7194422222,43.0,0.170000001788,0.0,,6.0,,,150.0,,42.0,0.0,204.0,,,,
121.55327787,560,412,356100,42.2873097222,-83.7194422222,43.0,0.170000001788,0.0,,6.0,,,150.0,,20.9800109863,0.0,204.0,,,,
121.55327787,560,412,356400,42.2873097222,-83.7194422222,42.0,0.170000001788,0.0,,6.0,,,150.0,,20.9800109863,0.0,204.0,,,,
121.55327787,560,412,356800,42.2872738889,-83.7198875,42.0,0.170000001788,0.0,,6.0,,,150.0,,20.9800109863,0.0,204.0,,,,
121.55327787,560,412,357200,42.2872738889,-83.7198875,42.0,0.170000001788,0.0,,6.0,,,150.0,,4.85000610352,0.0,204.0,,,,
121.55327787,560,412,357600,42.2872738889,-83.7198875,42.0,0.179999992251,0.0,,6.0,,,150.0,,4.85000610352,0.0,204.0,,,,
121.55327787,560,412,358200,42.2872738889,-83.7198875,42.0,0.179999992251,0.0,,6.0,,,150.0,,-6.39001464844,0.0,204.0,,,,
121.55327787,560,412,358500,42.2872738889,-83.7198875,43.0,0.179999992251,0.0,,6.0,,,150.0,,-6.39001464844,0.0,204.0,,,,
121.55327787,560,412,359200,42.2872738889,-83.7198875,43.0,0.179999992251,0.0,,6.0,,,150.0,,-67.4899902344,0.0,204.0,,,,
121.55327787,560,412,359600,42.2872738889,-83.7198875,45.0,0.179999992251,0.0,,6.0,,,150.0,,-67.4899902344,0.0,204.0,,,,
121.55327787,560,412,360000,42.2872436111,-83.7203591667,45.0,0.179999992251,0.0,,6.0,,,150.0,,-67.4899902344,0.0,204.0,,,,
121.55327787,560,412,360300,42.2872436111,-83.7203591667,45.0,0.179999992251,0.0,,6.0,,,150.0,,-39.6300048828,0.0,204.0,,,,
121.55327787,560,412,360600,42.2872436111,-83.7203591667,47.0,0.179999992251,0.0,,6.0,,,150.0,,-39.6300048828,0.0,204.0,,,,
121.55327787,560,412,360700,42.2872436111,-83.7203591667,47.0,0.179999992251,0.0,,6.0,,,150.0,,-39.6300048828,0.0,191.5,,,,
121.55327787,560,412,361600,42.2872436111,-83.7203591667,49.0,0.170000001788,0.0,,6.0,,,150.0,,-39.6300048828,0.0,191.5,,,,
121.55327787,560,412,362400,42.2872436111,-83.7203591667,49.0,0.170000001788,0.0,,6.0,,,150.0,,-38.6499938965,0.0,191.5,,,,
121.55327787,560,412,362700,42.2872436111,-83.7203591667,51.0,0.170000001788,0.0,,6.0,,,150.0,,-38.6499938965,0.0,191.5,,,,
121.55327787,560,412,362800,42.2872141667,-83.7208755556,51.0,0.170000001788,0.0,,6.0,,,150.0,,-38.6499938965,0.0,191.5,,,,
121.55327787,560,412,363400,42.2872141667,-83.7208755556,51.0,0.170000001788,0.0,,6.0,,,150.0,,-34.7399902344,0.0,191.5,,,,
121.55327787,560,412,363600,42.2872141667,-83.7208755556,51.0,0.179999992251,0.0,,6.0,,,150.0,,-34.7399902344,0.0,191.5,,,,
121.55327787,560,412,363700,42.2872141667,-83.7208755556,52.0,0.179999992251,0.0,,6.0,,,150.0,,-34.7399902344,0.0,191.5,,,,
121.55327787,560,412,364400,42.2872141667,-83.7208755556,52.0,0.179999992251,0.0,,6.0,,,150.0,,-32.7799987793,0.0,191.5,,,,
121.55327787,560,412,364800,42.2872141667,-83.7208755556,54.0,0.179999992251,0.0,,6.0,,,150.0,,-32.7799987793,0.0,191.5,,,,
121.55327787,560,412,365500,42.2872141667,-83.7208755556,54.0,0.179999992251,0.0,,6.0,,,150.0,,-37.6700134277,0.0,191.5,,,,
121.55327787,560,412,365700,42.2872141667,-83.7208755556,54.0,0.179999992251,0.0,,6.0,,,150.0,,-37.6700134277,0.0,190.5,,,,
121.55327787,560,412,365900,42.2871969444,-83.7214333333,54.0,0.179999992251,0.0,,6.0,,,150.0,,-37.6700134277,0.0,190.5,,,,
121.55327787,560,412,366800,42.2871969444,-83.7214333333,55.0,0.179999992251,0.0,,6.0,,,150.0,,-37.6700134277,0.0,190.5,,,,
121.55327787,560,412,367600,42.2871969444,-83.7214333333,55.0,0.179999992251,0.0,,6.0,,,150.0,,-27.4100036621,0.0,190.5,,,,
121.55327787,560,412,367900,42.2871969444,-83.7214333333,56.0,0.179999992251,0.0,,6.0,,,150.0,,-27.4100036621,0.0,190.5,,,,
121.55327787,560,412,368600,42.2871969444,-83.7214333333,56.0,0.179999992251,0.0,,6.0,,,150.0,,1.92001342773,0.0,190.5,,,,
121.55327787,560,412,368800,42.2871869444,-83.7220005556,56.0,0.179999992251,0.0,,6.0,,,150.0,,1.92001342773,0.0,190.5,,,,
121.55327787,560,412,369000,42.2871869444,-83.7220005556,55.0,0.179999992251,0.0,,6.0,,,150.0,,1.92001342773,0.0,190.5,,,,
121.55327787,560,412,369700,42.2871869444,-83.7220005556,55.0,0.179999992251,0.0,,6.0,,,150.0,,-3.45999145508,0.0,190.5,,,,
121.55327787,560,412,370800,42.2871869444,-83.7220005556,55.0,0.179999992251,0.0,,6.0,,,150.0,,4.35998535156,0.0,197.0,,,,
121.55327787,560,412,371800,42.2871791667,-83.7225647222,55.0,0.179999992251,0.0,,6.0,,,150.0,,-6.39001464844,0.0,197.0,,,,
121.55327787,560,412,372200,42.2871791667,-83.7225647222,54.0,0.179999992251,0.0,,6.0,,,150.0,,-6.39001464844,0.0,197.0,,,,
121.55327787,560,412,372900,42.2871791667,-83.7225647222,54.0,0.179999992251,0.0,,6.0,,,150.0,,-6.88000488281,0.0,197.0,,,,
121.55327787,560,412,373900,42.2871791667,-83.7225647222,54.0,0.179999992251,0.0,,6.0,,,150.0,,-2.9700012207,0.0,197.0,,,,
121.55327787,560,412,375000,42.2871669444,-83.7231219444,54.0,0.179999992251,0.0,,6.0,,,150.0,,-0.529998779297,0.0,197.0,,,,
121.55327787,560,412,375300,42.2871669444,-83.7231219444,53.0,0.179999992251,0.0,,6.0,,,150.0,,-0.529998779297,0.0,197.0,,,,
121.55327787,560,412,375800,42.2871669444,-83.7231219444,53.0,0.179999992251,0.0,,6.0,,,150.0,,-0.529998779297,0.0,198.0,,,,
121.55327787,560,412,376000,42.2871669444,-83.7231219444,53.0,0.179999992251,0.0,,6.0,,,150.0,,-5.41000366211,0.0,198.0,,,,
121.55327787,560,412,377000,42.2871669444,-83.7231219444,53.0,0.179999992251,0.0,,6.0,,,150.0,,-0.529998779297,0.0,198.0,,,,
121.55327787,560,412,377800,42.2871613889,-83.7236686111,53.0,0.179999992251,0.0,,6.0,,,150.0,,-0.529998779297,0.0,198.0,,,,
121.55327787,560,412,378100,42.2871613889,-83.7236686111,53.0,0.179999992251,0.0,,6.0,,,150.0,,-16.6499938965,0.0,198.0,,,,
121.55327787,560,412,378400,42.2871613889,-83.7236686111,52.0,0.179999992251,0.0,,6.0,,,150.0,,-16.6499938965,0.0,198.0,,,,
121.55327787,560,412,379000,42.2871613889,-83.7236686111,52.0,0.179999992251,0.0,,6.0,,,150.0,,-16.6499938965,1.0,198.0,,,,
121.55327787,560,412,379100,42.2871613889,-83.7236686111,52.0,0.179999992251,0.0,,6.0,,,150.0,,-15.6799926758,1.0,198.0,,,,
121.55327787,560,412,379800,42.2871613889,-83.7236686111,52.0,0.179999992251,0.0,,6.0,,,0.0,,-15.6799926758,1.0,198.0,,,,
121.55327787,560,412,380200,42.2871613889,-83.7236686111,52.0,0.179999992251,0.0,,6.0,,,0.0,,-11.2799987793,1.0,198.0,,,,
121.55327787,560,412,380900,42.2871563889,-83.7242069444,52.0,0.179999992251,0.0,,6.0,,,0.0,,-11.2799987793,1.0,197.0,,,,
121.55327787,560,412,381200,42.2871563889,-83.7242069444,52.0,0.179999992251,0.0,,6.0,,,0.0,,-3.45999145508,1.0,197.0,,,,
121.55327787,560,412,381600,42.2871563889,-83.7242069444,52.0,0.170000001788,0.0,,6.0,,,0.0,,-3.45999145508,1.0,197.0,,,,
121.55327787,560,412,382200,42.2871563889,-83.7242069444,52.0,0.170000001788,0.0,,6.0,,,0.0,,-8.35000610352,1.0,197.0,,,,
121.55327787,560,412,382600,42.2871563889,-83.7242069444,53.0,0.170000001788,0.0,,6.0,,,0.0,,-8.35000610352,1.0,197.0,,,,
121.55327787,560,412,383300,42.2871563889,-83.7242069444,53.0,0.170000001788,0.0,,6.0,,,0.0,,-23.9899902344,1.0,197.0,,,,
121.55327787,560,412,383600,42.2871563889,-83.7242069444,54.0,0.179999992251,0.0,,6.0,,,0.0,,-23.9899902344,1.0,197.0,,,,
121.55327787,560,412,383800,42.2871452778,-83.7247511111,54.0,0.179999992251,0.0,,6.0,,,0.0,,-23.9899902344,1.0,197.0,,,,
121.55327787,560,412,384300,42.2871452778,-83.7247511111,54.0,0.179999992251,0.0,,6.0,,,0.0,,-23.5,1.0,197.0,,,,
121.55327787,560,412,384600,42.2871452778,-83.7247511111,55.0,0.179999992251,0.0,,6.0,,,0.0,,-23.5,1.0,197.0,,,,
121.55327787,560,412,385400,42.2871452778,-83.7247511111,55.0,0.179999992251,0.0,,6.0,,,0.0,,-27.4100036621,1.0,197.0,,,,
121.55327787,560,412,385900,42.2871452778,-83.7247511111,55.0,0.179999992251,0.0,,6.0,,,0.0,,-27.4100036621,1.0,194.5,,,,
121.55327787,560,412,386400,42.2871452778,-83.7247511111,55.0,0.179999992251,0.0,,6.0,,,0.0,,-26.4299926758,1.0,194.5,,,,
121.55327787,560,412,387400,42.2871452778,-83.7247511111,55.0,0.179999992251,0.0,,6.0,,,0.0,,22.9400024414,1.0,194.5,,,,
121.55327787,560,412,387800,42.2871333333,-83.7254919444,55.0,0.179999992251,0.0,,6.0,,,0.0,,22.9400024414,1.0,194.5,,,,
121.55327787,560,412,388500,42.2871333333,-83.7254919444,55.0,0.179999992251,0.0,,6.0,,,0.0,,24.8900146484,1.0,194.5,,,,
121.55327787,560,412,388800,42.2871333333,-83.7254919444,54.0,0.179999992251,0.0,,6.0,,,0.0,,24.8900146484,1.0,194.5,,,,
121.55327787,560,412,389500,42.2871333333,-83.7254919444,54.0,0.179999992251,0.0,,6.0,,,0.0,,9.73999023438,1.0,194.5,,,,
121.55327787,560,412,389800,42.2871294444,-83.7258519444,54.0,0.179999992251,0.0,,6.0,,,0.0,,9.73999023438,1.0,194.5,,,,
121.55327787,560,412,390300,42.2871294444,-83.7258519444,54.0,0.179999992251,0.0,,6.0,,,0.0,,9.73999023438,1.0,194.5,,,,
121.55327787,560,412,390600,42.2871294444,-83.7258519444,54.0,0.179999992251,0.0,,6.0,,,0.0,,-39.6300048828,1.0,194.5,,,,
121.55327787,560,412,391000,42.2871294444,-83.7258519444,54.0,0.179999992251,0.0,,6.0,,,0.0,,-39.6300048828,1.0,193.0,,,,
121.55327787,560,412,391600,42.2871294444,-83.7258519444,54.0,0.179999992251,0.0,,6.0,,,0.0,,-29.3599853516,1.0,193.0,,,,
121.55327787,560,412,391900,42.2871294444,-83.7258519444,55.0,0.179999992251,0.0,,6.0,,,0.0,,-29.3599853516,1.0,193.0,,,,
121.55327787,560,412,392600,42.2871294444,-83.7258519444,55.0,0.179999992251,0.0,,6.0,,,0.0,,-0.0400085449219,1.0,193.0,,,,
121.55327787,560,412,393700,42.2871294444,-83.7258519444,55.0,0.179999992251,0.0,,6.0,,,0.0,,6.80999755859,1.0,193.0,,,,
121.55327787,560,412,393800,42.2871130556,-83.7265911111,55.0,0.179999992251,0.0,,6.0,,,0.0,,6.80999755859,1.0,193.0,,,,
121.55327787,560,412,394000,42.2871130556,-83.7265911111,54.0,0.179999992251,0.0,,6.0,,,0.0,,6.80999755859,1.0,193.0,,,,
121.55327787,560,412,394700,42.2871130556,-83.7265911111,54.0,0.179999992251,0.0,,6.0,,,0.0,,-29.8500061035,1.0,193.0,,,,
121.55327787,560,412,395800,42.2871130556,-83.7265911111,54.0,0.179999992251,0.0,,6.0,,,0.0,,-33.2699890137,1.0,193.0,,,,
121.55327787,560,412,396100,42.2871130556,-83.7265911111,55.0,0.179999992251,0.0,,6.0,,,0.0,,-33.2699890137,1.0,193.0,,,,
121.55327787,560,412,396800,42.2871130556,-83.7265911111,55.0,0.179999992251,0.0,,6.0,,,0.0,,-29.3599853516,1.0,193.0,,,,
121.55327787,560,412,397000,42.2871075,-83.7271561111,55.0,0.179999992251,0.0,,6.0,,,0.0,,-29.3599853516,1.0,193.0,,,,
121.55327787,560,412,397600,42.2871075,-83.7271561111,55.0,0.170000001788,0.0,,6.0,,,0.0,,-29.3599853516,1.0,193.0,,,,
121.55327787,560,412,397800,42.2871075,-83.7271561111,55.0,0.170000001788,0.0,,6.0,,,0.0,,-33.7600097656,1.0,193.0,,,,
121.55327787,560,412,398200,42.2871075,-83.7271561111,56.0,0.170000001788,0.0,,6.0,,,0.0,,-33.7600097656,1.0,193.0,,,,
121.55327787,560,412,398900,42.2871075,-83.7271561111,56.0,0.170000001788,0.0,,6.0,,,0.0,,-47.9299926758,1.0,193.0,,,,
121.55327787,560,412,399500,42.2871075,-83.7271561111,56.0,0.170000001788,1181.0,,6.0,,,0.0,,-47.9299926758,1.0,193.0,,,,
121.55327787,560,412,399600,42.2871075,-83.7271561111,56.0,9.69999980927,1181.0,,6.0,,,0.0,,-47.9299926758,1.0,193.0,,,,
121.55327787,560,412,399800,42.2871016667,-83.7277286111,56.0,9.69999980927,1181.0,,6.0,,,0.0,,-47.9299926758,1.0,193.0,,,,
121.55327787,560,412,399900,42.2871016667,-83.7277286111,56.0,9.69999980927,1181.0,,6.0,,,0.0,,0.450012207031,1.0,193.0,,,,
121.55327787,560,412,401000,42.2871016667,-83.7277286111,56.0,9.69999980927,1181.0,,6.0,,,0.0,,-0.529998779297,1.0,196.5,,,,
121.55327787,560,412,401500,42.2871016667,-83.7277286111,56.0,9.69999980927,1233.0,,6.0,,,0.0,,-0.529998779297,1.0,196.5,,,,
121.55327787,560,412,401600,42.2871016667,-83.7277286111,56.0,8.92000007629,1233.0,,6.0,,,0.0,,-0.529998779297,1.0,196.5,,,,
121.55327787,560,412,402000,42.2871016667,-83.7277286111,56.0,8.92000007629,1233.0,,6.0,,,0.0,,3.38000488281,1.0,196.5,,,,
121.55327787,560,412,403000,42.2871013889,-83.7283036111,56.0,8.92000007629,1233.0,,6.0,,,0.0,,3.38000488281,1.0,196.5,,,,
121.55327787,560,412,403100,42.2871013889,-83.7283036111,56.0,8.92000007629,1233.0,,6.0,,,0.0,,2.41000366211,1.0,196.5,,,,
121.55327787,560,412,403600,42.2871013889,-83.7283036111,56.0,8.92000007629,1205.0,,6.0,,,0.0,,2.41000366211,1.0,196.5,,,,
121.55327787,560,412,403700,42.2871013889,-83.7283036111,56.0,9.05999946594,1205.0,,6.0,,,0.0,,2.41000366211,1.0,196.5,,,,
121.55327787,560,412,404200,42.2871013889,-83.7283036111,56.0,9.05999946594,1205.0,,6.0,,,0.0,,-1.01000976563,1.0,196.5,,,,
121.55327787,560,412,405200,42.2871013889,-83.7283036111,56.0,9.05999946594,1205.0,,6.0,,,0.0,,-0.0400085449219,1.0,196.5,,,,
121.55327787,560,412,405600,42.2871013889,-83.7283036111,56.0,9.05999946594,1197.0,,6.0,,,0.0,,-0.0400085449219,1.0,196.5,,,,
121.55327787,560,412,405700,42.2871013889,-83.7283036111,56.0,8.47999954224,1197.0,,6.0,,,0.0,,-0.0400085449219,1.0,196.5,,,,
121.55327787,560,412,405800,42.2870961111,-83.7288786111,56.0,8.47999954224,1197.0,,6.0,,,0.0,,-0.0400085449219,1.0,196.5,,,,
121.55327787,560,412,406000,42.2870961111,-83.7288786111,56.0,8.47999954224,1197.0,,6.0,,,0.0,,-0.0400085449219,1.0,198.5,,,,
121.55327787,560,412,406200,42.2870961111,-83.7288786111,56.0,8.47999954224,1197.0,,6.0,,,0.0,,6.32000732422,1.0,198.5,,,,
121.55327787,560,412,407200,42.2870961111,-83.7288786111,56.0,8.47999954224,1197.0,,6.0,,,0.0,,-28.8699951172,1.0,198.5,,,,
121.55327787,560,412,407600,42.2870961111,-83.7288786111,56.0,8.47999954224,114.0,,6.0,,,0.0,,-28.8699951172,1.0,198.5,,,,
121.55327787,560,412,407700,42.2870961111,-83.7288786111,56.0,0.839999973774,114.0,,6.0,,,0.0,,-28.8699951172,1.0,198.5,,,,
121.55327787,560,412,408300,42.2870961111,-83.7288786111,56.0,0.839999973774,114.0,,6.0,,,0.0,,-48.4200134277,1.0,198.5,,,,
121.55327787,560,412,408900,42.2870736111,-83.7294625,56.0,0.839999973774,114.0,,6.0,,,0.0,,-48.4200134277,1.0,198.5,,,,
121.55327787,560,412,409300,42.2870736111,-83.7294625,56.0,0.839999973774,114.0,,6.0,,,0.0,,-58.200012207,1.0,198.5,,,,
121.55327787,560,412,409600,42.2870736111,-83.7294625,56.0,0.839999973774,0.0,,6.0,,,0.0,,-58.200012207,1.0,198.5,,,,
121.55327787,560,412,409700,42.2870736111,-83.7294625,56.0,0.199999988079,0.0,,6.0,,,0.0,,-58.200012207,1.0,198.5,,,,
121.55327787,560,412,410400,42.2870736111,-83.7294625,56.0,0.199999988079,0.0,,6.0,,,0.0,,-55.75,1.0,198.5,,,,
121.55327787,560,412,411100,42.2870736111,-83.7294625,56.0,0.199999988079,0.0,,6.0,,,0.0,,-55.75,1.0,190.0,,,,
121.55327787,560,412,411400,42.2870736111,-83.7294625,56.0,0.199999988079,0.0,,6.0,,,0.0,,-38.1600036621,1.0,190.0,,,,
121.55327787,560,412,412000,42.2869888889,-83.7300283333,56.0,0.199999988079,0.0,,6.0,,,0.0,,-38.1600036621,1.0,190.0,,,,
121.55327787,560,412,412400,42.2869888889,-83.7300283333,56.0,0.199999988079,0.0,,6.0,,,0.0,,-28.3800048828,1.0,190.0,,,,
121.55327787,560,412,413500,42.2869888889,-83.7300283333,56.0,0.199999988079,0.0,,6.0,,,0.0,,19.5100097656,1.0,190.0,,,,
121.55327787,560,412,413700,42.2869888889,-83.7300283333,56.0,0.179999992251,0.0,,6.0,,,0.0,,19.5100097656,1.0,190.0,,,,
121.55327787,560,412,413900,42.2869888889,-83.7300283333,55.0,0.179999992251,0.0,,6.0,,,0.0,,19.5100097656,1.0,190.0,,,,
121.55327787,560,412,414500,42.2869888889,-83.7300283333,55.0,0.179999992251,0.0,,6.0,,,0.0,,23.9100036621,1.0,190.0,,,,
121.55327787,560,412,414800,42.2868755556,-83.73056,55.0,0.179999992251,0.0,,6.0,,,0.0,,23.9100036621,1.0,190.0,,,,
121.55327787,560,412,414900,42.2868755556,-83.73056,53.0,0.179999992251,0.0,,6.0,,,0.0,,23.9100036621,1.0,190.0,,,,
121.55327787,560,412,415600,42.2868755556,-83.73056,53.0,0.179999992251,0.0,,6.0,,,0.0,,24.8900146484,1.0,190.0,,,,
121.55327787,560,412,416000,42.2868755556,-83.73056,51.0,0.179999992251,0.0,,6.0,,,0.0,,24.8900146484,1.0,190.0,,,,
121.55327787,560,412,416100,42.2868755556,-83.73056,51.0,0.179999992251,0.0,,6.0,,,0.0,,24.8900146484,1.0,200.5,,,,
121.55327787,560,412,416600,42.2868755556,-83.73056,51.0,0.179999992251,0.0,,6.0,,,0.0,,22.9400024414,1.0,200.5,,,,
121.55327787,560,412,417000,42.2868755556,-83.73056,49.0,0.179999992251,0.0,,6.0,,,0.0,,22.9400024414,1.0,200.5,,,,
121.55327787,560,412,417600,42.2868755556,-83.73056,49.0,0.179999992251,0.0,,6.0,,,0.0,,21.4700012207,1.0,200.5,,,,
121.55327787,560,412,417900,42.2867844444,-83.7310336111,49.0,0.179999992251,0.0,,6.0,,,0.0,,21.4700012207,1.0,200.5,,,,
121.55327787,560,412,418000,42.2867844444,-83.7310336111,46.0,0.179999992251,0.0,,6.0,,,0.0,,21.4700012207,1.0,200.5,,,,
121.55327787,560,412,418700,42.2867844444,-83.7310336111,46.0,0.179999992251,0.0,,6.0,,,0.0,,95.2700042725,1.0,200.5,,,,
121.55327787,560,412,419100,42.2867844444,-83.7310336111,41.0,0.179999992251,0.0,,6.0,,,0.0,,95.2700042725,1.0,200.5,,,,
121.55327787,560,412,419700,42.2867844444,-83.7310336111,41.0,0.179999992251,0.0,,6.0,,,0.0,,82.5599975586,1.0,200.5,,,,
121.55327787,560,412,420100,42.2867844444,-83.7310336111,35.0,0.179999992251,0.0,,6.0,,,0.0,,82.5599975586,1.0,200.5,,,,
121.55327787,560,412,420800,42.2867844444,-83.7310336111,35.0,0.179999992251,0.0,,6.0,,,0.0,,67.4100036621,1.0,200.5,,,,
121.55327787,560,412,420900,42.2867433333,-83.7313652778,35.0,0.179999992251,0.0,,6.0,,,0.0,,67.4100036621,1.0,200.5,,,,
121.55327787,560,412,421200,42.2867433333,-83.7313652778,30.0,0.179999992251,0.0,,6.0,,,0.0,,67.4100036621,1.0,206.5,,,,
121.55327787,560,412,421800,42.2867433333,-83.7313652778,30.0,0.179999992251,0.0,,6.0,,,0.0,,61.0599975586,1.0,206.5,,,,
121.55327787,560,412,422200,42.2867433333,-83.7313652778,22.0,0.179999992251,0.0,,6.0,,,0.0,,61.0599975586,1.0,206.5,,,,
121.55327787,560,412,422800,42.2867433333,-83.7313652778,22.0,0.179999992251,0.0,,6.0,,,0.0,,35.1499938965,1.0,206.5,,,,
121.55327787,560,412,423200,42.2867433333,-83.7313652778,17.0,0.179999992251,0.0,,6.0,,,0.0,,35.1499938965,1.0,206.5,,,,
121.55327787,560,412,423900,42.2867433333,-83.7313652778,17.0,0.179999992251,0.0,,6.0,,,0.0,,23.9100036621,1.0,206.5,,,,
121.55327787,560,412,424000,42.2867308333,-83.7315491667,17.0,0.179999992251,0.0,,6.0,,,0.0,,23.9100036621,1.0,206.5,,,,
121.55327787,560,412,424300,42.2867308333,-83.7315491667,13.0,0.179999992251,0.0,,6.0,,,0.0,,23.9100036621,1.0,206.5,,,,
121.55327787,560,412,424900,42.2867308333,-83.7315491667,13.0,0.179999992251,0.0,,6.0,,,0.0,,5.33999633789,1.0,206.5,,,,
121.55327787,560,412,425300,42.2867308333,-83.7315491667,10.0,0.179999992251,0.0,,6.0,,,0.0,,5.33999633789,1.0,206.5,,,,
121.55327787,560,412,426000,42.2867308333,-83.7315491667,10.0,0.179999992251,0.0,,6.0,,,0.0,,-2.9700012207,1.0,206.5,,,,
121.55327787,560,412,426200,42.2867308333,-83.7315491667,10.0,0.179999992251,0.0,,6.0,,,0.0,,-2.9700012207,1.0,197.5,,,,
121.55327787,560,412,426400,42.2867308333,-83.7315491667,8.0,0.179999992251,0.0,,6.0,,,0.0,,-2.9700012207,1.0,197.5,,,,
121.55327787,560,412,427000,42.2867247222,-83.73164,8.0,0.179999992251,0.0,,6.0,,,0.0,,-3.95001220703,1.0,197.5,,,,
121.55327787,560,412,427400,42.2867247222,-83.73164,6.0,0.179999992251,0.0,,6.0,,,0.0,,-3.95001220703,1.0,197.5,,,,
121.55327787,560,412,428000,42.2867247222,-83.73164,6.0,0.179999992251,0.0,,6.0,,,0.0,,-5.41000366211,1.0,197.5,,,,
121.55327787,560,412,428400,42.2867247222,-83.73164,5.0,0.179999992251,0.0,,6.0,,,0.0,,-5.41000366211,1.0,197.5,,,,
121.55327787,560,412,429100,42.2867247222,-83.73164,5.0,0.179999992251,0.0,,6.0,,,0.0,,-23.9899902344,1.0,197.5,,,,
121.55327787,560,412,429500,42.2867247222,-83.73164,6.0,0.179999992251,0.0,,6.0,,,0.0,,-23.9899902344,1.0,197.5,,,,
121.55327787,560,412,429900,42.2867247222,-83.7317097222,6.0,0.179999992251,0.0,,6.0,,,0.0,,-23.9899902344,1.0,197.5,,,,
121.55327787,560,412,430100,42.2867247222,-83.7317097222,6.0,0.179999992251,0.0,,6.0,,,0.0,,-18.6099853516,1.0,197.5,,,,
121.55327787,560,412,430500,42.2867247222,-83.7317097222,7.0,0.179999992251,0.0,,6.0,,,0.0,,-18.6099853516,1.0,197.5,,,,
121.55327787,560,412,431200,42.2867247222,-83.7317097222,7.0,0.179999992251,0.0,,6.0,,,0.0,,-12.2600097656,1.0,196.5,,,,
121.55327787,560,412,432200,42.2867247222,-83.7317097222,7.0,0.179999992251,0.0,,6.0,,,0.0,,-10.299987793,1.0,196.5,,,,
121.55327787,560,412,432900,42.2867319444,-83.7317816667,7.0,0.179999992251,0.0,,6.0,,,0.0,,-10.299987793,1.0,196.5,,,,
121.55327787,560,412,433200,42.2867319444,-83.7317816667,7.0,0.179999992251,0.0,,6.0,,,0.0,,-9.32000732422,1.0,196.5,,,,
121.55327787,560,412,434700,42.2867319444,-83.7317816667,6.0,0.179999992251,0.0,,6.0,,,0.0,,-9.32000732422,1.0,196.5,,,,
121.55327787,560,412,435400,42.2867319444,-83.7317816667,6.0,0.179999992251,0.0,,6.0,,,0.0,,-5.89999389648,1.0,196.5,,,,
121.55327787,560,412,435700,42.2867319444,-83.7317816667,6.0,0.170000001788,0.0,,6.0,,,0.0,,-5.89999389648,1.0,196.5,,,,
121.55327787,560,412,436000,42.2867372222,-83.7318502778,6.0,0.170000001788,0.0,,6.0,,,0.0,,-5.89999389648,1.0,196.5,,,,
121.55327787,560,412,436300,42.2867372222,-83.7318502778,6.0,0.170000001788,0.0,,6.0,,,0.0,,-5.89999389648,1.0,197.0,,,,
121.55327787,560,412,436400,42.2867372222,-83.7318502778,6.0,0.170000001788,0.0,,6.0,,,0.0,,-6.39001464844,1.0,197.0,,,,
121.55327787,560,412,436800,42.2867372222,-83.7318502778,5.0,0.170000001788,0.0,,6.0,,,0.0,,-6.39001464844,1.0,197.0,,,,
121.55327787,560,412,437500,42.2867372222,-83.7318502778,5.0,0.170000001788,0.0,,6.0,,,0.0,,-7.85998535156,1.0,197.0,,,,
121.55327787,560,412,437800,42.2867372222,-83.7318502778,5.0,0.179999992251,0.0,,6.0,,,0.0,,-7.85998535156,1.0,197.0,,,,
121.55327787,560,412,437900,42.2867372222,-83.7318502778,4.0,0.179999992251,0.0,,6.0,,,0.0,,-7.85998535156,1.0,197.0,,,,
121.55327787,560,412,438600,42.2867372222,-83.7318502778,4.0,0.179999992251,0.0,,6.0,,,0.0,,-6.88000488281,1.0,197.0,,,,
121.55327787,560,412,438900,42.2867372222,-83.7318502778,3.0,0.179999992251,0.0,,6.0,,,0.0,,-6.88000488281,1.0,197.0,,,,
121.55327787,560,412,439000,42.2867386111,-83.731885,3.0,0.179999992251,0.0,,6.0,,,0.0,,-6.88000488281,0.0,197.0,,,,
121.55327787,560,412,439600,42.2867386111,-83.731885,3.0,0.179999992251,0.0,,6.0,,,0.0,,-5.41000366211,0.0,197.0,,,,
121.55327787,560,412,440600,42.2867386111,-83.731885,3.0,0.179999992251,0.0,,6.0,,,0.0,,-3.95001220703,0.0,197.0,,,,
121.55327787,560,412,441500,42.2867386111,-83.731885,0.0,0.179999992251,0.0,,6.0,,,0.0,,-1.98999023438,0.0,197.0,,,,
121.55327787,560,412,441600,42.2867386111,-83.731885,0.0,0.170000001788,0.0,,6.0,,,0.0,,-1.98999023438,0.0,197.0,,,,
121.55327787,560,412,445700,42.2867386111,-83.731885,0.0,0.170000001788,0.0,,6.0,,,0.0,,-1.5,0.0,197.0,,,,
121.55327787,560,412,446600,42.2867386111,-83.731885,0.0,0.179999992251,0.0,,6.0,,,0.0,,-1.5,0.0,197.0,,,,
121.55327787,560,412,446700,42.2867386111,-83.731885,0.0,0.179999992251,0.0,,6.0,,,0.0,,-1.98999023438,0.0,197.0,,,,
121.55327787,560,412,447800,42.2867386111,-83.731885,0.0,0.179999992251,0.0,,6.0,,,0.0,,-1.5,0.0,197.0,,,,
121.55327787,560,412,450300,42.2867386111,-83.731885,0.0,0.179999992251,0.0,,6.0,,,0.0,,-1.5,0.0,197.0,,,,
121.55327787,560,412,451900,42.2867386111,-83.731885,0.0,0.179999992251,0.0,,6.0,,,0.0,,-1.98999023438,0.0,197.0,,,,
121.55327787,560,412,454000,42.2867386111,-83.731885,0.0,0.179999992251,0.0,,6.0,,,0.0,,-1.5,0.0,197.0,,,,
121.55327787,560,412,455000,42.2867386111,-83.731885,0.0,0.179999992251,0.0,,6.0,,,0.0,,-1.98999023438,0.0,197.0,,,,
121.55327787,560,412,456100,42.2867386111,-83.731885,0.0,0.179999992251,0.0,,6.0,,,0.0,,-1.5,0.0,197.0,,,,
121.55327787,560,412,457100,42.2867386111,-83.731885,0.0,0.179999992251,0.0,,6.0,,,0.0,,-1.98999023438,0.0,197.0,,,,
121.55327787,560,412,462300,42.2867386111,-83.731885,0.0,0.179999992251,0.0,,6.0,,,0.0,,-1.5,0.0,197.0,,,,
121.55327787,560,412,464400,42.2867386111,-83.731885,0.0,0.179999992251,0.0,,6.0,,,0.0,,-1.98999023438,0.0,197.0,,,,
121.55327787,560,412,468900,42.2867333333,-83.7319502778,0.0,0.179999992251,0.0,,6.0,,,0.0,,-1.98999023438,0.0,197.0,,,,
121.55327787,560,412,469700,42.2867333333,-83.7319502778,0.0,0.179999992251,0.0,,6.0,,,0.0,,-2.48001098633,0.0,197.0,,,,
121.55327787,560,412,470800,42.2867333333,-83.7319502778,0.0,0.179999992251,0.0,,6.0,,,0.0,,-2.9700012207,0.0,197.0,,,,
121.55327787,560,412,471800,42.2867333333,-83.7319502778,0.0,0.179999992251,0.0,,6.0,,,0.0,,-2.48001098633,0.0,197.0,,,,
121.55327787,560,412,472800,42.2867333333,-83.7319502778,0.0,0.179999992251,0.0,,6.0,,,0.0,,-2.9700012207,0.0,197.0,,,,
121.55327787,560,412,474900,42.2867333333,-83.7319502778,0.0,0.179999992251,0.0,,6.0,,,0.0,,-2.48001098633,0.0,197.0,,,,
121.55327787,560,412,476000,42.2867333333,-83.7319502778,0.0,0.179999992251,0.0,,6.0,,,0.0,,-3.45999145508,0.0,197.0,,,,
121.55327787,560,412,476800,42.2867333333,-83.7319502778,0.0,0.170000001788,0.0,,6.0,,,0.0,,-3.45999145508,0.0,197.0,,,,
121.55327787,560,412,477000,42.2867333333,-83.7319502778,0.0,0.170000001788,0.0,,6.0,,,0.0,,-2.48001098633,0.0,197.0,,,,
121.55327787,560,412,478000,42.2867333333,-83.7319502778,0.0,0.170000001788,0.0,,6.0,,,0.0,,-2.9700012207,0.0,197.0,,,,
121.55327787,560,412,482200,42.2867333333,-83.7319502778,0.0,0.170000001788,0.0,,6.0,,,0.0,,-3.45999145508,0.0,197.0,,,,
121.55327787,560,412,483200,42.2867333333,-83.7319502778,0.0,0.170000001788,0.0,,6.0,,,0.0,,-11.2799987793,0.0,197.0,,,,
121.55327787,560,412,483900,42.28671,-83.7319891667,0.0,0.170000001788,0.0,,6.0,,,0.0,,-11.2799987793,0.0,197.0,,,,
121.55327787,560,412,484300,42.28671,-83.7319891667,0.0,0.170000001788,0.0,,6.0,,,0.0,,-48.4200134277,0.0,197.0,,,,
121.55327787,560,412,484800,42.28671,-83.7319891667,14.0,0.170000001788,1867.0,,6.0,,,0.0,,-48.4200134277,0.0,196.0,,,,
121.55327787,560,412,484900,42.28671,-83.7319891667,14.0,15.75,1867.0,,6.0,,,0.0,,0.450012207031,0.0,196.0,,,,
121.55327787,560,412,486800,42.28671,-83.7319891667,19.0,15.75,1133.0,,6.0,,,0.0,,0.450012207031,0.0,196.0,,,,
121.55327787,560,412,486900,42.2866805556,-83.7321455556,19.0,9.8499994278,1133.0,,6.0,,,0.0,,-0.0400085449219,0.0,196.0,,,,
121.55327787,560,412,488000,42.2866805556,-83.7321455556,19.0,9.8499994278,1133.0,,6.0,,,0.0,,-11.2799987793,0.0,196.0,,,,
121.55327787,560,412,488800,42.2866805556,-83.7321455556,19.0,9.8499994278,114.0,,6.0,,,0.0,,-11.2799987793,0.0,196.0,,,,
121.55327787,560,412,488900,42.2866805556,-83.7321455556,19.0,1.17999994755,114.0,,6.0,,,0.0,,-11.2799987793,0.0,196.0,,,,
121.55327787,560,412,489000,42.2866805556,-83.7321455556,19.0,1.17999994755,114.0,,6.0,,,0.0,,-12.2600097656,0.0,196.0,,,,
121.55327787,560,412,489800,42.2866805556,-83.7321455556,19.0,1.17999994755,114.0,,6.0,,,0.0,,-12.2600097656,0.0,188.5,,,,
121.55327787,560,412,490000,42.2866455556,-83.7323369444,20.0,1.17999994755,114.0,,6.0,,,0.0,,-73.3500061035,0.0,188.5,,,,
121.55327787,560,412,490800,42.2866455556,-83.7323369444,20.0,1.17999994755,2610.0,,6.0,,,0.0,,-73.3500061035,0.0,188.5,,,,
121.55327787,560,412,490900,42.2866455556,-83.7323369444,20.0,27.9599990845,2610.0,,6.0,,,0.0,,-73.3500061035,0.0,188.5,,,,
121.55327787,560,412,491000,42.2866455556,-83.7323369444,25.0,27.9599990845,2610.0,,6.0,,,0.0,,-73.3500061035,0.0,188.5,,,,
121.55327787,560,412,491100,42.2866455556,-83.7323369444,25.0,27.9599990845,2610.0,,6.0,,,0.0,,-6.88000488281,0.0,188.5,,,,
121.55327787,560,412,492000,42.2866455556,-83.7323369444,30.0,27.9599990845,2610.0,,6.0,,,0.0,,-6.88000488281,0.0,188.5,,,,
121.55327787,560,412,492800,42.2866455556,-83.7323369444,30.0,27.9599990845,2810.0,,6.0,,,0.0,,-6.88000488281,0.0,188.5,,,,
121.55327787,560,412,492900,42.2865638889,-83.7326380556,30.0,29.0399990082,2810.0,,6.0,,,0.0,,-6.88000488281,0.0,188.5,,,,
121.55327787,560,412,493100,42.2865638889,-83.7326380556,35.0,29.0399990082,2810.0,,6.0,,,0.0,,-6.88000488281,0.0,188.5,,,,
121.55327787,560,412,493200,42.2865638889,-83.7326380556,35.0,29.0399990082,2810.0,,6.0,,,0.0,,-19.5899963379,0.0,188.5,,,,
121.55327787,560,412,494100,42.2865638889,-83.7326380556,40.0,29.0399990082,2810.0,,6.0,,,0.0,,-19.5899963379,0.0,188.5,,,,
121.55327787,560,412,494200,42.2865638889,-83.7326380556,40.0,29.0399990082,2810.0,,6.0,,,0.0,,48.3500061035,0.0,188.5,,,,
121.55327787,560,412,494800,42.2865638889,-83.7326380556,40.0,29.0399990082,2048.0,,6.0,,,0.0,,48.3500061035,0.0,198.5,,,,
121.55327787,560,412,494900,42.2865638889,-83.7326380556,40.0,16.5699996948,2048.0,,6.0,,,0.0,,48.3500061035,0.0,198.5,,,,
121.55327787,560,412,495200,42.2865638889,-83.7326380556,42.0,16.5699996948,2048.0,,6.0,,,0.0,,10.2300109863,0.0,198.5,,,,
121.55327787,560,412,496200,42.2865638889,-83.7326380556,44.0,16.5699996948,2048.0,,6.0,,,0.0,,10.2300109863,0.0,198.5,,,,
121.55327787,560,412,496300,42.2865638889,-83.7326380556,44.0,16.5699996948,2048.0,,6.0,,,0.0,,16.5799865723,0.0,198.5,,,,
121.55327787,560,412,496800,42.2865638889,-83.7326380556,44.0,16.5699996948,1324.0,,6.0,,,0.0,,16.5799865723,0.0,198.5,,,,
121.55327787,560,412,496900,42.2864058333,-83.7331544444,44.0,8.44999980927,1324.0,,6.0,,,0.0,,16.5799865723,0.0,198.5,,,,
121.55327787,560,412,497200,42.2864058333,-83.7331544444,45.0,8.44999980927,1324.0,,6.0,,,0.0,,16.5799865723,0.0,198.5,,,,
121.55327787,560,412,497300,42.2864058333,-83.7331544444,45.0,8.44999980927,1324.0,,6.0,,,0.0,,-2.9700012207,0.0,198.5,,,,
121.55327787,560,412,498400,42.2864058333,-83.7331544444,45.0,8.44999980927,1324.0,,6.0,,,0.0,,-0.529998779297,0.0,198.5,,,,
121.55327787,560,412,498800,42.2864058333,-83.7331544444,45.0,8.44999980927,1320.0,,6.0,,,0.0,,-0.529998779297,0.0,198.5,,,,
121.55327787,560,412,498900,42.2864058333,-83.7331544444,45.0,9.31999969482,1320.0,,6.0,,,0.0,,-0.529998779297,0.0,198.5,,,,
121.55327787,560,412,499400,42.2864058333,-83.7331544444,45.0,9.31999969482,1320.0,,6.0,,,0.0,,-3.45999145508,0.0,198.5,,,,
121.55327787,560,412,499900,42.2864058333,-83.7331544444,45.0,9.31999969482,1320.0,,6.0,,,0.0,,-3.45999145508,0.0,197.5,,,,
121.55327787,560,412,500000,42.2862383333,-83.73357,45.0,9.31999969482,1320.0,,6.0,,,0.0,,-3.45999145508,0.0,197.5,,,,
121.55327787,560,412,500400,42.2862383333,-83.73357,45.0,9.31999969482,1320.0,,6.0,,,0.0,,-2.48001098633,0.0,197.5,,,,
121.55327787,560,412,500800,42.2862383333,-83.73357,45.0,9.31999969482,1360.0,,6.0,,,0.0,,-2.48001098633,0.0,197.5,,,,
121.55327787,560,412,500900,42.2862383333,-83.73357,45.0,9.56999969482,1360.0,,6.0,,,0.0,,-2.48001098633,0.0,197.5,,,,
121.55327787,560,412,501500,42.2862383333,-83.73357,45.0,9.56999969482,1360.0,,6.0,,,0.0,,4.85000610352,0.0,197.5,,,,
121.55327787,560,412,501900,42.2861216667,-83.7338491667,45.0,9.56999969482,1360.0,,6.0,,,0.0,,4.85000610352,0.0,197.5,,,,
121.55327787,560,412,502600,42.2861216667,-83.7338491667,45.0,9.56999969482,1360.0,,6.0,,,0.0,,-7.36999511719,0.0,197.5,,,,
121.55327787,560,412,502900,42.2861216667,-83.7338491667,45.0,6.75999975204,1268.0,,6.0,,,0.0,,-7.36999511719,0.0,197.5,,,,
121.55327787,560,412,503600,42.2861216667,-83.7338491667,45.0,6.75999975204,1268.0,,6.0,,,0.0,,-1.5,0.0,197.5,,,,
121.55327787,560,412,504600,42.2861216667,-83.7338491667,44.0,6.75999975204,1268.0,,6.0,,,0.0,,-1.5,0.0,197.5,,,,
121.55327787,560,412,504700,42.2861216667,-83.7338491667,44.0,6.75999975204,1268.0,,6.0,,,0.0,,14.6300048828,0.0,197.5,,,,
121.55327787,560,412,505000,42.2861216667,-83.7338491667,44.0,2.28999996185,0.0,,6.0,,,0.0,,14.6300048828,0.0,210.5,,,,
121.55327787,560,412,505700,42.2861216667,-83.7338491667,41.0,2.28999996185,0.0,,6.0,,,0.0,,14.6300048828,0.0,210.5,,,,
121.55327787,560,412,505800,42.2861216667,-83.7338491667,41.0,2.28999996185,0.0,,6.0,,,0.0,,95.7599945068,0.0,210.5,,,,
121.55327787,560,412,505900,42.2858911111,-83.7343605556,41.0,2.28999996185,0.0,,6.0,,,0.0,,95.7599945068,0.0,210.5,,,,
121.55327787,560,412,506700,42.2858911111,-83.7343605556,36.0,2.28999996185,0.0,,6.0,,,0.0,,95.7599945068,0.0,210.5,,,,
121.55327787,560,412,506800,42.2858911111,-83.7343605556,36.0,2.28999996185,0.0,,6.0,,,0.0,,65.4599914551,0.0,210.5,,,,
121.55327787,560,412,507000,42.2858911111,-83.7343605556,36.0,0.199999988079,0.0,,6.0,,,0.0,,65.4599914551,0.0,210.5,,,,
121.55327787,560,412,507800,42.2858911111,-83.7343605556,31.0,0.199999988079,0.0,,6.0,,,0.0,,42.9700012207,0.0,210.5,,,,
121.55327787,560,412,508800,42.2858911111,-83.7343605556,28.0,0.199999988079,0.0,,6.0,,,0.0,,42.9700012207,0.0,210.5,,,,
121.55327787,560,412,508900,42.2858911111,-83.7343605556,28.0,0.199999988079,0.0,,6.0,,,0.0,,48.3500061035,0.0,210.5,,,,
121.55327787,560,412,509000,42.2857586111,-83.7346252778,28.0,0.199999988079,0.0,,6.0,,,0.0,,48.3500061035,0.0,210.5,,,,
121.55327787,560,412,509800,42.2857586111,-83.7346252778,24.0,0.199999988079,0.0,,6.0,,,0.0,,48.3500061035,0.0,210.5,,,,
121.55327787,560,412,509900,42.2857586111,-83.7346252778,24.0,0.199999988079,0.0,,6.0,,,0.0,,29.2900085449,0.0,210.5,,,,
121.55327787,560,412,510000,42.2857586111,-83.7346252778,24.0,0.199999988079,0.0,,6.0,,,0.0,,29.2900085449,0.0,203.5,,,,
121.55327787,560,412,510300,42.2857586111,-83.7346252778,24.0,0.199999988079,0.0,,6.0,,,0.0,,29.2900085449,0.0,203.5,,,,
121.55327787,560,412,510900,42.2857586111,-83.7346252778,21.0,0.199999988079,0.0,,6.0,,,0.0,,29.2900085449,0.0,203.5,,,,
121.55327787,560,412,511000,42.2857586111,-83.7346252778,21.0,0.179999992251,0.0,,6.0,,,0.0,,35.1499938965,0.0,203.5,,,,
121.55327787,560,412,511900,42.2857586111,-83.7346252778,17.0,0.179999992251,0.0,,6.0,,,0.0,,35.1499938965,0.0,203.5,,,,
121.55327787,560,412,512000,42.2856719444,-83.7347852778,17.0,0.179999992251,0.0,,6.0,,,0.0,,22.9400024414,0.0,203.5,,,,
121.55327787,560,412,513000,42.2856719444,-83.7347852778,13.0,0.179999992251,0.0,,6.0,,,0.0,,17.0700073242,0.0,203.5,,,,
121.55327787,560,412,514000,42.2856719444,-83.7347852778,9.0,0.179999992251,0.0,,6.0,,,0.0,,17.0700073242,0.0,203.5,,,,
121.55327787,560,412,514100,42.2856719444,-83.7347852778,9.0,0.179999992251,0.0,,6.0,,,0.0,,5.33999633789,0.0,203.5,,,,
121.55327787,560,412,515000,42.2856280556,-83.7348544444,6.0,0.179999992251,0.0,,6.0,,,0.0,,5.33999633789,0.0,198.5,,,,
121.55327787,560,412,515100,42.2856280556,-83.7348544444,6.0,0.179999992251,0.0,,6.0,,,0.0,,-1.98999023438,0.0,198.5,,,,
121.55327787,560,412,516200,42.2856280556,-83.7348544444,6.0,0.179999992251,0.0,,6.0,,,0.0,,-3.95001220703,0.0,198.5,,,,
121.55327787,560,412,517100,42.2856280556,-83.7348544444,5.0,0.179999992251,0.0,,6.0,,,0.0,,-3.95001220703,0.0,198.5,,,,
121.55327787,560,412,517200,42.2856280556,-83.7348544444,5.0,0.179999992251,0.0,,6.0,,,0.0,,-4.44000244141,0.0,198.5,,,,
121.55327787,560,412,517800,42.2855983333,-83.7349,5.0,0.179999992251,0.0,,6.0,,,0.0,,-4.44000244141,0.0,198.5,,,,
121.55327787,560,412,519300,42.2855983333,-83.7349,5.0,0.179999992251,0.0,,6.0,,,0.0,,-6.39001464844,0.0,198.5,,,,
121.55327787,560,412,520100,42.2855983333,-83.7349,5.0,0.179999992251,0.0,,6.0,,,0.0,,-6.39001464844,0.0,197.5,,,,
121.55327787,560,412,520900,42.2855658333,-83.7349441667,5.0,0.179999992251,0.0,,6.0,,,0.0,,-6.39001464844,0.0,197.5,,,,
121.55327787,560,412,522300,42.2855658333,-83.7349441667,6.0,0.179999992251,0.0,,6.0,,,0.0,,-6.39001464844,0.0,197.5,,,,
121.55327787,560,412,523400,42.2855658333,-83.7349441667,4.0,0.179999992251,0.0,,6.0,,,0.0,,-6.88000488281,0.0,197.5,,,,
121.55327787,560,412,523800,42.2855433333,-83.7349761111,4.0,0.179999992251,0.0,,6.0,,,0.0,,-6.88000488281,0.0,197.5,,,,
121.55327787,560,412,524400,42.2855433333,-83.7349761111,3.0,0.179999992251,0.0,,6.0,,,0.0,,-6.88000488281,0.0,197.5,,,,
121.55327787,560,412,524500,42.2855433333,-83.7349761111,3.0,0.179999992251,0.0,,6.0,,,0.0,,-6.39001464844,0.0,197.5,,,,
121.55327787,560,412,525500,42.2855433333,-83.7349761111,3.0,0.179999992251,0.0,,6.0,,,0.0,,-3.45999145508,0.0,197.5,,,,
121.55327787,560,412,526600,42.2855433333,-83.7349761111,3.0,0.179999992251,0.0,,6.0,,,0.0,,-2.48001098633,0.0,197.5,,,,
121.55327787,560,412,527100,42.2855433333,-83.7349761111,0.0,0.179999992251,0.0,,6.0,,,0.0,,-1.5,0.0,197.5,,,,
121.55327787,560,412,532300,42.2855433333,-83.7349761111,0.0,0.179999992251,0.0,,6.0,,,0.0,,-1.98999023438,0.0,197.5,,,,
121.55327787,560,412,533400,42.2855433333,-83.7349761111,0.0,0.179999992251,0.0,,6.0,,,0.0,,-1.5,0.0,197.5,,,,
121.55327787,560,412,537100,42.2855433333,-83.7349761111,0.0,0.179999992251,0.0,,6.0,,,0.0,,-1.5,0.0,193.0,,,,
121.55327787,560,412,537900,42.2855186111,-83.7350152778,0.0,0.179999992251,0.0,,6.0,,,0.0,,-1.5,0.0,193.0,,,,
121.55327787,560,412,538000,42.2855186111,-83.7350152778,16.0,0.179999992251,0.0,,6.0,,,0.0,,-1.5,0.0,193.0,,,,
121.55327787,560,412,538100,42.2855186111,-83.7350152778,16.0,0.179999992251,2403.0,,6.0,,,0.0,,-1.5,0.0,193.0,,,,
121.55327787,560,412,538200,42.2855186111,-83.7350152778,16.0,24.1499996185,2403.0,,6.0,,,0.0,,-1.5,0.0,193.0,,,,
121.55327787,560,412,538600,42.2855186111,-83.7350152778,16.0,24.1499996185,2403.0,,6.0,,,0.0,,-1.5,0.0,196.5,,,,
121.55327787,560,412,538700,42.2855186111,-83.7350152778,16.0,24.1499996185,2403.0,,6.0,,,0.0,,-17.6300048828,0.0,196.5,,,,
121.55327787,560,412,540000,42.2855186111,-83.7350152778,23.0,24.1499996185,2403.0,,6.0,,,0.0,,-17.6300048828,0.0,196.5,,,,
121.55327787,560,412,540100,42.2855186111,-83.7350152778,23.0,24.1499996185,2663.0,,6.0,,,0.0,,-17.6300048828,0.0,196.5,,,,
121.55327787,560,412,540200,42.2855186111,-83.7350152778,23.0,25.5299987793,2663.0,,6.0,,,0.0,,-17.6300048828,0.0,196.5,,,,
121.55327787,560,412,540800,42.2855186111,-83.7350152778,23.0,25.5299987793,2663.0,,6.0,,,0.0,,-22.5199890137,0.0,196.5,,,,
121.55327787,560,412,540900,42.2853958333,-83.735195,23.0,25.5299987793,2663.0,,6.0,,,0.0,,-22.5199890137,0.0,196.5,,,,
121.55327787,560,412,541100,42.2853958333,-83.735195,29.0,25.5299987793,2663.0,,6.0,,,0.0,,-22.5199890137,0.0,196.5,,,,
121.55327787,560,412,541800,42.2853958333,-83.735195,29.0,25.5299987793,2663.0,,6.0,,,0.0,,-1.01000976563,0.0,196.5,,,,
121.55327787,560,412,542100,42.2853958333,-83.735195,35.0,25.5299987793,2929.0,,6.0,,,0.0,,-1.01000976563,0.0,196.5,,,,
121.55327787,560,412,542200,42.2853958333,-83.735195,35.0,34.2799987793,2929.0,,6.0,,,0.0,,-1.01000976563,0.0,196.5,,,,
121.55327787,560,412,542800,42.2853958333,-83.735195,35.0,34.2799987793,2929.0,,6.0,,,0.0,,0.450012207031,0.0,196.5,,,,
121.55327787,560,412,543200,42.2853958333,-83.735195,40.0,34.2799987793,2929.0,,6.0,,,0.0,,0.450012207031,0.0,196.5,,,,
121.55327787,560,412,543600,42.2853958333,-83.735195,40.0,34.2799987793,2929.0,,6.0,,,0.0,,0.450012207031,0.0,198.5,,,,
121.55327787,560,412,543900,42.2851436111,-83.7354583333,40.0,34.2799987793,2929.0,,6.0,,,0.0,,1.42999267578,0.0,198.5,,,,
121.55327787,560,412,544100,42.2851436111,-83.7354583333,40.0,34.2799987793,2835.0,,6.0,,,0.0,,1.42999267578,0.0,198.5,,,,
121.55327787,560,412,544200,42.2851436111,-83.7354583333,46.0,28.0,2835.0,,6.0,,,0.0,,1.42999267578,0.0,198.5,,,,
121.55327787,560,412,544900,42.2851436111,-83.7354583333,46.0,28.0,2835.0,,6.0,,,0.0,,-17.6300048828,0.0,198.5,,,,
121.55327787,560,412,545200,42.2851436111,-83.7354583333,49.0,28.0,2835.0,,6.0,,,0.0,,-17.6300048828,0.0,198.5,,,,
121.55327787,560,412,546000,42.2851436111,-83.7354583333,49.0,28.0,2835.0,,6.0,,,0.0,,-1.98999023438,0.0,198.5,,,,
121.55327787,560,412,546100,42.2851436111,-83.7354583333,49.0,28.0,2910.0,,6.0,,,0.0,,-1.98999023438,0.0,198.5,,,,
121.55327787,560,412,546200,42.2851436111,-83.7354583333,49.0,27.5299987793,2910.0,,6.0,,,0.0,,-1.98999023438,0.0,198.5,,,,
121.55327787,560,412,546300,42.2851436111,-83.7354583333,52.0,27.5299987793,2910.0,,6.0,,,0.0,,-1.98999023438,0.0,198.5,,,,
121.55327787,560,412,546900,42.2848225,-83.7356869444,52.0,27.5299987793,2910.0,,6.0,,,0.0,,-1.98999023438,0.0,198.5,,,,
121.55327787,560,412,547000,42.2848225,-83.7356869444,52.0,27.5299987793,2910.0,,6.0,,,0.0,,14.6300048828,0.0,198.5,,,,
121.55327787,560,412,547300,42.2848225,-83.7356869444,53.0,27.5299987793,2910.0,,6.0,,,0.0,,14.6300048828,0.0,198.5,,,,
121.55327787,560,412,548000,42.2848225,-83.7356869444,53.0,27.5299987793,2910.0,,6.0,,,0.0,,-1.5,0.0,198.5,,,,
121.55327787,560,412,548100,42.2848225,-83.7356869444,53.0,27.5299987793,2437.0,,6.0,,,0.0,,-1.5,0.0,198.5,,,,
121.55327787,560,412,548200,42.2848225,-83.7356869444,53.0,21.7299995422,2437.0,,6.0,,,0.0,,-1.5,0.0,198.5,,,,
121.55327787,560,412,548400,42.2848225,-83.7356869444,55.0,21.7299995422,2437.0,,6.0,,,0.0,,-1.5,0.0,198.5,,,,
121.55327787,560,412,548600,42.2848225,-83.7356869444,55.0,21.7299995422,2437.0,,6.0,,,0.0,,-1.5,0.0,196.5,,,,
121.55327787,560,412,549100,42.2848225,-83.7356869444,55.0,21.7299995422,2437.0,,6.0,,,0.0,,-4.92001342773,0.0,196.5,,,,
121.55327787,560,412,549400,42.2848225,-83.7356869444,56.0,21.7299995422,2437.0,,6.0,,,0.0,,-4.92001342773,0.0,196.5,,,,
121.55327787,560,412,549900,42.2844194444,-83.73581,56.0,21.7299995422,2437.0,,6.0,,,0.0,,-4.92001342773,0.0,196.5,,,,
121.55327787,560,412,550100,42.2844194444,-83.73581,56.0,21.7299995422,2614.0,,6.0,,,0.0,,-1.01000976563,0.0,196.5,,,,
121.55327787,560,412,550200,42.2844194444,-83.73581,56.0,24.3099994659,2614.0,,6.0,,,0.0,,-1.01000976563,0.0,196.5,,,,
121.55327787,560,412,550400,42.2844194444,-83.73581,57.0,24.3099994659,2614.0,,6.0,,,0.0,,-1.01000976563,0.0,196.5,,,,
121.55327787,560,412,551200,42.2844194444,-83.73581,57.0,24.3099994659,2614.0,,6.0,,,0.0,,-7.36999511719,0.0,196.5,,,,
121.55327787,560,412,552100,42.2844194444,-83.73581,57.0,24.3099994659,2703.0,,6.0,,,0.0,,-7.36999511719,0.0,196.5,,,,
121.55327787,560,412,552200,42.2844194444,-83.73581,57.0,25.6499996185,2703.0,,6.0,,,0.0,,-2.48001098633,0.0,196.5,,,,
121.55327787,560,412,552500,42.2844194444,-83.73581,58.0,25.6499996185,2703.0,,6.0,,,0.0,,-2.48001098633,0.0,196.5,,,,
121.55327787,560,412,552900,42.2839833333,-83.7358177778,58.0,25.6499996185,2703.0,,6.0,,,0.0,,-2.48001098633,0.0,196.5,,,,
121.55327787,560,412,553200,42.2839833333,-83.7358177778,58.0,25.6499996185,2703.0,,6.0,,,0.0,,76.6999969482,0.0,196.5,,,,
121.55327787,560,412,553600,42.2839833333,-83.7358177778,57.0,25.6499996185,2703.0,,6.0,,,0.0,,76.6999969482,0.0,201.0,,,,
121.55327787,560,412,554100,42.2839833333,-83.7358177778,57.0,25.6499996185,679.0,,6.0,,,0.0,,76.6999969482,0.0,201.0,,,,
121.55327787,560,412,554200,42.2839833333,-83.7358177778,57.0,0.810000002384,679.0,,6.0,,,0.0,,76.6999969482,0.0,201.0,,,,
121.55327787,560,412,554300,42.2839833333,-83.7358177778,57.0,0.810000002384,679.0,,6.0,,,0.0,,23.9100036621,0.0,201.0,,,,
121.55327787,560,412,554600,42.2839833333,-83.7358177778,53.0,0.810000002384,679.0,,6.0,,,0.0,,23.9100036621,0.0,201.0,,,,
121.55327787,560,412,555300,42.2839833333,-83.7358177778,53.0,0.810000002384,679.0,,6.0,,,0.0,,23.4200134277,0.0,201.0,,,,
121.55327787,560,412,555600,42.2839833333,-83.7358177778,49.0,0.810000002384,679.0,,6.0,,,0.0,,23.4200134277,0.0,201.0,,,,
121.55327787,560,412,556000,42.2835930556,-83.7357863889,49.0,0.810000002384,679.0,,6.0,,,0.0,,23.4200134277,0.0,201.0,,,,
121.55327787,560,412,556100,42.2835930556,-83.7357863889,49.0,0.810000002384,0.0,,6.0,,,0.0,,23.4200134277,0.0,201.0,,,,
121.55327787,560,412,556200,42.2835930556,-83.7357863889,49.0,0.259999990463,0.0,,6.0,,,0.0,,23.4200134277,0.0,201.0,,,,
121.55327787,560,412,556400,42.2835930556,-83.7357863889,49.0,0.259999990463,0.0,,6.0,,,0.0,,73.7700042725,0.0,201.0,,,,
121.55327787,560,412,556700,42.2835930556,-83.7357863889,44.0,0.259999990463,0.0,,6.0,,,0.0,,73.7700042725,0.0,201.0,,,,
121.55327787,560,412,557400,42.2835930556,-83.7357863889,44.0,0.259999990463,0.0,,6.0,,,0.0,,97.7200012207,0.0,201.0,,,,
121.55327787,560,412,557700,42.2835930556,-83.7357863889,37.0,0.259999990463,0.0,,6.0,,,0.0,,97.7200012207,0.0,201.0,,,,
121.55327787,560,412,558200,42.2835930556,-83.7357863889,37.0,0.199999988079,0.0,,6.0,,,0.0,,97.7200012207,0.0,201.0,,,,
121.55327787,560,412,558400,42.2835930556,-83.7357863889,37.0,0.199999988079,0.0,,6.0,,,0.0,,69.8599853516,0.0,201.0,,,,
121.55327787,560,412,558700,42.2835930556,-83.7357863889,37.0,0.199999988079,0.0,,6.0,,,0.0,,69.8599853516,0.0,205.5,,,,
121.55327787,560,412,558800,42.2833233333,-83.7357616667,31.0,0.199999988079,0.0,,6.0,,,0.0,,69.8599853516,0.0,205.5,,,,
121.55327787,560,412,559500,42.2833233333,-83.7357616667,31.0,0.199999988079,0.0,,6.0,,,0.0,,33.200012207,0.0,205.5,,,,
121.55327787,560,412,559800,42.2833233333,-83.7357616667,23.0,0.199999988079,0.0,,6.0,,,0.0,,33.200012207,0.0,205.5,,,,
121.55327787,560,412,560200,42.2833233333,-83.7357616667,23.0,0.179999992251,0.0,,6.0,,,0.0,,33.200012207,0.0,205.5,,,,
121.55327787,560,412,560500,42.2833233333,-83.7357616667,23.0,0.179999992251,0.0,,6.0,,,0.0,,-6.88000488281,0.0,205.5,,,,
121.55327787,560,412,560800,42.2833233333,-83.7357616667,21.0,0.179999992251,0.0,,6.0,,,0.0,,-6.88000488281,0.0,205.5,,,,
121.55327787,560,412,561600,42.2833233333,-83.7357616667,21.0,0.179999992251,0.0,,6.0,,,0.0,,-96.3200073242,0.0,205.5,,,,
121.55327787,560,412,561900,42.2831933333,-83.735875,23.0,0.179999992251,0.0,,6.0,,,0.0,,-96.3200073242,0.0,205.5,,,,
121.55327787,560,412,562100,42.2831933333,-83.735875,23.0,0.179999992251,2549.0,,6.0,,,0.0,,-96.3200073242,0.0,205.5,,,,
121.55327787,560,412,562200,42.2831933333,-83.735875,23.0,26.7099990845,2549.0,,6.0,,,0.0,,-96.3200073242,0.0,205.5,,,,
121.55327787,560,412,562600,42.2831933333,-83.735875,23.0,26.7099990845,2549.0,,6.0,,,0.0,,-29.3599853516,0.0,205.5,,,,
121.55327787,560,412,562900,42.2831933333,-83.735875,27.0,26.7099990845,2549.0,,6.0,,,0.0,,-29.3599853516,0.0,205.5,,,,
121.55327787,560,412,563600,42.2831933333,-83.735875,27.0,26.7099990845,2549.0,,6.0,,,0.0,,-16.1700134277,0.0,205.5,,,,
121.55327787,560,412,563700,42.2831933333,-83.735875,27.0,26.7099990845,2549.0,,6.0,,,0.0,,-16.1700134277,0.0,195.5,,,,
121.55327787,560,412,564000,42.2831933333,-83.735875,34.0,26.7099990845,2549.0,,6.0,,,0.0,,-16.1700134277,0.0,195.5,,,,
121.55327787,560,412,564100,42.2831933333,-83.735875,34.0,26.7099990845,2691.0,,6.0,,,0.0,,-16.1700134277,0.0,195.5,,,,
121.55327787,560,412,564200,42.2831933333,-83.735875,34.0,26.1399993896,2691.0,,6.0,,,0.0,,-16.1700134277,0.0,195.5,,,,
121.55327787,560,412,564700,42.2831933333,-83.735875,34.0,26.1399993896,2691.0,,6.0,,,0.0,,-19.5899963379,0.0,195.5,,,,
121.55327787,560,412,564900,42.2831677778,-83.7362136111,34.0,26.1399993896,2691.0,,6.0,,,0.0,,-19.5899963379,0.0,195.5,,,,
121.55327787,560,412,565000,42.2831677778,-83.7362136111,39.0,26.1399993896,2691.0,,6.0,,,0.0,,-19.5899963379,0.0,195.5,,,,
121.55327787,560,412,565700,42.2831677778,-83.7362136111,39.0,26.1399993896,2691.0,,6.0,,,0.0,,-1.01000976563,0.0,195.5,,,,
121.55327787,560,412,566000,42.2831677778,-83.7362136111,43.0,26.1399993896,2691.0,,6.0,,,0.0,,-1.01000976563,0.0,195.5,,,,
121.55327787,560,412,566100,42.2831677778,-83.7362136111,43.0,26.1399993896,3065.0,,6.0,,,0.0,,-1.01000976563,0.0,195.5,,,,
121.55327787,560,412,566200,42.2831677778,-83.7362136111,43.0,30.3099994659,3065.0,,6.0,,,0.0,,-1.01000976563,0.0,195.5,,,,
121.55327787,560,412,566800,42.2831677778,-83.7362136111,43.0,30.3099994659,3065.0,,6.0,,,0.0,,-9.32000732422,0.0,195.5,,,,
121.55327787,560,412,567100,42.2831677778,-83.7362136111,47.0,30.3099994659,3065.0,,6.0,,,0.0,,-9.32000732422,0.0,195.5,,,,
121.55327787,560,412,567800,42.2831677778,-83.7362136111,47.0,30.3099994659,3065.0,,6.0,,,0.0,,0.940002441406,0.0,195.5,,,,
121.55327787,560,412,568000,42.2831491667,-83.7367058333,47.0,30.3099994659,3065.0,,6.0,,,0.0,,0.940002441406,0.0,195.5,,,,
121.55327787,560,412,568100,42.2831491667,-83.7367058333,51.0,30.3099994659,2453.0,,6.0,,,0.0,,0.940002441406,0.0,195.5,,,,
121.55327787,560,412,568200,42.2831491667,-83.7367058333,51.0,21.7799987793,2453.0,,6.0,,,0.0,,0.940002441406,0.0,195.5,,,,
121.55327787,560,412,568800,42.2831491667,-83.7367058333,51.0,21.7799987793,2453.0,,6.0,,,0.0,,-3.95001220703,0.0,200.5,,,,
121.55327787,560,412,569200,42.2831491667,-83.7367058333,55.0,21.7799987793,2453.0,,6.0,,,0.0,,-3.95001220703,0.0,200.5,,,,
121.55327787,560,412,569900,42.2831491667,-83.7367058333,55.0,21.7799987793,2453.0,,6.0,,,0.0,,21.9599914551,0.0,200.5,,,,
121.55327787,560,412,570100,42.2831491667,-83.7367058333,55.0,21.7799987793,2195.0,,6.0,,,0.0,,21.9599914551,0.0,200.5,,,,
121.55327787,560,412,570200,42.2831491667,-83.7367058333,56.0,18.5100002289,2195.0,,6.0,,,0.0,,21.9599914551,0.0,200.5,,,,
121.55327787,560,412,570400,42.2831491667,-83.7367058333,56.0,18.5100002289,2195.0,,6.0,,,0.0,,21.9599914551,0.0,200.5,,,,
121.55327787,560,412,570800,42.2831213889,-83.7372702778,56.0,18.5100002289,2195.0,,6.0,,,0.0,,21.9599914551,0.0,200.5,,,,
121.55327787,560,412,571000,42.2831213889,-83.7372702778,56.0,18.5100002289,2195.0,,6.0,,,0.0,,-1.01000976563,0.0,200.5,,,,
121.55327787,560,412,571300,42.2831213889,-83.7372702778,57.0,18.5100002289,2195.0,,6.0,,,0.0,,-1.01000976563,0.0,200.5,,,,
121.55327787,560,412,572000,42.2831213889,-83.7372702778,57.0,18.5100002289,2195.0,,6.0,,,0.0,,21.9599914551,0.0,200.5,,,,
121.55327787,560,412,572200,42.2831213889,-83.7372702778,57.0,18.5100002289,1538.0,,6.0,,,0.0,,21.9599914551,0.0,200.5,,,,
121.55327787,560,412,572300,42.2831213889,-83.7372702778,57.0,10.75,1538.0,,6.0,,,0.0,,21.9599914551,0.0,200.5,,,,
121.55327787,560,412,572400,42.2831213889,-83.7372702778,56.0,10.75,1538.0,,6.0,,,0.0,,21.9599914551,0.0,200.5,,,,
121.55327787,560,412,573100,42.2831213889,-83.7372702778,56.0,10.75,1538.0,,6.0,,,0.0,,3.86999511719,0.0,200.5,,,,
121.55327787,560,412,573400,42.2831213889,-83.7372702778,52.0,10.75,1538.0,,6.0,,,0.0,,3.86999511719,0.0,200.5,,,,
121.55327787,560,412,573800,42.2831213889,-83.7372702778,52.0,10.75,1538.0,,6.0,,,0.0,,3.86999511719,0.0,200.0,,,,
121.55327787,560,412,574000,42.2831083333,-83.7378161111,52.0,10.75,1538.0,,6.0,,,0.0,,3.86999511719,0.0,200.0,,,,
121.55327787,560,412,574200,42.2831083333,-83.7378161111,52.0,10.75,431.0,,6.0,,,0.0,,17.0700073242,0.0,200.0,,,,
121.55327787,560,412,574300,42.2831083333,-83.7378161111,52.0,0.560000002384,431.0,,6.0,,,0.0,,17.0700073242,0.0,200.0,,,,
121.55327787,560,412,574500,42.2831083333,-83.7378161111,49.0,0.560000002384,431.0,,6.0,,,0.0,,17.0700073242,0.0,200.0,,,,
121.55327787,560,412,575200,42.2831083333,-83.7378161111,49.0,0.560000002384,431.0,,6.0,,,0.0,,16.5799865723,0.0,200.0,,,,
121.55327787,560,412,575500,42.2831083333,-83.7378161111,44.0,0.560000002384,431.0,,6.0,,,0.0,,16.5799865723,0.0,200.0,,,,
121.55327787,560,412,576200,42.2831083333,-83.7378161111,44.0,0.560000002384,0.0,,6.0,,,0.0,,-8.82998657227,0.0,200.0,,,,
121.55327787,560,412,576300,42.2831083333,-83.7378161111,44.0,0.209999993443,0.0,,6.0,,,0.0,,-8.82998657227,0.0,200.0,,,,
121.55327787,560,412,576600,42.2831083333,-83.7378161111,41.0,0.209999993443,0.0,,6.0,,,0.0,,-8.82998657227,0.0,200.0,,,,
121.55327787,560,412,576900,42.2831013889,-83.7382394444,41.0,0.209999993443,0.0,,6.0,,,0.0,,-8.82998657227,0.0,200.0,,,,
121.55327787,560,412,577300,42.2831013889,-83.7382394444,41.0,0.209999993443,0.0,,6.0,,,0.0,,-31.3200073242,0.0,200.0,,,,
121.55327787,560,412,577600,42.2831013889,-83.7382394444,38.0,0.209999993443,0.0,,6.0,,,0.0,,-31.3200073242,0.0,200.0,,,,
121.55327787,560,412,578300,42.2831013889,-83.7382394444,38.0,0.199999988079,0.0,,6.0,,,0.0,,-61.1300048828,0.0,200.0,,,,
121.55327787,560,412,578600,42.2831013889,-83.7382394444,37.0,0.199999988079,0.0,,6.0,,,0.0,,-61.1300048828,0.0,200.0,,,,
121.55327787,560,412,578800,42.2831013889,-83.7382394444,37.0,0.199999988079,0.0,,6.0,,,0.0,,-61.1300048828,0.0,190.5,,,,
121.55327787,560,412,579400,42.2831013889,-83.7382394444,37.0,0.199999988079,0.0,,6.0,,,0.0,,-41.5799865723,0.0,190.5,,,,
121.55327787,560,412,579900,42.2830777778,-83.7386408333,37.0,0.199999988079,0.0,,6.0,,,0.0,,-41.5799865723,0.0,190.5,,,,
121.55327787,560,412,580300,42.2830777778,-83.7386408333,37.0,0.179999992251,0.0,,6.0,,,0.0,,-41.5799865723,0.0,190.5,,,,
121.55327787,560,412,580400,42.2830777778,-83.7386408333,37.0,0.179999992251,0.0,,6.0,,,0.0,,-59.6600036621,0.0,190.5,,,,
121.55327787,560,412,580700,42.2830777778,-83.7386408333,38.0,0.179999992251,0.0,,6.0,,,0.0,,-59.6600036621,0.0,190.5,,,,
121.55327787,560,412,581400,42.2830777778,-83.7386408333,38.0,0.179999992251,0.0,,6.0,,,0.0,,-31.3200073242,0.0,190.5,,,,
121.55327787,560,412,581800,42.2830777778,-83.7386408333,39.0,0.179999992251,0.0,,6.0,,,0.0,,-31.3200073242,0.0,190.5,,,,
121.55327787,560,412,582500,42.2830777778,-83.7386408333,39.0,0.179999992251,0.0,,6.0,,,0.0,,-21.049987793,0.0,190.5,,,,
121.55327787,560,412,582800,42.2830777778,-83.7386408333,40.0,0.179999992251,0.0,,6.0,,,0.0,,-21.049987793,0.0,190.5,,,,
121.55327787,560,412,583000,42.2830588889,-83.7390402778,40.0,0.179999992251,0.0,,6.0,,,0.0,,-21.049987793,0.0,190.5,,,,
121.55327787,560,412,583500,42.2830588889,-83.7390402778,40.0,0.179999992251,0.0,,6.0,,,0.0,,-8.35000610352,0.0,190.5,,,,
121.55327787,560,412,583800,42.2830588889,-83.7390402778,40.0,0.179999992251,0.0,,6.0,,,0.0,,-8.35000610352,0.0,197.5,,,,
121.55327787,560,412,584600,42.2830588889,-83.7390402778,40.0,0.179999992251,0.0,,6.0,,,0.0,,3.38000488281,0.0,197.5,,,,
121.55327787,560,412,585600,42.2830588889,-83.7390402778,40.0,0.179999992251,0.0,,6.0,,,0.0,,0.450012207031,0.0,197.5,,,,
121.55327787,560,412,585800,42.2830444444,-83.7394441667,40.0,0.179999992251,0.0,,6.0,,,0.0,,0.450012207031,0.0,197.5,,,,
121.55327787,560,412,587000,42.2830444444,-83.7394441667,39.0,0.179999992251,0.0,,6.0,,,0.0,,0.450012207031,0.0,197.5,,,,
121.55327787,560,412,587700,42.2830444444,-83.7394441667,39.0,0.179999992251,0.0,,6.0,,,0.0,,-1.5,0.0,197.5,,,,
121.55327787,560,412,588700,42.2830444444,-83.7394441667,39.0,0.179999992251,0.0,,6.0,,,0.0,,3.86999511719,0.0,197.5,,,,
121.55327787,560,412,588900,42.2830305556,-83.7398475,39.0,0.179999992251,0.0,,6.0,,,0.0,,3.86999511719,0.0,200.5,,,,
121.55327787,560,412,589000,42.2830305556,-83.7398475,38.0,0.179999992251,0.0,,6.0,,,0.0,,3.86999511719,0.0,200.5,,,,
121.55327787,560,412,589800,42.2830305556,-83.7398475,38.0,0.179999992251,0.0,,6.0,,,0.0,,19.0299987793,0.0,200.5,,,,
121.55327787,560,412,590800,42.2830305556,-83.7398475,38.0,0.179999992251,0.0,,6.0,,,0.0,,18.049987793,0.0,200.5,,,,
121.55327787,560,412,591800,42.2830305556,-83.7398475,38.0,0.179999992251,0.0,,6.0,,,0.0,,17.5599975586,0.0,200.5,,,,
121.55327787,560,412,591900,42.2830144444,-83.7402277778,38.0,0.179999992251,0.0,,6.0,,,0.0,,17.5599975586,0.0,200.5,,,,
121.55327787,560,412,592200,42.2830144444,-83.7402277778,37.0,0.179999992251,0.0,,6.0,,,0.0,,17.5599975586,0.0,200.5,,,,
121.55327787,560,412,592900,42.2830144444,-83.7402277778,37.0,0.179999992251,0.0,,6.0,,,0.0,,19.5100097656,0.0,200.5,,,,
121.55327787,560,412,593200,42.2830144444,-83.7402277778,36.0,0.179999992251,0.0,,6.0,,,0.0,,19.5100097656,0.0,200.5,,,,
121.55327787,560,412,593900,42.2830144444,-83.7402277778,36.0,0.179999992251,0.0,,6.0,,,0.0,,55.1900024414,0.0,208.5,,,,
121.55327787,560,412,594200,42.2830144444,-83.7402277778,33.0,0.179999992251,0.0,,6.0,,,0.0,,55.1900024414,0.0,208.5,,,,
121.55327787,560,412,595000,42.28299,-83.7405961111,33.0,0.179999992251,0.0,,6.0,,,0.0,,90.8699951172,0.0,208.5,,,,
121.55327787,560,412,595300,42.28299,-83.7405961111,30.0,0.179999992251,0.0,,6.0,,,0.0,,90.8699951172,0.0,208.5,,,,
121.55327787,560,412,596000,42.28299,-83.7405961111,30.0,0.179999992251,0.0,,6.0,,,0.0,,92.3399963379,0.0,208.5,,,,
121.55327787,560,412,596300,42.28299,-83.7405961111,25.0,0.179999992251,0.0,,6.0,,,0.0,,92.3399963379,0.0,208.5,,,,
121.55327787,560,412,597000,42.28299,-83.7405961111,25.0,0.179999992251,0.0,,6.0,,,0.0,,57.1499938965,0.0,208.5,,,,
121.55327787,560,412,597400,42.28299,-83.7405961111,16.0,0.179999992251,0.0,,6.0,,,0.0,,57.1499938965,0.0,208.5,,,,
121.55327787,560,412,597800,42.28297,-83.7407861111,16.0,0.179999992251,0.0,,6.0,,,0.0,,57.1499938965,0.0,208.5,,,,
121.55327787,560,412,598000,42.28297,-83.7407861111,16.0,0.179999992251,0.0,,6.0,,,0.0,,57.1499938965,1.0,208.5,,,,
121.55327787,560,412,598100,42.28297,-83.7407861111,16.0,0.179999992251,0.0,,6.0,,,0.0,,39.549987793,1.0,208.5,,,,
121.55327787,560,412,598400,42.28297,-83.7407861111,11.0,0.179999992251,0.0,,6.0,,,0.0,,39.549987793,1.0,208.5,,,,
121.55327787,560,412,599000,42.28297,-83.7407861111,11.0,0.179999992251,0.0,,6.0,,,0.0,,39.549987793,1.0,200.0,,,,
121.55327787,560,412,599100,42.28297,-83.7407861111,11.0,0.179999992251,0.0,,6.0,,,0.0,,2.41000366211,1.0,200.0,,,,
121.55327787,560,412,599400,42.28297,-83.7407861111,7.0,0.179999992251,0.0,,6.0,,,0.0,,2.41000366211,1.0,200.0,,,,
121.55327787,560,412,600200,42.28297,-83.7407861111,7.0,0.179999992251,0.0,,6.0,,,0.0,,-2.48001098633,1.0,200.0,,,,
121.55327787,560,412,600500,42.28297,-83.7407861111,4.0,0.179999992251,0.0,,6.0,,,0.0,,-2.48001098633,1.0,200.0,,,,
121.55327787,560,412,601200,42.28297,-83.7407861111,4.0,0.179999992251,0.0,,6.0,,,0.0,,-39.1399841309,1.0,200.0,,,,
121.55327787,560,412,601500,42.28297,-83.7407861111,6.0,0.179999992251,0.0,,6.0,,,0.0,,-39.1399841309,1.0,200.0,,,,
121.55327787,560,412,601800,42.2829608333,-83.7408688889,6.0,0.179999992251,0.0,,6.0,,,0.0,,-39.1399841309,1.0,200.0,,,,
121.55327787,560,412,602200,42.2829608333,-83.7408688889,6.0,0.179999992251,1797.0,,6.0,,,0.0,,-52.8200073242,1.0,200.0,,,,
121.55327787,560,412,602300,42.2829608333,-83.7408688889,6.0,15.7299995422,1797.0,,6.0,,,0.0,,-52.8200073242,1.0,200.0,,,,
121.55327787,560,412,602600,42.2829608333,-83.7408688889,12.0,15.7299995422,1797.0,,6.0,,,0.0,,-52.8200073242,1.0,200.0,,,,
121.55327787,560,412,603300,42.2829608333,-83.7408688889,12.0,15.7299995422,1797.0,,6.0,,,0.0,,-6.88000488281,1.0,200.0,,,,
121.55327787,560,412,603600,42.2829608333,-83.7408688889,20.0,15.7299995422,1797.0,,6.0,,,0.0,,-6.88000488281,1.0,200.0,,,,
121.55327787,560,412,604000,42.2829608333,-83.7408688889,20.0,15.7299995422,1797.0,,6.0,,,0.0,,-6.88000488281,1.0,197.0,,,,
121.55327787,560,412,604200,42.2829608333,-83.7408688889,20.0,15.7299995422,2124.0,,6.0,,,0.0,,-6.88000488281,1.0,197.0,,,,
121.55327787,560,412,604300,42.2829608333,-83.7408688889,20.0,17.5399990082,2124.0,,6.0,,,0.0,,-1.5,1.0,197.0,,,,
121.55327787,560,412,604700,42.2829608333,-83.7408688889,25.0,17.5399990082,2124.0,,6.0,,,0.0,,-1.5,1.0,197.0,,,,
121.55327787,560,412,604900,42.2829386111,-83.7411066667,25.0,17.5399990082,2124.0,,6.0,,,0.0,,-1.5,1.0,197.0,,,,
121.55327787,560,412,605400,42.2829386111,-83.7411066667,25.0,17.5399990082,2124.0,,6.0,,,0.0,,-23.0100097656,1.0,197.0,,,,
121.55327787,560,412,605800,42.2829386111,-83.7411066667,30.0,17.5399990082,2124.0,,6.0,,,0.0,,-23.0100097656,1.0,197.0,,,,
121.55327787,560,412,606200,42.2829386111,-83.7411066667,30.0,17.5399990082,2503.0,,6.0,,,0.0,,-23.0100097656,1.0,197.0,,,,
121.55327787,560,412,606400,42.2829386111,-83.7411066667,30.0,22.5900001526,2503.0,,6.0,,,0.0,,-23.0100097656,1.0,197.0,,,,
121.55327787,560,412,606500,42.2829386111,-83.7411066667,30.0,22.5900001526,2503.0,,6.0,,,0.0,,-19.1000061035,1.0,197.0,,,,
121.55327787,560,412,606800,42.2829386111,-83.7411066667,37.0,22.5900001526,2503.0,,6.0,,,0.0,,-19.1000061035,1.0,197.0,,,,
121.55327787,560,412,607500,42.2829386111,-83.7411066667,37.0,22.5900001526,2503.0,,6.0,,,0.0,,-6.88000488281,1.0,197.0,,,,
121.55327787,560,412,607800,42.2829436111,-83.7414883333,37.0,22.5900001526,2503.0,,6.0,,,0.0,,-6.88000488281,1.0,197.0,,,,
121.55327787,560,412,607900,42.2829436111,-83.7414883333,41.0,22.5900001526,2503.0,,6.0,,,0.0,,-6.88000488281,1.0,197.0,,,,
121.55327787,560,412,608300,42.2829436111,-83.7414883333,41.0,22.5900001526,2744.0,,6.0,,,0.0,,-6.88000488281,1.0,197.0,,,,
121.55327787,560,412,608400,42.2829436111,-83.7414883333,41.0,25.8699989319,2744.0,,6.0,,,0.0,,-6.88000488281,1.0,197.0,,,,
121.55327787,560,412,608500,42.2829436111,-83.7414883333,41.0,25.8699989319,2744.0,,6.0,,,0.0,,-1.5,1.0,197.0,,,,
121.55327787,560,412,608900,42.2829436111,-83.7414883333,45.0,25.8699989319,2744.0,,6.0,,,0.0,,-1.5,1.0,197.0,,,,
121.55327787,560,412,609000,42.2829436111,-83.7414883333,45.0,25.8699989319,2744.0,,6.0,,,0.0,,-1.5,1.0,199.0,,,,
121.55327787,560,412,609600,42.2829436111,-83.7414883333,45.0,25.8699989319,2744.0,,6.0,,,0.0,,21.9599914551,1.0,199.0,,,,
121.55327787,560,412,610000,42.2829436111,-83.7414883333,49.0,25.8699989319,2744.0,,6.0,,,0.0,,21.9599914551,1.0,199.0,,,,
121.55327787,560,412,610300,42.2829436111,-83.7414883333,49.0,25.8699989319,807.0,,6.0,,,0.0,,21.9599914551,1.0,199.0,,,,
121.55327787,560,412,610400,42.2829436111,-83.7414883333,49.0,0.839999973774,807.0,,6.0,,,0.0,,21.9599914551,1.0,199.0,,,,
121.55327787,560,412,610600,42.2829436111,-83.7414883333,49.0,0.839999973774,807.0,,6.0,,,0.0,,36.6199951172,1.0,199.0,,,,
121.55327787,560,412,610900,42.2829511111,-83.7419755556,49.0,0.839999973774,807.0,,6.0,,,0.0,,36.6199951172,1.0,199.0,,,,
121.55327787,560,412,611600,42.2829511111,-83.7419755556,49.0,0.839999973774,807.0,,6.0,,,0.0,,62.5199890137,1.0,199.0,,,,
121.55327787,560,412,612000,42.2829511111,-83.7419755556,46.0,0.839999973774,807.0,,6.0,,,0.0,,62.5199890137,1.0,199.0,,,,
121.55327787,560,412,612300,42.2829511111,-83.7419755556,46.0,0.839999973774,0.0,,6.0,,,0.0,,62.5199890137,1.0,199.0,,,,
121.55327787,560,412,612400,42.2829511111,-83.7419755556,46.0,0.680000007153,0.0,,6.0,,,0.0,,62.5199890137,1.0,199.0,,,,
121.55327787,560,412,613100,42.2829511111,-83.7419755556,44.0,0.680000007153,0.0,,6.0,,,0.0,,62.5199890137,1.0,199.0,,,,
121.55327787,560,412,613700,42.2829511111,-83.7419755556,44.0,0.680000007153,0.0,,6.0,,,0.0,,60.0799865723,1.0,199.0,,,,
121.55327787,560,412,613900,42.2829575,-83.7424227778,44.0,0.680000007153,0.0,,6.0,,,0.0,,60.0799865723,1.0,199.0,,,,
121.55327787,560,412,614000,42.2829575,-83.7424227778,44.0,0.680000007153,0.0,,6.0,,,0.0,,60.0799865723,1.0,206.0,,,,
121.55327787,560,412,614100,42.2829575,-83.7424227778,42.0,0.680000007153,0.0,,6.0,,,0.0,,60.0799865723,1.0,206.0,,,,
121.55327787,560,412,614400,42.2829575,-83.7424227778,42.0,0.199999988079,0.0,,6.0,,,0.0,,60.0799865723,1.0,206.0,,,,
121.55327787,560,412,614800,42.2829575,-83.7424227778,42.0,0.199999988079,0.0,,6.0,,,0.0,,48.3500061035,1.0,206.0,,,,
121.55327787,560,412,615200,42.2829575,-83.7424227778,40.0,0.199999988079,0.0,,6.0,,,0.0,,48.3500061035,1.0,206.0,,,,
121.55327787,560,412,616200,42.2829575,-83.7424227778,38.0,0.199999988079,0.0,,6.0,,,0.0,,48.3500061035,1.0,206.0,,,,
121.55327787,560,412,616400,42.2829575,-83.7424227778,38.0,0.179999992251,0.0,,6.0,,,0.0,,48.3500061035,1.0,206.0,,,,
121.55327787,560,412,616800,42.2829575,-83.7424227778,38.0,0.179999992251,0.0,,6.0,,,0.0,,50.3099975586,1.0,206.0,,,,
121.55327787,560,412,617000,42.2829711111,-83.7428291667,38.0,0.179999992251,0.0,,6.0,,,0.0,,50.3099975586,1.0,206.0,,,,
121.55327787,560,412,617200,42.2829711111,-83.7428291667,36.0,0.179999992251,0.0,,6.0,,,0.0,,50.3099975586,1.0,206.0,,,,
121.55327787,560,412,617900,42.2829711111,-83.7428291667,36.0,0.179999992251,0.0,,6.0,,,0.0,,41.0199890137,1.0,206.0,,,,
121.55327787,560,412,618300,42.2829711111,-83.7428291667,34.0,0.179999992251,0.0,,6.0,,,0.0,,41.0199890137,1.0,206.0,,,,
121.55327787,560,412,618900,42.2829711111,-83.7428291667,34.0,0.179999992251,0.0,,6.0,,,0.0,,48.8399963379,1.0,206.0,,,,
121.55327787,560,412,619100,42.2829711111,-83.7428291667,34.0,0.179999992251,0.0,,6.0,,,0.0,,48.8399963379,1.0,208.5,,,,
121.55327787,560,412,619300,42.2829711111,-83.7428291667,32.0,0.179999992251,0.0,,6.0,,,0.0,,48.8399963379,1.0,208.5,,,,
121.55327787,560,412,619900,42.2829708333,-83.7431594444,32.0,0.179999992251,0.0,,6.0,,,0.0,,48.8399963379,1.0,208.5,,,,
121.55327787,560,412,620000,42.2829708333,-83.7431594444,32.0,0.179999992251,0.0,,6.0,,,0.0,,61.0599975586,1.0,208.5,,,,
121.55327787,560,412,620400,42.2829708333,-83.7431594444,29.0,0.179999992251,0.0,,6.0,,,0.0,,61.0599975586,1.0,208.5,,,,
121.55327787,560,412,621000,42.2829708333,-83.7431594444,29.0,0.179999992251,0.0,,6.0,,,0.0,,55.1900024414,1.0,208.5,,,,
121.55327787,560,412,621400,42.2829708333,-83.7431594444,26.0,0.179999992251,0.0,,6.0,,,0.0,,55.1900024414,1.0,208.5,,,,
121.55327787,560,412,622000,42.2829708333,-83.7431594444,26.0,0.179999992251,0.0,,6.0,,,0.0,,50.7900085449,1.0,208.5,,,,
121.55327787,560,412,622400,42.2829708333,-83.7431594444,22.0,0.179999992251,0.0,,6.0,,,0.0,,50.7900085449,1.0,208.5,,,,
121.55327787,560,412,622800,42.2829819444,-83.7433838889,22.0,0.179999992251,0.0,,6.0,,,0.0,,50.7900085449,1.0,208.5,,,,
121.55327787,560,412,623100,42.2829819444,-83.7433838889,22.0,0.179999992251,0.0,,6.0,,,0.0,,44.9299926758,1.0,208.5,,,,
121.55327787,560,412,623500,42.2829819444,-83.7433838889,19.0,0.179999992251,0.0,,6.0,,,0.0,,44.9299926758,1.0,208.5,,,,
121.55327787,560,412,624100,42.2829819444,-83.7433838889,19.0,0.179999992251,0.0,,6.0,,,0.0,,27.8200073242,1.0,204.5,,,,
121.55327787,560,412,624500,42.2829819444,-83.7433838889,16.0,0.179999992251,0.0,,6.0,,,0.0,,27.8200073242,1.0,204.5,,,,
121.55327787,560,412,625200,42.2829819444,-83.7433838889,16.0,0.179999992251,0.0,,6.0,,,0.0,,31.7300109863,1.0,204.5,,,,
121.55327787,560,412,625600,42.2829819444,-83.7433838889,13.0,0.179999992251,0.0,,6.0,,,0.0,,31.7300109863,1.0,204.5,,,,
121.55327787,560,412,626000,42.2829755556,-83.7435205556,13.0,0.179999992251,0.0,,6.0,,,0.0,,31.7300109863,1.0,204.5,,,,
121.55327787,560,412,626200,42.2829755556,-83.7435205556,13.0,0.179999992251,0.0,,6.0,,,0.0,,23.4200134277,1.0,204.5,,,,
121.55327787,560,412,626600,42.2829755556,-83.7435205556,9.0,0.179999992251,0.0,,6.0,,,0.0,,23.4200134277,1.0,204.5,,,,
121.55327787,560,412,627200,42.2829755556,-83.7435205556,9.0,0.179999992251,0.0,,6.0,,,0.0,,1.92001342773,1.0,204.5,,,,
121.55327787,560,412,627600,42.2829755556,-83.7435205556,6.0,0.179999992251,0.0,,6.0,,,0.0,,1.92001342773,1.0,204.5,,,,
121.55327787,560,412,628300,42.2829755556,-83.7435205556,6.0,0.179999992251,0.0,,6.0,,,0.0,,-1.5,1.0,204.5,,,,
121.55327787,560,412,628700,42.2829755556,-83.7435205556,4.0,0.179999992251,0.0,,6.0,,,0.0,,-1.5,1.0,204.5,,,,
121.55327787,560,412,628800,42.2829669444,-83.7435688889,4.0,0.179999992251,0.0,,6.0,,,0.0,,-1.5,1.0,204.5,,,,
121.55327787,560,412,629200,42.2829669444,-83.7435688889,4.0,0.179999992251,0.0,,6.0,,,0.0,,-1.5,1.0,200.0,,,,
121.55327787,560,412,629700,42.2829669444,-83.7435688889,3.0,0.179999992251,0.0,,6.0,,,0.0,,-1.5,1.0,200.0,,,,
121.55327787,560,412,632300,42.2829669444,-83.7435688889,0.0,0.179999992251,0.0,,6.0,,,0.0,,-1.5,1.0,200.0,,,,
121.55327787,560,412,632700,42.2829669444,-83.7435688889,0.0,0.179999992251,0.0,,6.0,,,0.0,,-1.5,3.0,200.0,,,,
121.55327787,560,412,636500,42.2829669444,-83.7435688889,0.0,0.179999992251,0.0,,6.0,,,0.0,,-2.48001098633,3.0,200.0,,,,
121.55327787,560,412,637300,42.2829669444,-83.7435688889,0.0,0.179999992251,0.0,,6.0,,,0.0,,-2.48001098633,3.0,199.5,,,,
121.55327787,560,412,641800,42.2829669444,-83.7435688889,0.0,0.179999992251,0.0,,6.0,,,0.0,,-2.9700012207,3.0,199.5,,,,
121.55327787,560,412,642300,42.2829669444,-83.7435688889,0.0,0.179999992251,0.0,,6.0,,,0.0,,-2.9700012207,3.0,199.0,,,,
121.55327787,560,412,642800,42.2829669444,-83.7435688889,0.0,0.179999992251,0.0,,6.0,,,0.0,,-2.48001098633,3.0,199.0,,,,
121.55327787,560,412,643800,42.2829669444,-83.7435688889,0.0,0.179999992251,0.0,,6.0,,,0.0,,-2.9700012207,3.0,199.0,,,,
121.55327787,560,412,644900,42.2829669444,-83.7435688889,0.0,0.179999992251,0.0,,6.0,,,0.0,,-2.48001098633,3.0,199.0,,,,
121.55327787,560,412,651100,42.2829669444,-83.7435688889,0.0,0.179999992251,0.0,,6.0,,,0.0,,-1.5,3.0,199.0,,,,
121.55327787,560,412,652200,42.2829669444,-83.7435688889,0.0,0.179999992251,0.0,,6.0,,,0.0,,-1.98999023438,3.0,199.0,,,,
121.55327787,560,412,653200,42.2829669444,-83.7435688889,0.0,0.179999992251,0.0,,6.0,,,0.0,,-1.5,3.0,199.0,,,,
121.55327787,560,412,654200,42.2829669444,-83.7435688889,0.0,0.179999992251,0.0,,6.0,,,0.0,,-1.98999023438,3.0,199.0,,,,
121.55327787,560,412,655300,42.2829669444,-83.7435688889,0.0,0.179999992251,0.0,,6.0,,,0.0,,-1.5,3.0,199.0,,,,
121.55327787,560,412,657400,42.2829669444,-83.7435688889,0.0,0.179999992251,0.0,,6.0,,,0.0,,-1.98999023438,3.0,199.0,,,,
121.55327787,560,412,658400,42.2829669444,-83.7435688889,0.0,0.179999992251,0.0,,6.0,,,0.0,,-1.5,3.0,199.0,,,,
121.55327787,560,412,659000,42.283085,-83.7435355556,0.0,0.179999992251,0.0,,6.0,,,0.0,,-1.5,3.0,199.0,,,,
121.55327787,560,412,660500,42.283085,-83.7435355556,0.0,0.179999992251,0.0,,6.0,,,0.0,,-1.98999023438,3.0,199.0,,,,
121.55327787,560,412,661500,42.283085,-83.7435355556,0.0,0.179999992251,0.0,,6.0,,,0.0,,-1.5,3.0,199.0,,,,
121.55327787,560,412,662600,42.283085,-83.7435355556,0.0,0.179999992251,0.0,,6.0,,,0.0,,-1.98999023438,3.0,199.0,,,,
121.55327787,560,412,663600,42.283085,-83.7435355556,0.0,0.179999992251,0.0,,6.0,,,0.0,,-2.9700012207,3.0,199.0,,,,
121.55327787,560,412,665000,42.2830786111,-83.7435805556,0.0,0.179999992251,0.0,,6.0,,,0.0,,-2.9700012207,3.0,199.0,,,,
121.55327787,560,412,665100,42.2830786111,-83.7435805556,12.0,0.179999992251,1417.0,,6.0,,,0.0,,-27.4100036621,2.0,193.5,,,,
121.55327787,560,412,665200,42.2830786111,-83.7435805556,12.0,9.71000003815,1417.0,,6.0,,,0.0,,-27.4100036621,2.0,193.5,,,,
121.55327787,560,412,667100,42.2830786111,-83.7435805556,20.0,9.71000003815,1459.0,,6.0,,,0.0,,-27.4100036621,2.0,193.5,,,,
121.55327787,560,412,667200,42.2830786111,-83.7435805556,20.0,12.9200000763,1459.0,,6.0,,,0.0,,-11.2799987793,2.0,193.5,,,,
121.55327787,560,412,667800,42.2831169444,-83.7437986111,20.0,12.9200000763,1459.0,,6.0,,,0.0,,-11.2799987793,2.0,193.5,,,,
121.55327787,560,412,668200,42.2831169444,-83.7437986111,24.0,12.9200000763,1459.0,,6.0,,,0.0,,-8.82998657227,2.0,193.5,,,,
121.55327787,560,412,669100,42.2831169444,-83.7437986111,24.0,12.9200000763,1182.0,,6.0,,,0.0,,-8.82998657227,2.0,193.5,,,,
121.55327787,560,412,669200,42.2831169444,-83.7437986111,27.0,8.72999954224,1182.0,,6.0,,,0.0,,-8.82998657227,2.0,193.5,,,,
121.55327787,560,412,669300,42.2831169444,-83.7437986111,27.0,8.72999954224,1182.0,,6.0,,,0.0,,-2.48001098633,2.0,193.5,,,,
121.55327787,560,412,670100,42.2831169444,-83.7437986111,27.0,8.72999954224,1182.0,,6.0,,,0.0,,-2.48001098633,2.0,195.5,,,,
121.55327787,560,412,670200,42.2831169444,-83.7437986111,30.0,8.72999954224,1182.0,,6.0,,,0.0,,-2.48001098633,2.0,195.5,,,,
121.55327787,560,412,670300,42.2831169444,-83.7437986111,30.0,8.72999954224,1182.0,,6.0,,,0.0,,-32.7799987793,2.0,195.5,,,,
121.55327787,560,412,670900,42.2831794444,-83.7440916667,30.0,8.72999954224,1182.0,,6.0,,,0.0,,-32.7799987793,2.0,195.5,,,,
121.55327787,560,412,671200,42.2831794444,-83.7440916667,30.0,8.72999954224,114.0,,6.0,,,0.0,,-32.7799987793,2.0,195.5,,,,
121.55327787,560,412,671300,42.2831794444,-83.7440916667,32.0,1.02999997139,114.0,,6.0,,,0.0,,-32.7799987793,2.0,195.5,,,,
121.55327787,560,412,671400,42.2831794444,-83.7440916667,32.0,1.02999997139,114.0,,6.0,,,0.0,,-47.9299926758,2.0,195.5,,,,
121.55327787,560,412,672400,42.2831794444,-83.7440916667,35.0,1.02999997139,114.0,,6.0,,,0.0,,-47.9299926758,2.0,195.5,,,,
121.55327787,560,412,672500,42.2831794444,-83.7440916667,35.0,1.02999997139,114.0,,6.0,,,0.0,,-70.4200134277,2.0,195.5,,,,
121.55327787,560,412,673200,42.2831794444,-83.7440916667,35.0,1.02999997139,0.0,,6.0,,,0.0,,-70.4200134277,2.0,195.5,,,,
121.55327787,560,412,673300,42.2831794444,-83.7440916667,35.0,0.199999988079,0.0,,6.0,,,0.0,,-70.4200134277,2.0,195.5,,,,
121.55327787,560,412,673400,42.2831794444,-83.7440916667,38.0,0.199999988079,0.0,,6.0,,,0.0,,-70.4200134277,2.0,195.5,,,,
121.55327787,560,412,673600,42.2831794444,-83.7440916667,38.0,0.199999988079,0.0,,6.0,,,0.0,,-68.4599914551,2.0,195.5,,,,
121.55327787,560,412,673900,42.2832033333,-83.7444527778,38.0,0.199999988079,0.0,,6.0,,,0.0,,-68.4599914551,2.0,195.5,,,,
121.55327787,560,412,674400,42.2832033333,-83.7444527778,40.0,0.199999988079,0.0,,6.0,,,0.0,,-68.4599914551,2.0,195.5,,,,
121.55327787,560,412,674600,42.2832033333,-83.7444527778,40.0,0.199999988079,0.0,,6.0,,,0.0,,-59.6600036621,2.0,195.5,,,,
121.55327787,560,412,675100,42.2832033333,-83.7444527778,40.0,0.199999988079,0.0,,6.0,,,0.0,,-59.6600036621,2.0,194.0,,,,
121.55327787,560,412,675300,42.2832033333,-83.7444527778,40.0,0.179999992251,0.0,,6.0,,,0.0,,-59.6600036621,2.0,194.0,,,,
121.55327787,560,412,675500,42.2832033333,-83.7444527778,42.0,0.179999992251,0.0,,6.0,,,0.0,,-59.6600036621,2.0,194.0,,,,
121.55327787,560,412,675600,42.2832033333,-83.7444527778,42.0,0.179999992251,0.0,,6.0,,,0.0,,-26.9200134277,2.0,194.0,,,,
121.55327787,560,412,676500,42.2832033333,-83.7444527778,43.0,0.179999992251,0.0,,6.0,,,0.0,,-26.9200134277,2.0,194.0,,,,
121.55327787,560,412,676700,42.2832033333,-83.7444527778,43.0,0.179999992251,0.0,,6.0,,,0.0,,-17.6300048828,2.0,194.0,,,,
121.55327787,560,412,676900,42.2832163889,-83.7448819444,43.0,0.179999992251,0.0,,6.0,,,0.0,,-17.6300048828,2.0,194.0,,,,
121.55327787,560,412,677600,42.2832163889,-83.7448819444,44.0,0.179999992251,0.0,,6.0,,,0.0,,-17.6300048828,2.0,194.0,,,,
121.55327787,560,412,677700,42.2832163889,-83.7448819444,44.0,0.179999992251,0.0,,6.0,,,0.0,,19.0299987793,2.0,194.0,,,,
121.55327787,560,412,678600,42.2832163889,-83.7448819444,43.0,0.179999992251,0.0,,6.0,,,0.0,,19.0299987793,2.0,194.0,,,,
121.55327787,560,412,678800,42.2832163889,-83.7448819444,43.0,0.179999992251,0.0,,6.0,,,0.0,,20.4899902344,2.0,194.0,,,,
121.55327787,560,412,679600,42.2832163889,-83.7448819444,42.0,0.179999992251,0.0,,6.0,,,0.0,,20.4899902344,2.0,194.0,,,,
121.55327787,560,412,679800,42.2832163889,-83.7448819444,42.0,0.179999992251,0.0,,6.0,,,0.0,,20.0,2.0,194.0,,,,
121.55327787,560,412,680000,42.2832319444,-83.7452791667,42.0,0.179999992251,0.0,,6.0,,,0.0,,20.0,2.0,194.0,,,,
121.55327787,560,412,680100,42.2832319444,-83.7452791667,42.0,0.179999992251,0.0,,6.0,,,0.0,,20.0,2.0,203.0,,,,
121.55327787,560,412,680800,42.2832319444,-83.7452791667,42.0,0.179999992251,0.0,,6.0,,,0.0,,52.75,2.0,203.0,,,,
121.55327787,560,412,681700,42.2832319444,-83.7452791667,40.0,0.179999992251,0.0,,6.0,,,0.0,,52.75,2.0,203.0,,,,
121.55327787,560,412,681900,42.2832319444,-83.7452791667,40.0,0.179999992251,0.0,,6.0,,,0.0,,114.819992065,2.0,203.0,,,,
121.55327787,560,412,682800,42.2832319444,-83.7452791667,32.0,0.179999992251,0.0,,6.0,,,0.0,,114.819992065,2.0,203.0,,,,
121.55327787,560,412,682900,42.2832080556,-83.745655,32.0,0.179999992251,0.0,,6.0,,,0.0,,109.929992676,2.0,203.0,,,,
121.55327787,560,412,683800,42.2832080556,-83.745655,26.0,0.179999992251,0.0,,6.0,,,0.0,,109.929992676,2.0,203.0,,,,
121.55327787,560,412,684000,42.2832080556,-83.745655,26.0,0.179999992251,0.0,,6.0,,,0.0,,70.3399963379,2.0,203.0,,,,
121.55327787,560,412,684800,42.2832080556,-83.745655,23.0,0.179999992251,0.0,,6.0,,,0.0,,70.3399963379,2.0,203.0,,,,
121.55327787,560,412,685000,42.2832080556,-83.745655,23.0,0.179999992251,0.0,,6.0,,,0.0,,-3.45999145508,2.0,203.0,,,,
121.55327787,560,412,685200,42.2832080556,-83.745655,23.0,0.179999992251,0.0,,6.0,,,0.0,,-3.45999145508,2.0,195.5,,,,
121.55327787,560,412,685900,42.2832080556,-83.745655,22.0,0.179999992251,0.0,,6.0,,,0.0,,-3.45999145508,2.0,195.5,,,,
121.55327787,560,412,686000,42.2830983333,-83.7458533333,22.0,0.179999992251,0.0,,6.0,,,0.0,,-28.8699951172,2.0,195.5,,,,
121.55327787,560,412,687100,42.2830983333,-83.7458533333,22.0,0.179999992251,0.0,,6.0,,,0.0,,-42.5599975586,2.0,195.5,,,,
121.55327787,560,412,688000,42.2830983333,-83.7458533333,24.0,0.179999992251,0.0,,6.0,,,0.0,,-42.5599975586,2.0,195.5,,,,
121.55327787,560,412,688100,42.2830983333,-83.7458533333,24.0,0.179999992251,0.0,,6.0,,,0.0,,-48.4200134277,2.0,195.5,,,,
121.55327787,560,412,688800,42.2829316667,-83.7459277778,24.0,0.179999992251,0.0,,6.0,,,0.0,,-48.4200134277,2.0,195.5,,,,
121.55327787,560,412,689000,42.2829316667,-83.7459277778,25.0,0.179999992251,0.0,,6.0,,,0.0,,-48.4200134277,2.0,195.5,,,,
121.55327787,560,412,689200,42.2829316667,-83.7459277778,25.0,0.179999992251,0.0,,6.0,,,0.0,,-42.0700073242,2.0,195.5,,,,
121.55327787,560,412,690000,42.2829316667,-83.7459277778,26.0,0.179999992251,0.0,,6.0,,,0.0,,-42.0700073242,2.0,195.5,,,,
121.55327787,560,412,690200,42.2829316667,-83.7459277778,26.0,0.179999992251,0.0,,6.0,,,0.0,,-9.80999755859,2.0,197.5,,,,
121.55327787,560,412,690400,42.2829316667,-83.7459277778,26.0,0.179999992251,0.0,,6.0,,,0.0,,-9.80999755859,2.0,197.5,,,,
121.55327787,560,412,691100,42.2829316667,-83.7459277778,25.0,0.179999992251,0.0,,6.0,,,0.0,,-9.80999755859,2.0,197.5,,,,
121.55327787,560,412,691200,42.2829316667,-83.7459277778,25.0,0.179999992251,0.0,,6.0,,,0.0,,-6.39001464844,2.0,197.5,,,,
121.55327787,560,412,691900,42.2827480556,-83.7459769444,25.0,0.179999992251,0.0,,6.0,,,0.0,,-6.39001464844,2.0,197.5,,,,
121.55327787,560,412,692100,42.2827480556,-83.7459769444,24.0,0.179999992251,0.0,,6.0,,,0.0,,-6.39001464844,2.0,197.5,,,,
121.55327787,560,412,692300,42.2827480556,-83.7459769444,24.0,0.179999992251,0.0,,6.0,,,0.0,,-1.98999023438,2.0,197.5,,,,
121.55327787,560,412,693200,42.2827480556,-83.7459769444,23.0,0.179999992251,0.0,,6.0,,,0.0,,-1.98999023438,2.0,197.5,,,,
121.55327787,560,412,693300,42.2827480556,-83.7459769444,23.0,0.179999992251,0.0,,6.0,,,0.0,,6.80999755859,2.0,197.5,,,,
121.55327787,560,412,694200,42.2827480556,-83.7459769444,21.0,0.179999992251,0.0,,6.0,,,0.0,,6.80999755859,2.0,197.5,,,,
121.55327787,560,412,694400,42.2827480556,-83.7459769444,21.0,0.179999992251,0.0,,6.0,,,0.0,,7.29998779297,2.0,197.5,,,,
121.55327787,560,412,694900,42.2825722222,-83.7459922222,21.0,0.179999992251,0.0,,6.0,,,0.0,,7.29998779297,2.0,197.5,,,,
121.55327787,560,412,695200,42.2825722222,-83.7459922222,20.0,0.179999992251,0.0,,6.0,,,0.0,,7.29998779297,2.0,200.5,,,,
121.55327787,560,412,695400,42.2825722222,-83.7459922222,20.0,0.179999992251,0.0,,6.0,,,0.0,,12.1799926758,2.0,200.5,,,,
121.55327787,560,412,696300,42.2825722222,-83.7459922222,13.0,0.179999992251,0.0,,6.0,,,0.0,,12.1799926758,2.0,200.5,,,,
121.55327787,560,412,696400,42.2825722222,-83.7459922222,13.0,0.179999992251,0.0,,6.0,,,0.0,,24.3999938965,2.0,200.5,,,,
121.55327787,560,412,697500,42.2825722222,-83.7459922222,13.0,0.179999992251,0.0,,6.0,,,0.0,,23.4200134277,2.0,200.5,,,,
121.55327787,560,412,698000,42.2824625,-83.7460041667,13.0,0.179999992251,0.0,,6.0,,,0.0,,23.4200134277,2.0,200.5,,,,
121.55327787,560,412,698400,42.2824625,-83.7460041667,9.0,0.179999992251,0.0,,6.0,,,0.0,,23.4200134277,2.0,200.5,,,,
121.55327787,560,412,698500,42.2824625,-83.7460041667,9.0,0.179999992251,0.0,,6.0,,,0.0,,8.76000976563,2.0,200.5,,,,
121.55327787,560,412,699400,42.2824625,-83.7460041667,7.0,0.179999992251,0.0,,6.0,,,0.0,,8.76000976563,2.0,200.5,,,,
121.55327787,560,412,699600,42.2824625,-83.7460041667,7.0,0.179999992251,0.0,,6.0,,,0.0,,-0.0400085449219,2.0,200.5,,,,
121.55327787,560,412,700300,42.2824625,-83.7460041667,7.0,0.179999992251,0.0,,6.0,,,0.0,,-0.0400085449219,2.0,198.5,,,,
121.55327787,560,412,700400,42.2824625,-83.7460041667,5.0,0.179999992251,0.0,,6.0,,,0.0,,-0.0400085449219,2.0,198.5,,,,
121.55327787,560,412,700600,42.2824625,-83.7460041667,5.0,0.179999992251,0.0,,6.0,,,0.0,,-1.5,2.0,198.5,,,,
121.55327787,560,412,700800,42.2824125,-83.74601,5.0,0.179999992251,0.0,,6.0,,,0.0,,-1.5,2.0,198.5,,,,
121.55327787,560,412,701500,42.2824125,-83.74601,4.0,0.179999992251,0.0,,6.0,,,0.0,,-1.5,2.0,198.5,,,,
121.55327787,560,412,702500,42.2824125,-83.74601,3.0,0.179999992251,0.0,,6.0,,,0.0,,-1.5,2.0,198.5,,,,
121.55327787,560,412,704100,42.2824125,-83.74601,0.0,0.179999992251,0.0,,6.0,,,0.0,,-1.5,2.0,198.5,,,,
121.55327787,560,412,704700,42.2824125,-83.74601,0.0,0.179999992251,0.0,,6.0,,,0.0,,-1.5,2.0,198.0,,,,
121.55327787,560,412,704800,42.2824125,-83.74601,0.0,0.179999992251,0.0,,6.0,,,0.0,,-2.9700012207,2.0,198.0,,,,
121.55327787,560,412,706900,42.2824125,-83.74601,0.0,0.179999992251,0.0,,6.0,,,0.0,,-1.5,2.0,198.0,,,,
121.55327787,560,412,709700,42.2824125,-83.74601,0.0,0.179999992251,0.0,,6.0,,,0.0,,-1.5,2.0,198.5,,,,
121.55327787,560,412,712200,42.2824125,-83.74601,0.0,0.179999992251,0.0,,6.0,,,0.0,,-1.98999023438,2.0,198.5,,,,
121.55327787,560,412,713200,42.2824125,-83.74601,0.0,0.179999992251,0.0,,6.0,,,0.0,,-1.5,2.0,198.5,,,,
121.55327787,560,412,714700,42.2824125,-83.74601,0.0,0.179999992251,0.0,,6.0,,,0.0,,-1.5,2.0,198.0,,,,
121.55327787,560,412,716300,42.2824125,-83.74601,0.0,0.179999992251,0.0,,6.0,,,0.0,,-16.1700134277,2.0,198.0,,,,
121.55327787,560,412,716900,42.2823527778,-83.7459594444,0.0,0.179999992251,0.0,,6.0,,,0.0,,-16.1700134277,2.0,198.0,,,,
121.55327787,560,412,717200,42.2823527778,-83.7459594444,10.0,0.179999992251,1627.0,,6.0,,,0.0,,-69.4400024414,2.0,189.5,,,,
121.55327787,560,412,717300,42.2823527778,-83.7459594444,10.0,13.5,1627.0,,6.0,,,0.0,,-69.4400024414,2.0,189.5,,,,
121.55327787,560,412,719200,42.2823527778,-83.7459594444,16.0,13.5,1997.0,,6.0,,,0.0,,-69.4400024414,2.0,189.5,,,,
121.55327787,560,412,719300,42.2823527778,-83.7459594444,16.0,18.6700000763,1997.0,,6.0,,,0.0,,-17.1400146484,2.0,189.5,,,,
121.55327787,560,412,719900,42.2822513889,-83.7459516667,16.0,18.6700000763,1997.0,,6.0,,,0.0,,-17.1400146484,2.0,189.5,,,,
121.55327787,560,412,720200,42.2822513889,-83.7459516667,20.0,18.6700000763,1997.0,,6.0,,,0.0,,-17.1400146484,2.0,189.5,,,,
121.55327787,560,412,720300,42.2822513889,-83.7459516667,20.0,18.6700000763,1997.0,,6.0,,,0.0,,-3.45999145508,2.0,189.5,,,,
121.55327787,560,412,721200,42.2822513889,-83.7459516667,20.0,18.6700000763,1193.0,,6.0,,,0.0,,-3.45999145508,2.0,189.5,,,,
121.55327787,560,412,721300,42.2822513889,-83.7459516667,23.0,8.88999938965,1193.0,,6.0,,,0.0,,-3.45999145508,2.0,189.5,,,,
121.55327787,560,412,721400,42.2822513889,-83.7459516667,23.0,8.88999938965,1193.0,,6.0,,,0.0,,1.42999267578,2.0,189.5,,,,
121.55327787,560,412,722200,42.2822513889,-83.7459516667,23.0,8.88999938965,1193.0,,6.0,,,0.0,,1.42999267578,2.0,198.0,,,,
121.55327787,560,412,722300,42.2822513889,-83.7459516667,27.0,8.88999938965,1193.0,,6.0,,,0.0,,1.42999267578,2.0,198.0,,,,
121.55327787,560,412,722400,42.2822513889,-83.7459516667,27.0,8.88999938965,1193.0,,6.0,,,0.0,,-4.92001342773,2.0,198.0,,,,
121.55327787,560,412,723000,42.28209,-83.7459947222,27.0,8.88999938965,1193.0,,6.0,,,0.0,,-4.92001342773,2.0,198.0,,,,
121.55327787,560,412,723200,42.28209,-83.7459947222,27.0,8.88999938965,305.0,,6.0,,,0.0,,-4.92001342773,2.0,198.0,,,,
121.55327787,560,412,723300,42.28209,-83.7459947222,27.0,0.849999964237,305.0,,6.0,,,0.0,,-4.92001342773,2.0,198.0,,,,
121.55327787,560,412,723400,42.28209,-83.7459947222,27.0,0.849999964237,305.0,,6.0,,,0.0,,-9.32000732422,2.0,198.0,,,,
121.55327787,560,412,724400,42.28209,-83.7459947222,26.0,0.849999964237,305.0,,6.0,,,0.0,,-9.32000732422,2.0,198.0,,,,
121.55327787,560,412,724500,42.28209,-83.7459947222,26.0,0.849999964237,305.0,,6.0,,,0.0,,10.2300109863,2.0,198.0,,,,
121.55327787,560,412,725200,42.28209,-83.7459947222,26.0,0.849999964237,0.0,,6.0,,,0.0,,10.2300109863,2.0,198.0,,,,
121.55327787,560,412,725300,42.28209,-83.7459947222,26.0,0.209999993443,0.0,,6.0,,,0.0,,10.2300109863,2.0,198.0,,,,
121.55327787,560,412,725400,42.28209,-83.7459947222,25.0,0.209999993443,0.0,,6.0,,,0.0,,10.2300109863,2.0,198.0,,,,
121.55327787,560,412,725500,42.28209,-83.7459947222,25.0,0.209999993443,0.0,,6.0,,,0.0,,7.7799987793,2.0,198.0,,,,
121.55327787,560,412,725800,42.2819166667,-83.7460230556,25.0,0.209999993443,0.0,,6.0,,,0.0,,7.7799987793,2.0,198.0,,,,
121.55327787,560,412,726500,42.2819166667,-83.7460230556,23.0,0.209999993443,0.0,,6.0,,,0.0,,7.7799987793,2.0,198.0,,,,
121.55327787,560,412,726600,42.2819166667,-83.7460230556,23.0,0.209999993443,0.0,,6.0,,,0.0,,-7.36999511719,2.0,198.0,,,,
121.55327787,560,412,727200,42.2819166667,-83.7460230556,23.0,0.209999993443,1568.0,,6.0,,,0.0,,-7.36999511719,2.0,198.0,,,,
121.55327787,560,412,727300,42.2819166667,-83.7460230556,23.0,13.3699998856,1568.0,,6.0,,,0.0,,-7.36999511719,2.0,198.0,,,,
121.55327787,560,412,727500,42.2819166667,-83.7460230556,24.0,13.3699998856,1568.0,,6.0,,,0.0,,-7.36999511719,2.0,198.0,,,,
121.55327787,560,412,727600,42.2819166667,-83.7460230556,24.0,13.3699998856,1568.0,,6.0,,,0.0,,1.92001342773,2.0,198.0,,,,
121.55327787,560,412,728600,42.2819166667,-83.7460230556,26.0,13.3699998856,1568.0,,6.0,,,0.0,,-23.0100097656,2.0,198.0,,,,
121.55327787,560,412,728900,42.2817541667,-83.7460288889,26.0,13.3699998856,1568.0,,6.0,,,0.0,,-23.0100097656,2.0,198.0,,,,
121.55327787,560,412,729200,42.2817541667,-83.7460288889,26.0,13.3699998856,0.0,,6.0,,,0.0,,-23.0100097656,2.0,198.0,,,,
121.55327787,560,412,729300,42.2817541667,-83.7460288889,26.0,2.20000004768,0.0,,6.0,,,0.0,,-23.0100097656,2.0,198.0,,,,
121.55327787,560,412,729600,42.2817541667,-83.7460288889,27.0,2.20000004768,0.0,,6.0,,,0.0,,-23.0100097656,2.0,198.0,,,,
121.55327787,560,412,729700,42.2817541667,-83.7460288889,27.0,2.20000004768,0.0,,6.0,,,0.0,,-25.9400024414,2.0,198.0,,,,
121.55327787,560,412,730600,42.2817541667,-83.7460288889,28.0,2.20000004768,0.0,,6.0,,,0.0,,-25.9400024414,2.0,198.0,,,,
121.55327787,560,412,730700,42.2817541667,-83.7460288889,28.0,2.20000004768,0.0,,6.0,,,0.0,,-33.2699890137,2.0,198.0,,,,
121.55327787,560,412,731300,42.2817541667,-83.7460288889,28.0,0.199999988079,0.0,,6.0,,,0.0,,-33.2699890137,2.0,198.0,,,,
121.55327787,560,412,731800,42.2817541667,-83.7460288889,28.0,0.199999988079,0.0,,6.0,,,0.0,,-18.6099853516,2.0,198.0,,,,
121.55327787,560,412,731900,42.2815625,-83.746025,28.0,0.199999988079,0.0,,6.0,,,0.0,,-18.6099853516,2.0,198.0,,,,
121.55327787,560,412,732200,42.2815625,-83.746025,28.0,0.199999988079,0.0,,6.0,,,0.0,,-18.6099853516,2.0,195.5,,,,
121.55327787,560,412,732800,42.2815625,-83.746025,28.0,0.199999988079,0.0,,6.0,,,0.0,,-4.44000244141,2.0,195.5,,,,
121.55327787,560,412,733300,42.2815625,-83.746025,28.0,0.179999992251,0.0,,6.0,,,0.0,,-4.44000244141,2.0,195.5,,,,
121.55327787,560,412,733800,42.2815625,-83.746025,27.0,0.179999992251,0.0,,6.0,,,0.0,,9.25,2.0,195.5,,,,
121.55327787,560,412,734800,42.2815625,-83.746025,25.0,0.179999992251,0.0,,6.0,,,0.0,,9.25,2.0,195.5,,,,
121.55327787,560,412,735000,42.2813883333,-83.7460291667,25.0,0.179999992251,0.0,,6.0,,,0.0,,9.25,2.0,195.5,,,,
121.55327787,560,412,735800,42.2813883333,-83.7460291667,23.0,0.179999992251,0.0,,6.0,,,0.0,,9.25,2.0,195.5,,,,
121.55327787,560,412,735900,42.2813883333,-83.7460291667,23.0,0.179999992251,0.0,,6.0,,,0.0,,8.76000976563,2.0,195.5,,,,
121.55327787,560,412,736900,42.2813883333,-83.7460291667,21.0,0.179999992251,0.0,,6.0,,,0.0,,8.76000976563,2.0,195.5,,,,
121.55327787,560,412,737000,42.2813883333,-83.7460291667,21.0,0.179999992251,0.0,,6.0,,,0.0,,19.5100097656,2.0,195.5,,,,
121.55327787,560,412,737300,42.2813883333,-83.7460291667,21.0,0.179999992251,0.0,,6.0,,,0.0,,19.5100097656,2.0,201.5,,,,
121.55327787,560,412,737800,42.2812838889,-83.7459836111,21.0,0.179999992251,0.0,,6.0,,,0.0,,19.5100097656,2.0,201.5,,,,
121.55327787,560,412,737900,42.2812838889,-83.7459836111,18.0,0.179999992251,0.0,,6.0,,,0.0,,19.5100097656,2.0,201.5,,,,
121.55327787,560,412,738000,42.2812838889,-83.7459836111,18.0,0.179999992251,0.0,,6.0,,,0.0,,22.9400024414,2.0,201.5,,,,
121.55327787,560,412,739000,42.2812838889,-83.7459836111,11.0,0.179999992251,0.0,,6.0,,,0.0,,22.9400024414,2.0,201.5,,,,
121.55327787,560,412,739100,42.2812838889,-83.7459836111,11.0,0.179999992251,0.0,,6.0,,,0.0,,16.5799865723,2.0,201.5,,,,
121.55327787,560,412,740200,42.2812838889,-83.7459836111,11.0,0.179999992251,0.0,,6.0,,,0.0,,-1.5,2.0,201.5,,,,
121.55327787,560,412,741000,42.2812066667,-83.7459586111,11.0,0.179999992251,0.0,,6.0,,,0.0,,-1.5,2.0,201.5,,,,
121.55327787,560,412,741100,42.2812066667,-83.7459586111,9.0,0.179999992251,0.0,,6.0,,,0.0,,-1.5,2.0,201.5,,,,
121.55327787,560,412,741200,42.2812066667,-83.7459586111,9.0,0.179999992251,0.0,,6.0,,,0.0,,-18.1199951172,2.0,201.5,,,,
121.55327787,560,412,742100,42.2812066667,-83.7459586111,10.0,0.179999992251,0.0,,6.0,,,0.0,,-18.1199951172,2.0,201.5,,,,
121.55327787,560,412,742300,42.2812066667,-83.7459586111,10.0,0.179999992251,0.0,,6.0,,,0.0,,-31.8099975586,2.0,193.0,,,,
121.55327787,560,412,743200,42.2812066667,-83.7459586111,12.0,0.179999992251,0.0,,6.0,,,0.0,,-31.8099975586,2.0,193.0,,,,
121.55327787,560,412,743300,42.2812066667,-83.7459586111,12.0,0.179999992251,0.0,,6.0,,,0.0,,-36.6900024414,2.0,193.0,,,,
121.55327787,560,412,743900,42.2811136111,-83.7459675,12.0,0.179999992251,0.0,,6.0,,,0.0,,-36.6900024414,2.0,193.0,,,,
121.55327787,560,412,744200,42.2811136111,-83.7459675,14.0,0.179999992251,0.0,,6.0,,,0.0,,-36.6900024414,2.0,193.0,,,,
121.55327787,560,412,744400,42.2811136111,-83.7459675,14.0,0.179999992251,0.0,,6.0,,,0.0,,-51.8399963379,2.0,193.0,,,,
121.55327787,560,412,745200,42.2811136111,-83.7459675,16.0,0.179999992251,0.0,,6.0,,,0.0,,-51.8399963379,2.0,193.0,,,,
121.55327787,560,412,745400,42.2811136111,-83.7459675,16.0,0.179999992251,0.0,,6.0,,,0.0,,-27.8999938965,2.0,193.0,,,,
121.55327787,560,412,746300,42.2811136111,-83.7459675,18.0,0.179999992251,0.0,,6.0,,,0.0,,-27.8999938965,2.0,193.0,,,,
121.55327787,560,412,746400,42.2811136111,-83.7459675,18.0,0.179999992251,0.0,,6.0,,,0.0,,-37.6700134277,2.0,193.0,,,,
121.55327787,560,412,746800,42.28098,-83.7459713889,18.0,0.179999992251,0.0,,6.0,,,0.0,,-37.6700134277,2.0,193.0,,,,
121.55327787,560,412,747300,42.28098,-83.7459713889,20.0,0.179999992251,0.0,,6.0,,,0.0,,-37.6700134277,2.0,193.5,,,,
121.55327787,560,412,747500,42.28098,-83.7459713889,20.0,0.179999992251,0.0,,6.0,,,0.0,,-29.8500061035,2.0,193.5,,,,
121.55327787,560,412,748500,42.28098,-83.7459713889,20.0,0.179999992251,0.0,,6.0,,,0.0,,-35.7200012207,2.0,193.5,,,,
121.55327787,560,412,749400,42.28098,-83.7459713889,21.0,0.179999992251,0.0,,6.0,,,0.0,,-35.7200012207,2.0,193.5,,,,
121.55327787,560,412,749600,42.28098,-83.7459713889,21.0,0.179999992251,0.0,,6.0,,,0.0,,-31.3200073242,2.0,193.5,,,,
121.55327787,560,412,749900,42.2808386111,-83.7459766667,21.0,0.179999992251,0.0,,6.0,,,0.0,,-31.3200073242,2.0,193.5,,,,
121.55327787,560,412,750400,42.2808386111,-83.7459766667,22.0,0.179999992251,0.0,,6.0,,,0.0,,-31.3200073242,2.0,193.5,,,,
121.55327787,560,412,750600,42.2808386111,-83.7459766667,22.0,0.179999992251,0.0,,6.0,,,0.0,,-43.5400085449,2.0,193.5,,,,
121.55327787,560,412,751500,42.2808386111,-83.7459766667,24.0,0.179999992251,0.0,,6.0,,,0.0,,-43.5400085449,2.0,193.5,,,,
121.55327787,560,412,751600,42.2808386111,-83.7459766667,24.0,0.179999992251,0.0,,6.0,,,0.0,,-36.6900024414,2.0,193.5,,,,
121.55327787,560,412,752400,42.2808386111,-83.7459766667,24.0,0.179999992251,0.0,,6.0,,,0.0,,-36.6900024414,2.0,192.0,,,,
121.55327787,560,412,752500,42.2808386111,-83.7459766667,25.0,0.179999992251,0.0,,6.0,,,0.0,,-36.6900024414,2.0,192.0,,,,
121.55327787,560,412,752700,42.2808386111,-83.7459766667,25.0,0.179999992251,0.0,,6.0,,,0.0,,-50.8699951172,2.0,192.0,,,,
121.55327787,560,412,752900,42.2806636111,-83.7460094444,25.0,0.179999992251,0.0,,6.0,,,0.0,,-50.8699951172,2.0,192.0,,,,
121.55327787,560,412,753700,42.2806636111,-83.7460094444,25.0,0.179999992251,0.0,,6.0,,,0.0,,-23.0100097656,2.0,192.0,,,,
121.55327787,560,412,754800,42.2806636111,-83.7460094444,25.0,0.179999992251,0.0,,6.0,,,0.0,,3.86999511719,2.0,192.0,,,,
121.55327787,560,412,755600,42.2806636111,-83.7460094444,24.0,0.179999992251,0.0,,6.0,,,0.0,,3.86999511719,2.0,192.0,,,,
121.55327787,560,412,755800,42.2806636111,-83.7460094444,24.0,0.179999992251,0.0,,6.0,,,0.0,,-23.5,2.0,192.0,,,,
121.55327787,560,412,755900,42.2804566667,-83.7460388889,24.0,0.179999992251,0.0,,6.0,,,0.0,,-23.5,2.0,192.0,,,,
121.55327787,560,412,756800,42.2804566667,-83.7460388889,24.0,0.179999992251,0.0,,6.0,,,0.0,,-1.5,2.0,192.0,,,,
121.55327787,560,412,757400,42.2804566667,-83.7460388889,24.0,0.179999992251,0.0,,6.0,,,0.0,,-1.5,2.0,197.0,,,,
121.55327787,560,412,757900,42.2804566667,-83.7460388889,24.0,0.179999992251,0.0,,6.0,,,0.0,,1.92001342773,2.0,197.0,,,,
121.55327787,560,412,758800,42.2804566667,-83.7460388889,22.0,0.179999992251,0.0,,6.0,,,0.0,,1.92001342773,2.0,197.0,,,,
121.55327787,560,412,758900,42.2804566667,-83.7460388889,22.0,0.179999992251,0.0,,6.0,,,0.0,,6.80999755859,2.0,197.0,,,,
121.55327787,560,412,759900,42.2801744444,-83.7460586111,22.0,0.179999992251,0.0,,6.0,,,0.0,,6.80999755859,2.0,197.0,,,,
121.55327787,560,412,760000,42.2801744444,-83.7460586111,22.0,0.179999992251,0.0,,6.0,,,0.0,,-27.4100036621,2.0,197.0,,,,
121.55327787,560,412,760800,42.2801744444,-83.7460586111,24.0,0.179999992251,0.0,,6.0,,,0.0,,-27.4100036621,2.0,197.0,,,,
121.55327787,560,412,761000,42.2801744444,-83.7460586111,24.0,0.179999992251,0.0,,6.0,,,0.0,,-145.199981689,2.0,197.0,,,,
121.55327787,560,412,761200,42.2801744444,-83.7460586111,24.0,0.179999992251,1998.0,,6.0,,,0.0,,-145.199981689,2.0,197.0,,,,
121.55327787,560,412,761400,42.2801744444,-83.7460586111,24.0,17.8099994659,1998.0,,6.0,,,0.0,,-145.199981689,2.0,197.0,,,,
121.55327787,560,412,761900,42.2801744444,-83.7460586111,32.0,17.8099994659,1998.0,,6.0,,,0.0,,-145.199981689,2.0,197.0,,,,
121.55327787,560,412,762000,42.2801744444,-83.7460586111,32.0,17.8099994659,1998.0,,6.0,,,0.0,,24.8900146484,2.0,197.0,,,,
121.55327787,560,412,762400,42.2801744444,-83.7460586111,32.0,17.8099994659,1998.0,,6.0,,,0.0,,24.8900146484,2.0,196.5,,,,
121.55327787,560,412,762900,42.2799386111,-83.7460883333,31.0,17.8099994659,1998.0,,6.0,,,0.0,,24.8900146484,2.0,196.5,,,,
121.55327787,560,412,763100,42.2799386111,-83.7460883333,31.0,17.8099994659,1998.0,,6.0,,,0.0,,12.1799926758,2.0,196.5,,,,
121.55327787,560,412,763200,42.2799386111,-83.7460883333,31.0,17.8099994659,114.0,,6.0,,,0.0,,12.1799926758,2.0,196.5,,,,
121.55327787,560,412,763400,42.2799386111,-83.7460883333,31.0,0.959999978542,114.0,,6.0,,,0.0,,12.1799926758,2.0,196.5,,,,
121.55327787,560,412,764100,42.2799386111,-83.7460883333,31.0,0.959999978542,114.0,,6.0,,,0.0,,40.5299987793,2.0,196.5,,,,
121.55327787,560,412,764800,42.2797727778,-83.7461125,31.0,0.959999978542,114.0,,6.0,,,0.0,,40.5299987793,2.0,196.5,,,,
121.55327787,560,412,765000,42.2797727778,-83.7461125,28.0,0.959999978542,114.0,,6.0,,,0.0,,40.5299987793,2.0,196.5,,,,
121.55327787,560,412,765200,42.2797727778,-83.7461125,28.0,0.959999978542,0.0,,6.0,,,0.0,,42.4899902344,2.0,196.5,,,,
121.55327787,560,412,765400,42.2797727778,-83.7461125,28.0,0.199999988079,0.0,,6.0,,,0.0,,42.4899902344,2.0,196.5,,,,
121.55327787,560,412,766000,42.2797727778,-83.7461125,24.0,0.199999988079,0.0,,6.0,,,0.0,,42.4899902344,2.0,196.5,,,,
121.55327787,560,412,766200,42.2797727778,-83.7461125,24.0,0.199999988079,0.0,,6.0,,,0.0,,5.82998657227,2.0,196.5,,,,
121.55327787,560,412,767100,42.2797727778,-83.7461125,22.0,0.199999988079,0.0,,6.0,,,0.0,,5.82998657227,2.0,196.5,,,,
121.55327787,560,412,767200,42.2797727778,-83.7461125,22.0,0.199999988079,0.0,,6.0,,,0.0,,-13.2300109863,2.0,196.5,,,,
121.55327787,560,412,767400,42.2797727778,-83.7461125,22.0,0.179999992251,0.0,,6.0,,,0.0,,-13.2300109863,2.0,196.5,,,,
121.55327787,560,412,767500,42.2797727778,-83.7461125,22.0,0.179999992251,0.0,,6.0,,,0.0,,-13.2300109863,2.0,192.0,,,,
121.55327787,560,412,768300,42.2797727778,-83.7461125,22.0,0.179999992251,0.0,,6.0,,,0.0,,-41.5799865723,2.0,192.0,,,,
121.55327787,560,412,768900,42.2795980556,-83.7463547222,22.0,0.179999992251,0.0,,6.0,,,0.0,,-41.5799865723,2.0,192.0,,,,
121.55327787,560,412,769200,42.2795980556,-83.7463547222,24.0,0.179999992251,0.0,,6.0,,,0.0,,-41.5799865723,2.0,192.0,,,,
121.55327787,560,412,769300,42.2795980556,-83.7463547222,24.0,0.179999992251,0.0,,6.0,,,0.0,,-27.8999938965,2.0,192.0,,,,
121.55327787,560,412,770200,42.2795980556,-83.7463547222,25.0,0.179999992251,0.0,,6.0,,,0.0,,-27.8999938965,2.0,192.0,,,,
121.55327787,560,412,770400,42.2795980556,-83.7463547222,25.0,0.179999992251,0.0,,6.0,,,0.0,,8.76000976563,2.0,192.0,,,,
121.55327787,560,412,771400,42.2795980556,-83.7463547222,25.0,0.179999992251,0.0,,6.0,,,0.0,,35.1499938965,2.0,192.0,,,,
121.55327787,560,412,772000,42.2795936111,-83.7465816667,25.0,0.179999992251,0.0,,6.0,,,0.0,,35.1499938965,2.0,192.0,,,,
121.55327787,560,412,772300,42.2795936111,-83.7465816667,18.0,0.179999992251,0.0,,6.0,,,0.0,,35.1499938965,2.0,192.0,,,,
121.55327787,560,412,772400,42.2795936111,-83.7465816667,18.0,0.179999992251,0.0,,6.0,,,0.0,,24.3999938965,2.0,192.0,,,,
121.55327787,560,412,772600,42.2795936111,-83.7465816667,18.0,0.179999992251,0.0,,6.0,,,0.0,,24.3999938965,2.0,204.5,,,,
121.55327787,560,412,773500,42.2795936111,-83.7465816667,18.0,0.179999992251,0.0,,6.0,,,0.0,,30.7600097656,2.0,204.5,,,,
121.55327787,560,412,774500,42.2795936111,-83.7465816667,14.0,0.179999992251,0.0,,6.0,,,0.0,,30.7600097656,2.0,204.5,,,,
121.55327787,560,412,774600,42.2795936111,-83.7465816667,14.0,0.179999992251,0.0,,6.0,,,0.0,,21.4700012207,2.0,204.5,,,,
121.55327787,560,412,775000,42.2795991667,-83.7467527778,14.0,0.179999992251,0.0,,6.0,,,0.0,,21.4700012207,2.0,204.5,,,,
121.55327787,560,412,775500,42.2795991667,-83.7467527778,9.0,0.179999992251,0.0,,6.0,,,0.0,,21.4700012207,2.0,204.5,,,,
121.55327787,560,412,775600,42.2795991667,-83.7467527778,9.0,0.179999992251,0.0,,6.0,,,0.0,,8.26998901367,2.0,204.5,,,,
121.55327787,560,412,776600,42.2795991667,-83.7467527778,8.0,0.179999992251,0.0,,6.0,,,0.0,,0.450012207031,2.0,204.5,,,,
121.55327787,560,412,777100,42.2795991667,-83.7467527778,8.0,0.179999992251,0.0,,6.0,,,0.0,,0.450012207031,0.0,204.5,,,,
121.55327787,560,412,777600,42.2795991667,-83.7467527778,6.0,0.179999992251,0.0,,6.0,,,0.0,,0.450012207031,0.0,197.0,,,,
121.55327787,560,412,777700,42.2795991667,-83.7467527778,6.0,0.179999992251,0.0,,6.0,,,0.0,,-5.41000366211,0.0,197.0,,,,
121.55327787,560,412,777900,42.2795902778,-83.7468108333,6.0,0.179999992251,0.0,,6.0,,,0.0,,-5.41000366211,0.0,197.0,,,,
121.55327787,560,412,778600,42.2795902778,-83.7468108333,4.0,0.179999992251,0.0,,6.0,,,0.0,,-5.41000366211,0.0,197.0,,,,
121.55327787,560,412,778700,42.2795902778,-83.7468108333,4.0,0.179999992251,0.0,,6.0,,,0.0,,-2.9700012207,0.0,197.0,,,,
121.55327787,560,412,779700,42.2795902778,-83.7468108333,3.0,0.179999992251,0.0,,6.0,,,0.0,,-2.9700012207,0.0,197.0,,,,
121.55327787,560,412,779800,42.2795902778,-83.7468108333,3.0,0.179999992251,0.0,,6.0,,,0.0,,-2.48001098633,0.0,197.0,,,,
121.55327787,560,412,781200,42.2795902778,-83.7468108333,0.0,0.179999992251,0.0,,6.0,,,0.0,,-2.48001098633,0.0,197.5,,,,
121.55327787,560,412,781300,42.2795902778,-83.7468108333,0.0,0.179999992251,0.0,,6.0,,,0.0,,-1.98999023438,0.0,197.5,,,,
121.55327787,560,412,783400,42.2795902778,-83.7468108333,0.0,0.179999992251,0.0,,6.0,,,0.0,,-1.5,0.0,197.5,,,,
121.55327787,560,412,785400,42.2795902778,-83.7468108333,0.0,0.179999992251,0.0,,6.0,,,0.0,,-1.98999023438,0.0,197.5,,,,
121.55327787,560,412,786500,42.2795902778,-83.7468108333,0.0,0.179999992251,0.0,,6.0,,,0.0,,-1.5,0.0,197.5,,,,
121.55327787,560,412,787500,42.2795902778,-83.7468108333,0.0,0.179999992251,0.0,,6.0,,,0.0,,-1.98999023438,0.0,197.5,,,,
121.55327787,560,412,788600,42.2795902778,-83.7468108333,0.0,0.179999992251,0.0,,6.0,,,0.0,,-1.5,0.0,197.5,,,,
121.55327787,560,412,790600,42.2795902778,-83.7468108333,0.0,0.179999992251,0.0,,6.0,,,0.0,,-1.98999023438,0.0,197.5,,,,
121.55327787,560,412,791700,42.2795902778,-83.7468108333,0.0,0.179999992251,0.0,,6.0,,,0.0,,-2.48001098633,0.0,197.5,,,,
121.55327787,560,412,792700,42.2795902778,-83.7468108333,0.0,0.179999992251,0.0,,6.0,,,0.0,,-1.98999023438,0.0,197.5,,,,
121.55327787,560,412,797900,42.2795902778,-83.7468108333,0.0,0.179999992251,0.0,,6.0,,,0.0,,-4.92001342773,0.0,197.5,,,,
121.55327787,560,412,799000,42.2795141667,-83.7468352778,0.0,0.179999992251,0.0,,6.0,,,0.0,,-4.92001342773,0.0,197.5,,,,
121.55327787,560,412,799400,42.2795141667,-83.7468352778,5.0,0.179999992251,0.0,,6.0,,,0.0,,-4.92001342773,0.0,197.5,,,,
121.55327787,560,412,799900,42.2795141667,-83.7468352778,5.0,0.179999992251,0.0,,6.0,,,0.0,,-4.92001342773,0.0,195.5,,,,
121.55327787,560,412,800000,42.2795141667,-83.7468352778,5.0,0.179999992251,0.0,,6.0,,,0.0,,-18.1199951172,0.0,195.5,,,,
121.55327787,560,412,800100,42.2795141667,-83.7468352778,5.0,0.179999992251,0.0,,6.0,,,100.0,,-18.1199951172,0.0,195.5,,,,
121.55327787,560,412,801400,42.2795141667,-83.7468352778,7.0,0.179999992251,0.0,,6.0,,,100.0,,-18.1199951172,0.0,195.5,,,,
121.55327787,560,412,801800,42.2794977778,-83.7468766667,7.0,0.179999992251,0.0,,6.0,,,100.0,,-18.1199951172,0.0,195.5,,,,
121.55327787,560,412,802100,42.2794977778,-83.7468766667,7.0,0.179999992251,0.0,,6.0,,,100.0,,-5.89999389648,0.0,195.5,,,,
121.55327787,560,412,802500,42.2794977778,-83.7468766667,9.0,0.179999992251,0.0,,6.0,,,100.0,,-5.89999389648,0.0,195.5,,,,
121.55327787,560,412,803100,42.2794977778,-83.7468766667,9.0,0.179999992251,0.0,,6.0,,,100.0,,-3.95001220703,0.0,195.5,,,,
121.55327787,560,412,804900,42.2795408333,-83.7469569444,9.0,0.179999992251,0.0,,6.0,,,100.0,,-3.95001220703,0.0,195.5,,,,
121.55327787,560,412,805000,42.2795408333,-83.7469569444,9.0,0.179999992251,0.0,,6.0,,,100.0,,-3.95001220703,0.0,197.0,,,,
121.55327787,560,412,805600,42.2795408333,-83.7469569444,7.0,0.179999992251,0.0,,6.0,,,100.0,,-3.95001220703,0.0,197.0,,,,
121.55327787,560,412,806300,42.2795408333,-83.7469569444,7.0,0.179999992251,0.0,,6.0,,,100.0,,-5.41000366211,0.0,197.0,,,,
121.55327787,560,412,806600,42.2795408333,-83.7469569444,6.0,0.179999992251,0.0,,6.0,,,100.0,,-5.41000366211,0.0,197.0,,,,
121.55327787,560,412,807400,42.2795408333,-83.7469569444,6.0,0.179999992251,0.0,,6.0,,,100.0,,-5.89999389648,0.0,197.0,,,,
121.55327787,560,412,807700,42.2795408333,-83.7469569444,4.0,0.179999992251,0.0,,6.0,,,100.0,,-5.89999389648,0.0,197.0,,,,
121.55327787,560,412,807800,42.2795475,-83.7469913889,4.0,0.179999992251,0.0,,6.0,,,100.0,,-5.89999389648,0.0,197.0,,,,
121.55327787,560,412,808400,42.2795475,-83.7469913889,4.0,0.179999992251,0.0,,6.0,,,100.0,,-5.41000366211,0.0,197.0,,,,
121.55327787,560,412,808800,42.2795475,-83.7469913889,3.0,0.179999992251,0.0,,6.0,,,100.0,,-5.41000366211,0.0,197.0,,,,
121.55327787,560,412,810500,42.2795475,-83.7469913889,3.0,0.179999992251,0.0,,6.0,,,100.0,,-3.95001220703,0.0,197.0,,,,
121.55327787,560,412,811400,42.2795475,-83.7469913889,0.0,0.179999992251,0.0,,6.0,,,100.0,,-2.9700012207,0.0,197.0,,,,
121.55327787,560,412,811500,42.2795475,-83.7469913889,0.0,0.179999992251,0.0,,6.0,,,200.0,,-2.9700012207,0.0,197.0,,,,
121.55327787,560,412,814500,42.2795475,-83.7469913889,0.0,0.179999992251,0.0,,6.0,,,200.0,,-2.48001098633,0.0,197.0,,,,
121.55327787,560,412,815600,42.2795475,-83.7469913889,0.0,0.179999992251,0.0,,6.0,,,200.0,,-1.5,0.0,197.0,,,,
121.55327787,560,412,821800,42.2795475,-83.7469913889,0.0,0.179999992251,0.0,,6.0,,,200.0,,-1.98999023438,0.0,197.0,,,,
121.55327787,560,412,822800,42.2795475,-83.7469913889,0.0,0.179999992251,0.0,,6.0,,,200.0,,-1.5,0.0,197.0,,,,
121.55327787,560,412,826600,42.2795475,-83.7469913889,0.0,0.170000001788,0.0,,6.0,,,200.0,,-1.5,0.0,197.0,,,,
121.55327787,560,412,831600,42.2795475,-83.7469913889,0.0,0.179999992251,0.0,,6.0,,,200.0,,-1.5,0.0,197.0,,,,
121.55327787,560,412,832200,42.2795475,-83.7469913889,0.0,0.179999992251,0.0,,6.0,,,200.0,,-1.98999023438,0.0,197.0,,,,
121.55327787,560,412,833200,42.2795475,-83.7469913889,0.0,0.179999992251,0.0,,6.0,,,200.0,,-1.5,0.0,197.0,,,,
121.55327787,560,412,834800,42.2795011111,-83.7469619444,0.0,0.179999992251,0.0,,6.0,,,200.0,,-1.5,0.0,197.0,,,,
121.55327787,560,412,835800,42.2795011111,-83.7469619444,5.0,0.179999992251,0.0,,6.0,,,200.0,,-1.5,0.0,197.0,,,,
121.55327787,560,412,836400,42.2795011111,-83.7469619444,5.0,0.179999992251,0.0,,6.0,,,0.0,,-4.92001342773,0.0,197.0,,,,
121.55327787,560,412,837800,42.2795011111,-83.7469619444,6.0,0.179999992251,0.0,,6.0,,,0.0,,-4.92001342773,0.0,197.0,,,,
121.55327787,560,412,838000,42.2795144444,-83.7470463889,6.0,0.179999992251,0.0,,6.0,,,0.0,,-4.92001342773,0.0,197.0,,,,
121.55327787,560,412,838800,42.2795144444,-83.7470463889,7.0,0.179999992251,0.0,,6.0,,,0.0,,-4.92001342773,0.0,197.0,,,,
121.55327787,560,412,839500,42.2795144444,-83.7470463889,7.0,0.179999992251,0.0,,6.0,,,0.0,,-7.36999511719,0.0,197.0,,,,
121.55327787,560,412,839900,42.2795144444,-83.7470463889,6.0,0.179999992251,0.0,,6.0,,,0.0,,-7.36999511719,0.0,197.0,,,,
121.55327787,560,412,840600,42.2795144444,-83.7470463889,6.0,0.179999992251,0.0,,6.0,,,0.0,,-6.88000488281,0.0,197.0,,,,
121.55327787,560,412,840900,42.2795177778,-83.7470944444,6.0,0.179999992251,0.0,,6.0,,,0.0,,-6.88000488281,0.0,197.0,,,,
121.55327787,560,412,841000,42.2795177778,-83.7470944444,4.0,0.179999992251,0.0,,6.0,,,0.0,,-6.88000488281,0.0,197.0,,,,
121.55327787,560,412,841700,42.2795177778,-83.7470944444,4.0,0.179999992251,0.0,,6.0,,,0.0,,-5.41000366211,0.0,197.0,,,,
121.55327787,560,412,842000,42.2795177778,-83.7470944444,3.0,0.179999992251,0.0,,6.0,,,0.0,,-5.41000366211,0.0,197.0,,,,
121.55327787,560,412,842800,42.2795177778,-83.7470944444,3.0,0.179999992251,0.0,,6.0,,,0.0,,-3.95001220703,0.0,197.0,,,,
121.55327787,560,412,843800,42.2795177778,-83.7470944444,3.0,0.179999992251,0.0,,6.0,,,0.0,,-6.39001464844,0.0,197.0,,,,
121.55327787,560,412,844800,42.2795216667,-83.74713,3.0,0.179999992251,0.0,,6.0,,,0.0,,-7.36999511719,0.0,197.0,,,,
121.55327787,560,412,845100,42.2795216667,-83.74713,4.0,0.179999992251,0.0,,6.0,,,0.0,,-7.36999511719,0.0,197.0,,,,
121.55327787,560,412,845800,42.2795216667,-83.74713,4.0,0.179999992251,0.0,,6.0,,,0.0,,-6.39001464844,0.0,197.0,,,,
121.55327787,560,412,846200,42.2795216667,-83.74713,5.0,0.179999992251,0.0,,6.0,,,0.0,,-6.39001464844,0.0,197.0,,,,
121.55327787,560,412,846300,42.2795216667,-83.74713,5.0,0.179999992251,0.0,,6.0,,,0.0,,-6.39001464844,0.0,196.5,,,,
121.55327787,560,412,846900,42.2795341667,-83.7471536111,5.0,0.179999992251,0.0,,6.0,,,0.0,,-7.36999511719,0.0,196.5,,,,
121.55327787,560,412,847200,42.2795341667,-83.7471536111,4.0,0.179999992251,0.0,,6.0,,,0.0,,-7.36999511719,0.0,196.5,,,,
121.55327787,560,412,847900,42.2795341667,-83.7471536111,4.0,0.179999992251,0.0,,6.0,,,0.0,,-6.88000488281,0.0,196.5,,,,
121.55327787,560,412,848200,42.2795341667,-83.7471536111,3.0,0.179999992251,0.0,,6.0,,,0.0,,-6.88000488281,0.0,196.5,,,,
121.55327787,560,412,849000,42.2795341667,-83.7471536111,3.0,0.179999992251,0.0,,6.0,,,0.0,,-6.39001464844,0.0,196.5,,,,
121.55327787,560,412,850000,42.2795341667,-83.7471536111,3.0,0.179999992251,0.0,,6.0,,,0.0,,-4.92001342773,0.0,196.5,,,,
121.55327787,560,412,850800,42.2795341667,-83.7471536111,0.0,0.179999992251,0.0,,6.0,,,0.0,,-4.92001342773,0.0,197.0,,,,
121.55327787,560,412,850900,42.2795341667,-83.7471536111,0.0,0.179999992251,0.0,,6.0,,,0.0,,-2.9700012207,0.0,197.0,,,,
121.55327787,560,412,851000,42.2795341667,-83.7471536111,0.0,0.179999992251,0.0,,6.0,,,200.0,,-2.9700012207,0.0,197.0,,,,
121.55327787,560,412,853000,42.2795341667,-83.7471536111,0.0,0.179999992251,0.0,,6.0,,,200.0,,-4.92001342773,0.0,197.0,,,,
121.55327787,560,412,854000,42.2795341667,-83.7471536111,0.0,0.179999992251,0.0,,6.0,,,200.0,,-6.88000488281,0.0,197.0,,,,
121.55327787,560,412,854900,42.2795402778,-83.7472055556,0.0,0.179999992251,0.0,,6.0,,,200.0,,-6.88000488281,0.0,197.0,,,,
121.55327787,560,412,855500,42.2795402778,-83.7472055556,11.0,0.179999992251,1182.0,,6.0,,,200.0,,-6.88000488281,0.0,197.0,,,,
121.55327787,560,412,855600,42.2795402778,-83.7472055556,11.0,7.58999967575,1182.0,,6.0,,,200.0,,-6.88000488281,0.0,197.0,,,,
121.55327787,560,412,856000,42.2795402778,-83.7472055556,11.0,7.58999967575,1182.0,,6.0,,,200.0,,-6.88000488281,0.0,200.0,,,,
121.55327787,560,412,856100,42.2795402778,-83.7472055556,11.0,7.58999967575,1182.0,,6.0,,,200.0,,19.0299987793,0.0,200.0,,,,
121.55327787,560,412,856200,42.2795402778,-83.7472055556,11.0,7.58999967575,1182.0,,6.0,,,0.0,,19.0299987793,0.0,200.0,,,,
121.55327787,560,412,857500,42.2795402778,-83.7472055556,14.0,7.58999967575,1128.0,,6.0,,,0.0,,19.0299987793,0.0,200.0,,,,
121.55327787,560,412,857600,42.2795402778,-83.7472055556,14.0,2.33999991417,1128.0,,6.0,,,0.0,,19.0299987793,0.0,200.0,,,,
121.55327787,560,412,858000,42.2796094444,-83.7472686111,14.0,2.33999991417,1128.0,,6.0,,,0.0,,19.0299987793,0.0,200.0,,,,
121.55327787,560,412,858200,42.2796094444,-83.7472686111,14.0,2.33999991417,1128.0,,6.0,,,0.0,,-0.0400085449219,0.0,200.0,,,,
121.55327787,560,412,859200,42.2796094444,-83.7472686111,14.0,2.33999991417,1128.0,,6.0,,,0.0,,-26.9200134277,0.0,200.0,,,,
121.55327787,560,412,859500,42.2796094444,-83.7472686111,14.0,2.33999991417,1007.0,,6.0,,,0.0,,-26.9200134277,0.0,200.0,,,,
121.55327787,560,412,859600,42.2796094444,-83.7472686111,14.0,2.45000004768,1007.0,,6.0,,,0.0,,-26.9200134277,0.0,200.0,,,,
121.55327787,560,412,860200,42.2796094444,-83.7472686111,14.0,2.45000004768,1007.0,,6.0,,,0.0,,-0.0400085449219,0.0,200.0,,,,
121.55327787,560,412,860600,42.2796094444,-83.7472686111,15.0,2.45000004768,1007.0,,6.0,,,0.0,,-0.0400085449219,0.0,200.0,,,,
121.55327787,560,412,860800,42.2796988889,-83.747275,15.0,2.45000004768,1007.0,,6.0,,,0.0,,-0.0400085449219,0.0,200.0,,,,
121.55327787,560,412,861000,42.2796988889,-83.747275,15.0,2.45000004768,1007.0,,6.0,,,0.0,,-0.0400085449219,0.0,196.0,,,,
121.55327787,560,412,861300,42.2796988889,-83.747275,15.0,2.45000004768,1007.0,,6.0,,,0.0,,-14.2099914551,0.0,196.0,,,,
121.55327787,560,412,861500,42.2796988889,-83.747275,15.0,2.45000004768,114.0,,6.0,,,0.0,,-14.2099914551,0.0,196.0,,,,
121.55327787,560,412,861600,42.2796988889,-83.747275,15.0,0.949999988079,114.0,,6.0,,,0.0,,-14.2099914551,0.0,196.0,,,,
121.55327787,560,412,861700,42.2796988889,-83.747275,16.0,0.949999988079,114.0,,6.0,,,0.0,,-14.2099914551,0.0,196.0,,,,
121.55327787,560,412,862300,42.2796988889,-83.747275,16.0,0.949999988079,114.0,,6.0,,,0.0,,-22.0299987793,0.0,196.0,,,,
121.55327787,560,412,862700,42.2796988889,-83.747275,18.0,0.949999988079,114.0,,6.0,,,0.0,,-22.0299987793,0.0,196.0,,,,
121.55327787,560,412,863400,42.2796988889,-83.747275,18.0,0.949999988079,114.0,,6.0,,,0.0,,-5.41000366211,0.0,196.0,,,,
121.55327787,560,412,863500,42.2796988889,-83.747275,18.0,0.949999988079,0.0,,6.0,,,0.0,,-5.41000366211,0.0,196.0,,,,
121.55327787,560,412,863600,42.2796988889,-83.747275,18.0,0.199999988079,0.0,,6.0,,,0.0,,-5.41000366211,0.0,196.0,,,,
121.55327787,560,412,863900,42.2798222222,-83.74726,18.0,0.199999988079,0.0,,6.0,,,0.0,,-5.41000366211,0.0,196.0,,,,
121.55327787,560,412,864400,42.2798222222,-83.74726,18.0,0.199999988079,0.0,,6.0,,,0.0,,-3.95001220703,0.0,196.0,,,,
121.55327787,560,412,865400,42.2798222222,-83.74726,18.0,0.199999988079,0.0,,6.0,,,0.0,,3.86999511719,0.0,196.0,,,,
121.55327787,560,412,865600,42.2798222222,-83.74726,18.0,0.179999992251,0.0,,6.0,,,0.0,,3.86999511719,0.0,196.0,,,,
121.55327787,560,412,866100,42.2798222222,-83.74726,18.0,0.179999992251,0.0,,6.0,,,0.0,,3.86999511719,0.0,197.5,,,,
121.55327787,560,412,866500,42.2798222222,-83.74726,18.0,0.179999992251,0.0,,6.0,,,0.0,,3.38000488281,0.0,197.5,,,,
121.55327787,560,412,866900,42.2798222222,-83.74726,17.0,0.179999992251,0.0,,6.0,,,0.0,,3.38000488281,0.0,197.5,,,,
121.55327787,560,412,867000,42.2799458333,-83.7472575,17.0,0.179999992251,0.0,,6.0,,,0.0,,3.38000488281,0.0,197.5,,,,
121.55327787,560,412,867500,42.2799458333,-83.7472575,17.0,0.179999992251,0.0,,6.0,,,0.0,,28.3099975586,0.0,197.5,,,,
121.55327787,560,412,867900,42.2799458333,-83.7472575,16.0,0.179999992251,0.0,,6.0,,,0.0,,28.3099975586,0.0,197.5,,,,
121.55327787,560,412,868600,42.2799458333,-83.7472575,16.0,0.179999992251,0.0,,6.0,,,0.0,,18.049987793,0.0,197.5,,,,
121.55327787,560,412,869000,42.2799458333,-83.7472575,13.0,0.179999992251,0.0,,6.0,,,0.0,,18.049987793,0.0,197.5,,,,
121.55327787,560,412,869600,42.2799458333,-83.7472575,13.0,0.179999992251,0.0,,6.0,,,0.0,,8.76000976563,0.0,197.5,,,,
121.55327787,560,412,869800,42.2800461111,-83.7472669444,13.0,0.179999992251,0.0,,6.0,,,0.0,,8.76000976563,0.0,197.5,,,,
121.55327787,560,412,870000,42.2800461111,-83.7472669444,11.0,0.179999992251,0.0,,6.0,,,0.0,,8.76000976563,0.0,197.5,,,,
121.55327787,560,412,870600,42.2800461111,-83.7472669444,11.0,0.179999992251,0.0,,6.0,,,0.0,,10.2300109863,0.0,197.5,,,,
121.55327787,560,412,871000,42.2800461111,-83.7472669444,9.0,0.179999992251,0.0,,6.0,,,0.0,,10.2300109863,0.0,197.5,,,,
121.55327787,560,412,871100,42.2800461111,-83.7472669444,9.0,0.179999992251,0.0,,6.0,,,0.0,,10.2300109863,0.0,197.0,,,,
121.55327787,560,412,871700,42.2800461111,-83.7472669444,9.0,0.179999992251,0.0,,6.0,,,0.0,,-1.5,0.0,197.0,,,,
121.55327787,560,412,872100,42.2800461111,-83.7472669444,5.0,0.179999992251,0.0,,6.0,,,0.0,,-1.5,0.0,197.0,,,,
121.55327787,560,412,873000,42.2800716667,-83.7472663889,5.0,0.179999992251,0.0,,6.0,,,0.0,,-1.5,0.0,197.0,,,,
121.55327787,560,412,873100,42.2800716667,-83.7472663889,3.0,0.179999992251,0.0,,6.0,,,0.0,,-1.5,0.0,197.0,,,,
121.55327787,560,412,874800,42.2800716667,-83.7472663889,3.0,0.179999992251,0.0,,6.0,,,0.0,,-2.9700012207,0.0,197.0,,,,
121.55327787,560,412,875800,42.2800716667,-83.7472663889,0.0,0.179999992251,0.0,,6.0,,,0.0,,-2.9700012207,0.0,197.0,,,,
121.55327787,560,412,875900,42.2800716667,-83.7472663889,0.0,0.179999992251,0.0,,6.0,,,0.0,,-4.44000244141,0.0,197.0,,,,
121.55327787,560,412,878000,42.2800716667,-83.7472663889,0.0,0.179999992251,0.0,,6.0,,,0.0,,-3.45999145508,0.0,197.0,,,,
121.55327787,560,412,879000,42.2800716667,-83.7472663889,0.0,0.179999992251,0.0,,6.0,,,0.0,,-2.48001098633,0.0,197.0,,,,
121.55327787,560,412,880000,42.2800716667,-83.7472663889,0.0,0.179999992251,0.0,,6.0,,,0.0,,-1.5,0.0,197.0,,,,
121.55327787,560,412,881100,42.2800716667,-83.7472663889,0.0,0.179999992251,0.0,,6.0,,,0.0,,-1.98999023438,0.0,197.0,,,,
121.55327787,560,412,882100,42.2800716667,-83.7472663889,0.0,0.179999992251,0.0,,6.0,,,0.0,,-2.48001098633,0.0,197.0,,,,
121.55327787,560,412,884200,42.2800716667,-83.7472663889,0.0,0.179999992251,0.0,,6.0,,,0.0,,-4.44000244141,0.0,197.0,,,,
121.55327787,560,412,885200,42.2800716667,-83.7472663889,0.0,0.179999992251,0.0,,6.0,,,0.0,,-5.41000366211,0.0,197.0,,,,
121.55327787,560,412,886300,42.2800716667,-83.7472663889,0.0,0.179999992251,0.0,,6.0,,,0.0,,-4.92001342773,0.0,197.0,,,,
121.55327787,560,412,887300,42.2800716667,-83.7472663889,0.0,0.179999992251,0.0,,6.0,,,0.0,,-5.41000366211,0.0,197.0,,,,
121.55327787,560,412,888400,42.2800716667,-83.7472663889,0.0,0.179999992251,0.0,,6.0,,,0.0,,-6.39001464844,0.0,197.0,,,,
121.55327787,560,412,889400,42.2800716667,-83.7472663889,0.0,0.179999992251,0.0,,6.0,,,0.0,,-5.41000366211,0.0,197.0,,,,
121.55327787,560,412,890400,42.2800716667,-83.7472663889,0.0,0.179999992251,0.0,,6.0,,,0.0,,-3.95001220703,0.0,197.0,,,,
121.55327787,560,412,891500,42.2800716667,-83.7472663889,0.0,0.179999992251,0.0,,6.0,,,0.0,,-2.9700012207,0.0,197.0,,,,
121.55327787,560,412,892800,42.2801080556,-83.7472997222,0.0,0.179999992251,0.0,,6.0,,,0.0,,-2.9700012207,0.0,197.0,,,,
121.55327787,560,412,892900,42.2801080556,-83.7472997222,5.0,0.179999992251,0.0,,6.0,,,0.0,,-2.9700012207,0.0,197.0,,,,
121.55327787,560,412,893400,42.2801080556,-83.7472997222,5.0,0.179999992251,0.0,,6.0,,,0.0,,-2.9700012207,0.0,194.0,,,,
121.55327787,560,412,893500,42.2801080556,-83.7472997222,5.0,0.179999992251,0.0,,6.0,,,0.0,,-23.0100097656,0.0,194.0,,,,
121.55327787,560,412,893600,42.2801080556,-83.7472997222,5.0,0.179999992251,0.0,,6.0,,,200.0,,-23.0100097656,0.0,194.0,,,,
121.55327787,560,412,894900,42.2801602778,-83.7472844444,8.0,0.179999992251,0.0,,6.0,,,200.0,,-23.0100097656,0.0,194.0,,,,
121.55327787,560,412,895600,42.2801602778,-83.7472844444,8.0,0.179999992251,0.0,,6.0,,,200.0,,-26.4299926758,0.0,194.0,,,,
121.55327787,560,412,896000,42.2801602778,-83.7472844444,11.0,0.179999992251,0.0,,6.0,,,200.0,,-26.4299926758,0.0,194.0,,,,
121.55327787,560,412,896600,42.2801602778,-83.7472844444,11.0,0.179999992251,0.0,,6.0,,,200.0,,-36.200012207,0.0,194.0,,,,
121.55327787,560,412,897000,42.2801602778,-83.7472844444,15.0,0.179999992251,0.0,,6.0,,,200.0,,-36.200012207,0.0,194.0,,,,
121.55327787,560,412,897600,42.2801602778,-83.7472844444,15.0,0.179999992251,0.0,,6.0,,,200.0,,-31.3200073242,0.0,194.0,,,,
121.55327787,560,412,898000,42.2801602778,-83.7472844444,17.0,0.179999992251,0.0,,6.0,,,200.0,,-31.3200073242,0.0,194.0,,,,
121.55327787,560,412,898400,42.2801602778,-83.7472844444,17.0,0.179999992251,0.0,,6.0,,,200.0,,-31.3200073242,0.0,192.5,,,,
121.55327787,560,412,898700,42.2801602778,-83.7472844444,17.0,0.179999992251,0.0,,6.0,,,200.0,,-25.9400024414,0.0,192.5,,,,
121.55327787,560,412,898900,42.2803169444,-83.7472494444,17.0,0.179999992251,0.0,,6.0,,,200.0,,-25.9400024414,0.0,192.5,,,,
121.55327787,560,412,899100,42.2803169444,-83.7472494444,18.0,0.179999992251,0.0,,6.0,,,200.0,,-25.9400024414,0.0,192.5,,,,
121.55327787,560,412,899700,42.2803169444,-83.7472494444,18.0,0.179999992251,0.0,,6.0,,,200.0,,-22.0299987793,0.0,192.5,,,,
121.55327787,560,412,900100,42.2803169444,-83.7472494444,19.0,0.179999992251,0.0,,6.0,,,200.0,,-22.0299987793,0.0,192.5,,,,
121.55327787,560,412,900800,42.2803169444,-83.7472494444,19.0,0.179999992251,0.0,,6.0,,,200.0,,-15.1900024414,0.0,192.5,,,,
121.55327787,560,412,901200,42.2803169444,-83.7472494444,20.0,0.179999992251,0.0,,6.0,,,200.0,,-15.1900024414,0.0,192.5,,,,
121.55327787,560,412,901800,42.2803169444,-83.7472494444,20.0,0.179999992251,0.0,,6.0,,,200.0,,-1.5,0.0,192.5,,,,
121.55327787,560,412,902000,42.2804863889,-83.7472575,20.0,0.179999992251,0.0,,6.0,,,200.0,,-1.5,0.0,192.5,,,,
121.55327787,560,412,902200,42.2804863889,-83.7472575,22.0,0.179999992251,0.0,,6.0,,,200.0,,-1.5,0.0,192.5,,,,
121.55327787,560,412,903500,42.2804863889,-83.7472575,22.0,0.179999992251,0.0,,6.0,,,200.0,,-1.5,0.0,196.5,,,,
121.55327787,560,412,903900,42.2804863889,-83.7472575,22.0,0.179999992251,0.0,,6.0,,,200.0,,0.450012207031,0.0,196.5,,,,
121.55327787,560,412,904800,42.2806675,-83.7472683333,22.0,0.179999992251,0.0,,6.0,,,200.0,,0.450012207031,0.0,196.5,,,,
121.55327787,560,412,904900,42.2806675,-83.7472683333,22.0,0.179999992251,0.0,,6.0,,,200.0,,-1.98999023438,0.0,196.5,,,,
121.55327787,560,412,906000,42.2806675,-83.7472683333,22.0,0.179999992251,0.0,,6.0,,,200.0,,-29.8500061035,0.0,196.5,,,,
121.55327787,560,412,907000,42.2806675,-83.7472683333,22.0,0.179999992251,0.0,,6.0,,,200.0,,-20.5599975586,0.0,196.5,,,,
121.55327787,560,412,907400,42.2806675,-83.7472683333,24.0,0.179999992251,0.0,,6.0,,,200.0,,-20.5599975586,0.0,196.5,,,,
121.55327787,560,412,908000,42.28084,-83.7472883333,24.0,0.179999992251,0.0,,6.0,,,200.0,,-5.89999389648,0.0,196.5,,,,
121.55327787,560,412,908500,42.28084,-83.7472883333,24.0,0.179999992251,0.0,,6.0,,,200.0,,-5.89999389648,0.0,197.5,,,,
121.55327787,560,412,909100,42.28084,-83.7472883333,24.0,0.179999992251,0.0,,6.0,,,200.0,,7.29998779297,0.0,197.5,,,,
121.55327787,560,412,909600,42.28084,-83.7472883333,23.0,0.179999992251,0.0,,6.0,,,200.0,,7.29998779297,0.0,197.5,,,,
121.55327787,560,412,910200,42.28084,-83.7472883333,23.0,0.179999992251,0.0,,6.0,,,200.0,,29.2900085449,0.0,197.5,,,,
121.55327787,560,412,910600,42.28084,-83.7472883333,21.0,0.179999992251,0.0,,6.0,,,200.0,,29.2900085449,0.0,197.5,,,,
121.55327787,560,412,910800,42.2809744444,-83.7472936111,21.0,0.179999992251,0.0,,6.0,,,200.0,,29.2900085449,0.0,197.5,,,,
121.55327787,560,412,911200,42.2809744444,-83.7472936111,21.0,0.179999992251,0.0,,6.0,,,200.0,,55.6799926758,0.0,197.5,,,,
121.55327787,560,412,911700,42.2809744444,-83.7472936111,14.0,0.179999992251,0.0,,6.0,,,200.0,,55.6799926758,0.0,197.5,,,,
121.55327787,560,412,912200,42.2809744444,-83.7472936111,14.0,0.179999992251,0.0,,6.0,,,200.0,,12.6700134277,0.0,197.5,,,,
121.55327787,560,412,912700,42.2809744444,-83.7472936111,9.0,0.179999992251,0.0,,6.0,,,200.0,,12.6700134277,0.0,197.5,,,,
121.55327787,560,412,913300,42.2809744444,-83.7472936111,9.0,0.179999992251,0.0,,6.0,,,200.0,,-1.5,0.0,197.5,,,,
121.55327787,560,412,913500,42.2809744444,-83.7472936111,9.0,0.179999992251,0.0,,6.0,,,200.0,,-1.5,0.0,197.0,,,,
121.55327787,560,412,913800,42.2809744444,-83.7472936111,5.0,0.179999992251,0.0,,6.0,,,200.0,,-1.5,0.0,197.0,,,,
121.55327787,560,412,913900,42.2809880556,-83.7473019444,5.0,0.179999992251,0.0,,6.0,,,200.0,,-1.5,0.0,197.0,,,,
121.55327787,560,412,914800,42.2809880556,-83.7473019444,3.0,0.179999992251,0.0,,6.0,,,200.0,,-1.5,0.0,197.0,,,,
121.55327787,560,412,917400,42.2809880556,-83.7473019444,0.0,0.179999992251,0.0,,6.0,,,200.0,,-1.5,0.0,197.0,,,,
121.55327787,560,412,917500,42.2809880556,-83.7473019444,0.0,0.179999992251,0.0,,6.0,,,0.0,,-1.5,0.0,197.0,,,,
121.55327787,560,412,920600,42.2809880556,-83.7473019444,0.0,0.179999992251,0.0,,6.0,,,0.0,,-1.98999023438,0.0,197.0,,,,
121.55327787,560,412,921600,42.2809880556,-83.7473019444,0.0,0.179999992251,0.0,,6.0,,,0.0,,-2.48001098633,0.0,197.0,,,,
121.55327787,560,412,925800,42.2809880556,-83.7473019444,0.0,0.179999992251,0.0,,6.0,,,0.0,,-2.9700012207,0.0,197.0,,,,
121.55327787,560,412,926800,42.2809880556,-83.7473019444,0.0,0.179999992251,0.0,,6.0,,,0.0,,-2.48001098633,0.0,197.0,,,,
121.55327787,560,412,927800,42.2809880556,-83.7473019444,0.0,0.179999992251,0.0,,6.0,,,0.0,,-2.9700012207,0.0,197.0,,,,
121.55327787,560,412,928900,42.2809880556,-83.7473019444,0.0,0.179999992251,0.0,,6.0,,,0.0,,-2.48001098633,0.0,197.0,,,,
121.55327787,560,412,930400,42.2809880556,-83.7473019444,0.0,0.179999992251,0.0,,6.0,,,0.0,,-2.48001098633,0.0,197.0,,,,
121.55327787,560,412,931000,42.2809880556,-83.7473019444,0.0,0.179999992251,0.0,,6.0,,,0.0,,-2.9700012207,0.0,197.0,,,,
121.55327787,560,412,934100,42.2809880556,-83.7473019444,0.0,0.179999992251,0.0,,6.0,,,0.0,,-2.48001098633,0.0,197.0,,,,
121.55327787,560,412,937200,42.2809880556,-83.7473019444,0.0,0.179999992251,0.0,,6.0,,,0.0,,-1.5,0.0,197.0,,,,
121.55327787,560,412,943900,42.2809141667,-83.7473941667,0.0,0.179999992251,0.0,,6.0,,,0.0,,-1.5,0.0,197.0,,,,
121.55327787,560,412,960200,42.2809141667,-83.7473941667,0.0,0.179999992251,0.0,,6.0,,,0.0,,-2.48001098633,0.0,197.0,,,,
121.55327787,560,412,963300,42.2809141667,-83.7473941667,0.0,0.179999992251,0.0,,6.0,,,0.0,,-2.9700012207,0.0,197.0,,,,
121.55327787,560,412,964400,42.2809141667,-83.7473941667,0.0,0.179999992251,0.0,,6.0,,,0.0,,-4.92001342773,0.0,197.0,,,,
121.55327787,560,412,964800,42.2809638889,-83.7475027778,0.0,0.179999992251,0.0,,6.0,,,0.0,,-4.92001342773,0.0,197.0,,,,
121.55327787,560,412,965800,42.2809638889,-83.7475027778,12.0,0.179999992251,1235.0,,6.0,,,0.0,,4.35998535156,0.0,198.0,,,,
121.55327787,560,412,965900,42.2809638889,-83.7475027778,12.0,9.88999938965,1235.0,,6.0,,,200.0,,4.35998535156,0.0,198.0,,,,
121.55327787,560,412,967800,42.2809638889,-83.7475027778,15.0,9.88999938965,1115.0,,6.0,,,200.0,,4.35998535156,0.0,198.0,,,,
121.55327787,560,412,967900,42.2810313889,-83.7475533333,15.0,0.599999964237,1115.0,,6.0,,,200.0,,-36.6900024414,0.0,198.0,,,,
121.55327787,560,412,968800,42.2810313889,-83.7475533333,17.0,0.599999964237,1115.0,,6.0,,,200.0,,-36.6900024414,0.0,198.0,,,,
121.55327787,560,412,968900,42.2810313889,-83.7475533333,17.0,0.599999964237,1115.0,,6.0,,,200.0,,-45.4899902344,0.0,198.0,,,,
121.55327787,560,412,969800,42.2810313889,-83.7475533333,17.0,0.599999964237,1226.0,,6.0,,,200.0,,-45.4899902344,0.0,198.0,,,,
121.55327787,560,412,969900,42.2810313889,-83.7475533333,20.0,11.1700000763,1226.0,,6.0,,,200.0,,-45.4899902344,0.0,198.0,,,,
121.55327787,560,412,970000,42.2810313889,-83.7475533333,20.0,11.1700000763,1226.0,,6.0,,,200.0,,-23.5,0.0,198.0,,,,
121.55327787,560,412,970800,42.2810313889,-83.7475533333,20.0,11.1700000763,1226.0,,6.0,,,200.0,,-23.5,0.0,196.5,,,,
121.55327787,560,412,970900,42.2811444444,-83.7475161111,22.0,11.1700000763,1226.0,,6.0,,,200.0,,-23.5,0.0,196.5,,,,
121.55327787,560,412,971000,42.2811444444,-83.7475161111,22.0,11.1700000763,1226.0,,6.0,,,200.0,,6.32000732422,0.0,196.5,,,,
121.55327787,560,412,971800,42.2811444444,-83.7475161111,22.0,11.1700000763,1185.0,,6.0,,,200.0,,6.32000732422,0.0,196.5,,,,
121.55327787,560,412,971900,42.2811444444,-83.7475161111,22.0,1.39999997616,1185.0,,6.0,,,200.0,,6.32000732422,0.0,196.5,,,,
121.55327787,560,412,972000,42.2811444444,-83.7475161111,26.0,1.39999997616,1185.0,,6.0,,,200.0,,3.38000488281,0.0,196.5,,,,
121.55327787,560,412,973000,42.2811444444,-83.7475161111,27.0,1.39999997616,1185.0,,6.0,,,200.0,,3.38000488281,0.0,196.5,,,,
121.55327787,560,412,973100,42.2811444444,-83.7475161111,27.0,1.39999997616,1185.0,,6.0,,,200.0,,-34.7399902344,0.0,196.5,,,,
121.55327787,560,412,973800,42.2811444444,-83.7475161111,27.0,1.39999997616,0.0,,6.0,,,200.0,,-34.7399902344,0.0,196.5,,,,
121.55327787,560,412,973900,42.2811444444,-83.7475161111,27.0,2.16999983788,0.0,,6.0,,,200.0,,-34.7399902344,0.0,196.5,,,,
121.55327787,560,412,974000,42.2811444444,-83.7475161111,28.0,2.16999983788,0.0,,6.0,,,200.0,,-34.7399902344,0.0,196.5,,,,
121.55327787,560,412,974100,42.2811444444,-83.7475161111,28.0,2.16999983788,0.0,,6.0,,,200.0,,-23.0100097656,0.0,196.5,,,,
121.55327787,560,412,974900,42.2813686111,-83.7474475,28.0,2.16999983788,0.0,,6.0,,,200.0,,-23.0100097656,0.0,196.5,,,,
121.55327787,560,412,975100,42.2813686111,-83.7474475,28.0,2.16999983788,0.0,,6.0,,,200.0,,-0.0400085449219,0.0,196.5,,,,
121.55327787,560,412,975800,42.2813686111,-83.7474475,28.0,2.16999983788,0.0,,6.0,,,200.0,,-0.0400085449219,0.0,197.5,,,,
121.55327787,560,412,976000,42.2813686111,-83.7474475,28.0,0.199999988079,0.0,,6.0,,,200.0,,-0.0400085449219,0.0,197.5,,,,
121.55327787,560,412,976200,42.2813686111,-83.7474475,28.0,0.199999988079,0.0,,6.0,,,200.0,,11.6900024414,0.0,197.5,,,,
121.55327787,560,412,977300,42.2813686111,-83.7474475,28.0,0.199999988079,0.0,,6.0,,,200.0,,12.6700134277,0.0,197.5,,,,
121.55327787,560,412,977800,42.2815577778,-83.7474375,28.0,0.199999988079,0.0,,6.0,,,200.0,,12.6700134277,0.0,197.5,,,,
121.55327787,560,412,978000,42.2815577778,-83.7474375,28.0,0.179999992251,0.0,,6.0,,,200.0,,12.6700134277,0.0,197.5,,,,
121.55327787,560,412,978300,42.2815577778,-83.7474375,27.0,0.179999992251,0.0,,6.0,,,200.0,,20.0,0.0,197.5,,,,
121.55327787,560,412,979400,42.2815577778,-83.7474375,25.0,0.179999992251,0.0,,6.0,,,200.0,,35.1499938965,0.0,197.5,,,,
121.55327787,560,412,980400,42.2815577778,-83.7474375,21.0,0.179999992251,0.0,,6.0,,,200.0,,42.9700012207,0.0,197.5,,,,
121.55327787,560,412,980900,42.2815577778,-83.7474375,21.0,0.179999992251,0.0,,6.0,,,200.0,,42.9700012207,0.0,202.5,,,,
121.55327787,560,412,981000,42.281705,-83.7474269444,21.0,0.179999992251,0.0,,6.0,,,200.0,,42.9700012207,0.0,202.5,,,,
121.55327787,560,412,981400,42.281705,-83.7474269444,12.0,0.179999992251,0.0,,6.0,,,200.0,,46.8800048828,0.0,202.5,,,,
121.55327787,560,412,982500,42.281705,-83.7474269444,12.0,0.179999992251,0.0,,6.0,,,200.0,,12.6700134277,0.0,202.5,,,,
121.55327787,560,412,983500,42.281705,-83.7474269444,8.0,0.179999992251,0.0,,6.0,,,200.0,,2.41000366211,0.0,202.5,,,,
121.55327787,560,412,983800,42.2817938889,-83.7473877778,8.0,0.179999992251,0.0,,6.0,,,200.0,,2.41000366211,0.0,202.5,,,,
121.55327787,560,412,984600,42.2817938889,-83.7473877778,6.0,0.179999992251,0.0,,6.0,,,200.0,,-3.95001220703,0.0,202.5,,,,
121.55327787,560,412,985600,42.2817938889,-83.7473877778,7.0,0.179999992251,0.0,,6.0,,,200.0,,-25.450012207,0.0,202.5,,,,
121.55327787,560,412,985900,42.2817938889,-83.7473877778,7.0,0.179999992251,0.0,,6.0,,,200.0,,-25.450012207,0.0,196.5,,,,
121.55327787,560,412,986600,42.2817938889,-83.7473877778,9.0,0.179999992251,0.0,,6.0,,,200.0,,-4.44000244141,0.0,196.5,,,,
121.55327787,560,412,986900,42.2818691667,-83.7473661111,9.0,0.179999992251,0.0,,6.0,,,200.0,,-4.44000244141,0.0,196.5,,,,
121.55327787,560,412,987700,42.2818691667,-83.7473661111,5.0,0.179999992251,0.0,,6.0,,,200.0,,-5.41000366211,0.0,196.5,,,,
121.55327787,560,412,987800,42.2818691667,-83.7473661111,5.0,0.179999992251,936.0,,6.0,,,200.0,,-5.41000366211,0.0,196.5,,,,
121.55327787,560,412,988000,42.2818691667,-83.7473661111,5.0,2.81999993324,936.0,,6.0,,,200.0,,-5.41000366211,0.0,196.5,,,,
121.55327787,560,412,988700,42.2818691667,-83.7473661111,5.0,2.81999993324,936.0,,6.0,,,200.0,,-119.779998779,0.0,196.5,,,,
121.55327787,560,412,989800,42.2818691667,-83.7473661111,15.0,2.81999993324,1714.0,,6.0,,,200.0,,-3.95001220703,0.0,196.5,,,,
121.55327787,560,412,989900,42.2819452778,-83.7473166667,15.0,2.81999993324,1714.0,,6.0,,,200.0,,-3.95001220703,0.0,196.5,,,,
121.55327787,560,412,990000,42.2819452778,-83.7473166667,15.0,16.7299995422,1714.0,,6.0,,,200.0,,-3.95001220703,0.0,196.5,,,,
121.55327787,560,412,990400,42.2819452778,-83.7473166667,15.0,16.7299995422,1714.0,,6.0,,,200.0,,-3.95001220703,0.0,196.5,,,,
121.55327787,560,412,990800,42.2819452778,-83.7473166667,21.0,16.7299995422,1714.0,,6.0,,,200.0,,5.33999633789,0.0,196.5,,,,
121.55327787,560,412,991000,42.2819452778,-83.7473166667,21.0,16.7299995422,1714.0,,6.0,,,200.0,,5.33999633789,0.0,204.0,,,,
121.55327787,560,412,991800,42.2819452778,-83.7473166667,26.0,16.7299995422,1714.0,,6.0,,,200.0,,37.1099853516,0.0,204.0,,,,
121.55327787,560,412,991900,42.2819452778,-83.7473166667,26.0,16.7299995422,1780.0,,6.0,,,200.0,,37.1099853516,0.0,204.0,,,,
121.55327787,560,412,992000,42.2819452778,-83.7473166667,26.0,14.5599994659,1780.0,,6.0,,,200.0,,37.1099853516,0.0,204.0,,,,
121.55327787,560,412,992900,42.2819452778,-83.7473166667,28.0,14.5599994659,1780.0,,6.0,,,200.0,,7.7799987793,0.0,204.0,,,,
121.55327787,560,412,993000,42.2820041667,-83.7470847222,28.0,14.5599994659,1780.0,,6.0,,,200.0,,7.7799987793,0.0,204.0,,,,
121.55327787,560,412,993800,42.2820041667,-83.7470847222,28.0,14.5599994659,1076.0,,6.0,,,200.0,,7.7799987793,0.0,204.0,,,,
121.55327787,560,412,993900,42.2820041667,-83.7470847222,30.0,14.5599994659,1076.0,,6.0,,,200.0,,10.7200012207,0.0,204.0,,,,
121.55327787,560,412,994000,42.2820041667,-83.7470847222,30.0,3.16999983788,1076.0,,6.0,,,200.0,,10.7200012207,0.0,204.0,,,,
121.55327787,560,412,995000,42.2820041667,-83.7470847222,26.0,3.16999983788,1076.0,,6.0,,,200.0,,7.29998779297,0.0,204.0,,,,
121.55327787,560,412,995800,42.2820127778,-83.7467586111,26.0,3.16999983788,0.0,,6.0,,,200.0,,7.29998779297,0.0,204.0,,,,
121.55327787,560,412,996000,42.2820127778,-83.7467586111,26.0,2.66999983788,0.0,,6.0,,,200.0,,40.5299987793,0.0,202.0,,,,
121.55327787,560,412,997000,42.2820127778,-83.7467586111,23.0,2.66999983788,0.0,,6.0,,,200.0,,26.3599853516,0.0,202.0,,,,
121.55327787,560,412,998000,42.2820127778,-83.7467586111,23.0,0.199999988079,0.0,,6.0,,,200.0,,26.3599853516,0.0,202.0,,,,
121.55327787,560,412,998100,42.2820127778,-83.7467586111,20.0,0.199999988079,0.0,,6.0,,,200.0,,24.8900146484,0.0,202.0,,,,
121.55327787,560,412,998900,42.2820152778,-83.7465358333,20.0,0.199999988079,0.0,,6.0,,,200.0,,24.8900146484,0.0,202.0,,,,
121.55327787,560,412,999100,42.2820152778,-83.7465358333,15.0,0.199999988079,0.0,,6.0,,,200.0,,16.5799865723,0.0,202.0,,,,
121.55327787,560,412,1000000,42.2820152778,-83.7465358333,15.0,0.179999992251,0.0,,6.0,,,200.0,,16.5799865723,0.0,202.0,,,,
121.55327787,560,412,1000200,42.2820152778,-83.7465358333,12.0,0.179999992251,0.0,,6.0,,,200.0,,13.6499938965,0.0,202.0,,,,
121.55327787,560,412,1001000,42.2820152778,-83.7465358333,12.0,0.179999992251,0.0,,6.0,,,200.0,,13.6499938965,0.0,198.5,,,,
121.55327787,560,412,1001200,42.2820152778,-83.7465358333,9.0,0.179999992251,0.0,,6.0,,,200.0,,6.32000732422,0.0,198.5,,,,
121.55327787,560,412,1001800,42.2820177778,-83.7464330556,9.0,0.179999992251,0.0,,6.0,,,200.0,,6.32000732422,0.0,198.5,,,,
121.55327787,560,412,1002200,42.2820177778,-83.7464330556,7.0,0.179999992251,0.0,,6.0,,,200.0,,-4.44000244141,0.0,198.5,,,,
121.55327787,560,412,1003300,42.2820177778,-83.7464330556,6.0,0.179999992251,0.0,,6.0,,,200.0,,-30.8299865723,0.0,198.5,,,,
121.55327787,560,412,1004000,42.2820177778,-83.7464330556,6.0,0.389999985695,0.0,,6.0,,,200.0,,-30.8299865723,0.0,198.5,,,,
121.55327787,560,412,1004300,42.2820177778,-83.7464330556,10.0,0.389999985695,0.0,,6.0,,,200.0,,-62.6000061035,0.0,198.5,,,,
121.55327787,560,412,1004900,42.2820308333,-83.7463286111,10.0,0.389999985695,0.0,,6.0,,,200.0,,-62.6000061035,0.0,198.5,,,,
121.55327787,560,412,1005400,42.2820308333,-83.7463286111,13.0,0.389999985695,0.0,,6.0,,,200.0,,8.76000976563,0.0,198.5,,,,
121.55327787,560,412,1005800,42.2820308333,-83.7463286111,13.0,0.389999985695,1282.0,,6.0,,,200.0,,8.76000976563,0.0,198.5,,,,
121.55327787,560,412,1006000,42.2820308333,-83.7463286111,13.0,11.3400001526,1282.0,,6.0,,,200.0,,8.76000976563,0.0,198.5,,,,
121.55327787,560,412,1006100,42.2820308333,-83.7463286111,13.0,11.3400001526,1282.0,,6.0,,,200.0,,8.76000976563,0.0,197.5,,,,
121.55327787,560,412,1006400,42.2820308333,-83.7463286111,16.0,11.3400001526,1282.0,,6.0,,,200.0,,7.29998779297,0.0,197.5,,,,
121.55327787,560,412,1007400,42.2820308333,-83.7463286111,18.0,11.3400001526,1282.0,,6.0,,,200.0,,0.450012207031,0.0,197.5,,,,
121.55327787,560,412,1007800,42.2820266667,-83.7461425,18.0,11.3400001526,1256.0,,6.0,,,200.0,,0.450012207031,0.0,197.5,,,,
121.55327787,560,412,1008000,42.2820266667,-83.7461425,18.0,11.25,1256.0,,6.0,,,200.0,,0.450012207031,0.0,197.5,,,,
121.55327787,560,412,1008500,42.2820266667,-83.7461425,20.0,11.25,1256.0,,6.0,,,200.0,,-1.01000976563,0.0,197.5,,,,
121.55327787,560,412,1009600,42.2820266667,-83.7461425,24.0,11.25,1256.0,,6.0,,,200.0,,-7.36999511719,0.0,197.5,,,,
121.55327787,560,412,1009900,42.2820266667,-83.7461425,24.0,11.25,1173.0,,6.0,,,200.0,,-7.36999511719,0.0,197.5,,,,
121.55327787,560,412,1010000,42.2820266667,-83.7461425,24.0,1.14999997616,1173.0,,6.0,,,200.0,,-7.36999511719,0.0,197.5,,,,
121.55327787,560,412,1010600,42.2820266667,-83.7461425,25.0,1.14999997616,1173.0,,6.0,,,200.0,,1.42999267578,0.0,197.5,,,,
121.55327787,560,412,1011000,42.2820377778,-83.7458969444,25.0,1.14999997616,1173.0,,6.0,,,200.0,,1.42999267578,0.0,197.5,,,,
121.55327787,560,412,1011100,42.2820377778,-83.7458969444,25.0,1.14999997616,1173.0,,6.0,,,200.0,,1.42999267578,0.0,196.0,,,,
121.55327787,560,412,1011600,42.2820377778,-83.7458969444,25.0,1.14999997616,1173.0,,6.0,,,200.0,,-8.82998657227,0.0,196.0,,,,
121.55327787,560,412,1012000,42.2820377778,-83.7458969444,25.0,1.10000002384,0.0,,6.0,,,200.0,,-8.82998657227,0.0,196.0,,,,
121.55327787,560,412,1012700,42.2820377778,-83.7458969444,23.0,1.10000002384,0.0,,6.0,,,200.0,,7.7799987793,0.0,196.0,,,,
121.55327787,560,412,1013700,42.2820377778,-83.7458969444,22.0,1.10000002384,0.0,,6.0,,,200.0,,-3.95001220703,0.0,196.0,,,,
121.55327787,560,412,1014000,42.282065,-83.7456575,22.0,0.199999988079,0.0,,6.0,,,200.0,,-3.95001220703,0.0,196.0,,,,
121.55327787,560,412,1014800,42.282065,-83.7456575,21.0,0.199999988079,0.0,,6.0,,,200.0,,-1.98999023438,0.0,196.0,,,,
121.55327787,560,412,1015800,42.282065,-83.7456575,21.0,0.199999988079,0.0,,6.0,,,200.0,,-20.5599975586,0.0,196.0,,,,
121.55327787,560,412,1016100,42.282065,-83.7456575,21.0,0.199999988079,0.0,,6.0,,,200.0,,-20.5599975586,0.0,197.0,,,,
121.55327787,560,412,1016800,42.2820875,-83.7454466667,21.0,0.199999988079,0.0,,6.0,,,200.0,,1.42999267578,0.0,197.0,,,,
121.55327787,560,412,1017900,42.2820875,-83.7454466667,19.0,0.199999988079,0.0,,6.0,,,200.0,,0.450012207031,0.0,197.0,,,,
121.55327787,560,412,1018000,42.2820875,-83.7454466667,19.0,0.179999992251,0.0,,6.0,,,200.0,,0.450012207031,0.0,197.0,,,,
121.55327787,560,412,1018900,42.2820875,-83.7454466667,18.0,0.179999992251,0.0,,6.0,,,200.0,,4.35998535156,0.0,197.0,,,,
121.55327787,560,412,1020000,42.2820977778,-83.7452736111,17.0,0.179999992251,0.0,,6.0,,,200.0,,2.89999389648,0.0,197.0,,,,
121.55327787,560,412,1021000,42.2820977778,-83.7452736111,16.0,0.179999992251,0.0,,6.0,,,200.0,,-2.48001098633,0.0,197.0,,,,
121.55327787,560,412,1021200,42.2820977778,-83.7452736111,16.0,0.179999992251,0.0,,6.0,,,200.0,,-2.48001098633,0.0,193.0,,,,
121.55327787,560,412,1022000,42.2820977778,-83.7452736111,15.0,0.919999957085,0.0,,6.0,,,200.0,,-42.5599975586,0.0,193.0,,,,
121.55327787,560,412,1022900,42.2820894444,-83.7451269444,15.0,0.919999957085,0.0,,6.0,,,200.0,,-42.5599975586,0.0,193.0,,,,
121.55327787,560,412,1023100,42.2820894444,-83.7451269444,18.0,0.919999957085,0.0,,6.0,,,200.0,,0.940002441406,0.0,193.0,,,,
121.55327787,560,412,1024000,42.2820894444,-83.7451269444,18.0,14.4499998093,1518.0,,6.0,,,200.0,,0.940002441406,0.0,193.0,,,,
121.55327787,560,412,1024100,42.2820894444,-83.7451269444,21.0,14.4499998093,1518.0,,6.0,,,200.0,,-7.36999511719,0.0,193.0,,,,
121.55327787,560,412,1025200,42.2820894444,-83.7451269444,24.0,14.4499998093,1518.0,,6.0,,,200.0,,3.86999511719,0.0,193.0,,,,
121.55327787,560,412,1026000,42.2820786111,-83.7448719444,24.0,16.3099994659,1708.0,,6.0,,,200.0,,3.86999511719,0.0,193.0,,,,
121.55327787,560,412,1026200,42.2820786111,-83.7448719444,26.0,16.3099994659,1708.0,,6.0,,,200.0,,5.82998657227,0.0,197.5,,,,
121.55327787,560,412,1027200,42.2820786111,-83.7448719444,29.0,16.3099994659,1708.0,,6.0,,,200.0,,32.7099914551,0.0,197.5,,,,
121.55327787,560,412,1028000,42.2820786111,-83.7448719444,29.0,10.279999733,1314.0,,6.0,,,200.0,,32.7099914551,0.0,197.5,,,,
121.55327787,560,412,1028300,42.2820786111,-83.7448719444,30.0,10.279999733,1314.0,,6.0,,,200.0,,13.6499938965,0.0,197.5,,,,
121.55327787,560,412,1028800,42.2820786111,-83.7445741667,30.0,10.279999733,1314.0,,6.0,,,200.0,,13.6499938965,0.0,197.5,,,,
121.55327787,560,412,1029300,42.2820786111,-83.7445741667,30.0,10.279999733,1314.0,,6.0,,,200.0,,6.32000732422,0.0,197.5,,,,
121.55327787,560,412,1030000,42.2820786111,-83.7445741667,30.0,0.709999978542,659.0,,6.0,,,200.0,,6.32000732422,0.0,197.5,,,,
121.55327787,560,412,1030400,42.2820786111,-83.7445741667,29.0,0.709999978542,659.0,,6.0,,,200.0,,17.0700073242,0.0,197.5,,,,
121.55327787,560,412,1031200,42.2820786111,-83.7445741667,29.0,0.709999978542,659.0,,6.0,,,200.0,,17.0700073242,0.0,199.0,,,,
121.55327787,560,412,1031400,42.2820786111,-83.7445741667,27.0,0.709999978542,659.0,,6.0,,,200.0,,13.6499938965,0.0,199.0,,,,
121.55327787,560,412,1031900,42.2820677778,-83.7442886111,27.0,0.709999978542,659.0,,6.0,,,200.0,,13.6499938965,0.0,199.0,,,,
121.55327787,560,412,1032000,42.2820677778,-83.7442886111,27.0,0.25,0.0,,6.0,,,200.0,,13.6499938965,0.0,199.0,,,,
121.55327787,560,412,1032400,42.2820677778,-83.7442886111,24.0,0.25,0.0,,6.0,,,200.0,,48.3500061035,0.0,199.0,,,,
121.55327787,560,412,1033500,42.2820677778,-83.7442886111,16.0,0.25,0.0,,6.0,,,200.0,,24.3999938965,0.0,199.0,,,,
121.55327787,560,412,1034000,42.2820677778,-83.7442886111,16.0,0.199999988079,0.0,,6.0,,,200.0,,24.3999938965,0.0,199.0,,,,
121.55327787,560,412,1034500,42.2820677778,-83.7442886111,11.0,0.199999988079,0.0,,6.0,,,200.0,,17.0700073242,0.0,199.0,,,,
121.55327787,560,412,1034900,42.2820336111,-83.7441697222,11.0,0.199999988079,0.0,,6.0,,,200.0,,17.0700073242,0.0,199.0,,,,
121.55327787,560,412,1035600,42.2820336111,-83.7441697222,6.0,0.199999988079,0.0,,6.0,,,200.0,,-1.5,0.0,199.0,,,,
121.55327787,560,412,1036000,42.2820336111,-83.7441697222,6.0,0.179999992251,0.0,,6.0,,,200.0,,-1.5,0.0,199.0,,,,
121.55327787,560,412,1036300,42.2820336111,-83.7441697222,6.0,0.179999992251,0.0,,6.0,,,200.0,,-1.5,0.0,197.5,,,,
121.55327787,560,412,1036600,42.2820336111,-83.7441697222,4.0,0.179999992251,0.0,,6.0,,,200.0,,-1.5,0.0,197.5,,,,
121.55327787,560,412,1037600,42.2820336111,-83.7441697222,3.0,0.179999992251,0.0,,6.0,,,200.0,,-1.5,0.0,197.5,,,,
121.55327787,560,412,1038000,42.2820322222,-83.7441252778,3.0,0.179999992251,0.0,,6.0,,,200.0,,-1.5,0.0,197.5,,,,
121.55327787,560,412,1039400,42.2820322222,-83.7441252778,0.0,0.179999992251,0.0,,6.0,,,200.0,,-1.98999023438,0.0,197.0,,,,
121.55327787,560,412,1039500,42.2820322222,-83.7441252778,0.0,0.179999992251,0.0,,6.0,,,0.0,,-1.98999023438,0.0,197.0,,,,
121.55327787,560,412,1042600,42.2820322222,-83.7441252778,0.0,0.179999992251,0.0,,6.0,,,0.0,,-3.95001220703,0.0,197.0,,,,
121.55327787,560,412,1043600,42.2820322222,-83.7441252778,0.0,0.179999992251,0.0,,6.0,,,0.0,,-4.44000244141,0.0,197.0,,,,
121.55327787,560,412,1044400,42.2820322222,-83.7441252778,0.0,0.179999992251,0.0,,6.0,,,0.0,,-4.44000244141,0.0,190.0,,,,
121.55327787,560,412,1044500,42.2820322222,-83.7441252778,0.0,0.560000002384,0.0,,6.0,,,0.0,,-4.44000244141,0.0,190.0,,,,
121.55327787,560,412,1044800,42.2820216667,-83.7440388889,0.0,0.560000002384,0.0,,6.0,,,0.0,,-4.44000244141,0.0,190.0,,,,
121.55327787,560,412,1045100,42.2820216667,-83.7440388889,13.0,0.560000002384,0.0,,6.0,,,0.0,,-4.44000244141,0.0,196.0,,,,
121.55327787,560,412,1045200,42.2820216667,-83.7440388889,13.0,0.560000002384,1857.0,,6.0,,,0.0,,5.82998657227,0.0,196.0,,,,
121.55327787,560,412,1045300,42.2820216667,-83.7440388889,13.0,18.1399993896,1857.0,,6.0,,,150.0,,5.82998657227,0.0,196.0,,,,
121.55327787,560,412,1047100,42.2820216667,-83.7440388889,19.0,18.1399993896,1857.0,,6.0,,,150.0,,5.82998657227,0.0,196.0,,,,
121.55327787,560,412,1047200,42.2820216667,-83.7440388889,19.0,18.1399993896,2021.0,,6.0,,,150.0,,5.82998657227,0.0,196.0,,,,
121.55327787,560,412,1047300,42.2820216667,-83.7440388889,19.0,20.9300003052,2021.0,,6.0,,,150.0,,0.450012207031,0.0,196.0,,,,
121.55327787,560,412,1047800,42.2821111111,-83.7439002778,19.0,20.9300003052,2021.0,,6.0,,,150.0,,0.450012207031,0.0,196.0,,,,
121.55327787,560,412,1048200,42.2821111111,-83.7439002778,24.0,20.9300003052,2021.0,,6.0,,,150.0,,0.450012207031,0.0,196.0,,,,
121.55327787,560,412,1048300,42.2821111111,-83.7439002778,24.0,20.9300003052,2021.0,,6.0,,,150.0,,-9.32000732422,0.0,196.0,,,,
121.55327787,560,412,1049200,42.2821111111,-83.7439002778,31.0,20.9300003052,2162.0,,6.0,,,150.0,,-9.32000732422,0.0,196.0,,,,
121.55327787,560,412,1049300,42.2821111111,-83.7439002778,31.0,22.6000003815,2162.0,,6.0,,,150.0,,-9.32000732422,0.0,196.0,,,,
121.55327787,560,412,1049400,42.2821111111,-83.7439002778,31.0,22.6000003815,2162.0,,6.0,,,150.0,,0.450012207031,0.0,196.0,,,,
121.55327787,560,412,1050100,42.2821111111,-83.7439002778,31.0,22.6000003815,2162.0,,6.0,,,150.0,,0.450012207031,0.0,198.5,,,,
121.55327787,560,412,1050200,42.2821111111,-83.7439002778,36.0,22.6000003815,2162.0,,6.0,,,150.0,,0.450012207031,0.0,198.5,,,,
121.55327787,560,412,1050400,42.2821111111,-83.7439002778,36.0,22.6000003815,2162.0,,6.0,,,150.0,,-14.2099914551,0.0,198.5,,,,
121.55327787,560,412,1050900,42.2824125,-83.7438652778,36.0,22.6000003815,2162.0,,6.0,,,150.0,,-14.2099914551,0.0,198.5,,,,
121.55327787,560,412,1051200,42.2824125,-83.7438652778,36.0,22.6000003815,1164.0,,6.0,,,150.0,,-14.2099914551,0.0,198.5,,,,
121.55327787,560,412,1051300,42.2824125,-83.7438652778,39.0,10.6799993515,1164.0,,6.0,,,150.0,,-14.2099914551,0.0,198.5,,,,
121.55327787,560,412,1051400,42.2824125,-83.7438652778,39.0,10.6799993515,1164.0,,6.0,,,150.0,,-1.98999023438,0.0,198.5,,,,
121.55327787,560,412,1052300,42.2824125,-83.7438652778,41.0,10.6799993515,1164.0,,6.0,,,150.0,,-1.98999023438,0.0,198.5,,,,
121.55327787,560,412,1052500,42.2824125,-83.7438652778,41.0,10.6799993515,1164.0,,6.0,,,150.0,,-18.1199951172,0.0,198.5,,,,
121.55327787,560,412,1053200,42.2824125,-83.7438652778,41.0,10.6799993515,0.0,,6.0,,,150.0,,-18.1199951172,0.0,198.5,,,,
121.55327787,560,412,1053300,42.2824125,-83.7438652778,41.0,2.25999999046,0.0,,6.0,,,150.0,,-18.1199951172,0.0,198.5,,,,
121.55327787,560,412,1053400,42.2824125,-83.7438652778,42.0,2.25999999046,0.0,,6.0,,,150.0,,-18.1199951172,0.0,198.5,,,,
121.55327787,560,412,1053500,42.2824125,-83.7438652778,42.0,2.25999999046,0.0,,6.0,,,150.0,,-24.4700012207,0.0,198.5,,,,
121.55327787,560,412,1053800,42.2827341667,-83.7438747222,42.0,2.25999999046,0.0,,6.0,,,150.0,,-24.4700012207,0.0,198.5,,,,
121.55327787,560,412,1054400,42.2827341667,-83.7438747222,43.0,2.25999999046,0.0,,6.0,,,150.0,,-24.4700012207,0.0,198.5,,,,
121.55327787,560,412,1055100,42.2827341667,-83.7438747222,43.0,2.25999999046,0.0,,6.0,,,150.0,,-24.4700012207,0.0,194.0,,,,
121.55327787,560,412,1055300,42.2827341667,-83.7438747222,43.0,0.199999988079,0.0,,6.0,,,150.0,,-24.4700012207,0.0,194.0,,,,
121.55327787,560,412,1056500,42.2827341667,-83.7438747222,44.0,0.199999988079,0.0,,6.0,,,150.0,,-24.4700012207,0.0,194.0,,,,
121.55327787,560,412,1056600,42.2827341667,-83.7438747222,44.0,0.199999988079,0.0,,6.0,,,150.0,,-25.450012207,0.0,194.0,,,,
121.55327787,560,412,1056900,42.2830641667,-83.7438444444,44.0,0.199999988079,0.0,,6.0,,,150.0,,-25.450012207,0.0,194.0,,,,
121.55327787,560,412,1057500,42.2830641667,-83.7438444444,45.0,0.199999988079,0.0,,6.0,,,150.0,,-25.450012207,0.0,194.0,,,,
121.55327787,560,412,1058600,42.2830641667,-83.7438444444,46.0,0.199999988079,0.0,,6.0,,,150.0,,-25.450012207,0.0,194.0,,,,
121.55327787,560,412,1058700,42.2830641667,-83.7438444444,46.0,0.199999988079,0.0,,6.0,,,150.0,,-22.5199890137,0.0,194.0,,,,
121.55327787,560,412,1059300,42.2830641667,-83.7438444444,46.0,0.179999992251,0.0,,6.0,,,150.0,,-22.5199890137,0.0,194.0,,,,
121.55327787,560,412,1059600,42.2830641667,-83.7438444444,48.0,0.179999992251,0.0,,6.0,,,150.0,,-22.5199890137,0.0,194.0,,,,
121.55327787,560,412,1059800,42.2830641667,-83.7438444444,48.0,0.179999992251,0.0,,6.0,,,150.0,,-15.6799926758,0.0,194.0,,,,
121.55327787,560,412,1059900,42.2834125,-83.7438011111,48.0,0.179999992251,0.0,,6.0,,,150.0,,-15.6799926758,0.0,194.0,,,,
121.55327787,560,412,1060200,42.2834125,-83.7438011111,48.0,0.179999992251,0.0,,6.0,,,150.0,,-15.6799926758,0.0,195.0,,,,
121.55327787,560,412,1060800,42.2834125,-83.7438011111,48.0,0.179999992251,0.0,,6.0,,,150.0,,-11.2799987793,0.0,195.0,,,,
121.55327787,560,412,1061700,42.2834125,-83.7438011111,49.0,0.179999992251,0.0,,6.0,,,150.0,,-11.2799987793,0.0,195.0,,,,
121.55327787,560,412,1061800,42.2834125,-83.7438011111,49.0,0.179999992251,0.0,,6.0,,,150.0,,-14.2099914551,0.0,195.0,,,,
121.55327787,560,412,1062900,42.2834125,-83.7438011111,49.0,0.179999992251,0.0,,6.0,,,150.0,,-8.82998657227,0.0,195.0,,,,
121.55327787,560,412,1063000,42.2838058333,-83.7437886111,49.0,0.179999992251,0.0,,6.0,,,150.0,,-8.82998657227,0.0,195.0,,,,
121.55327787,560,412,1063800,42.2838058333,-83.7437886111,50.0,0.179999992251,0.0,,6.0,,,150.0,,-8.82998657227,0.0,195.0,,,,
121.55327787,560,412,1063900,42.2838058333,-83.7437886111,50.0,0.179999992251,0.0,,6.0,,,150.0,,-6.88000488281,0.0,195.0,,,,
121.55327787,560,412,1065000,42.2838058333,-83.7437886111,50.0,0.179999992251,0.0,,6.0,,,150.0,,0.940002441406,0.0,195.0,,,,
121.55327787,560,412,1065200,42.2838058333,-83.7437886111,50.0,0.179999992251,0.0,,6.0,,,150.0,,0.940002441406,0.0,198.0,,,,
121.55327787,560,412,1065800,42.2841769444,-83.7437461111,50.0,0.179999992251,0.0,,6.0,,,150.0,,0.940002441406,0.0,198.0,,,,
121.55327787,560,412,1066000,42.2841769444,-83.7437461111,50.0,0.179999992251,0.0,,6.0,,,150.0,,9.25,0.0,198.0,,,,
121.55327787,560,412,1066900,42.2841769444,-83.7437461111,49.0,0.179999992251,0.0,,6.0,,,150.0,,9.25,0.0,198.0,,,,
121.55327787,560,412,1067000,42.2841769444,-83.7437461111,49.0,0.179999992251,0.0,,6.0,,,150.0,,19.5100097656,0.0,198.0,,,,
121.55327787,560,412,1068100,42.2841769444,-83.7437461111,49.0,0.179999992251,0.0,,6.0,,,150.0,,14.1400146484,0.0,198.0,,,,
121.55327787,560,412,1068900,42.2845469444,-83.7437025,49.0,0.179999992251,0.0,,6.0,,,150.0,,14.1400146484,0.0,198.0,,,,
121.55327787,560,412,1069000,42.2845469444,-83.7437025,48.0,0.179999992251,0.0,,6.0,,,150.0,,14.1400146484,0.0,198.0,,,,
121.55327787,560,412,1069100,42.2845469444,-83.7437025,48.0,0.179999992251,0.0,,6.0,,,150.0,,16.0899963379,0.0,198.0,,,,
121.55327787,560,412,1070000,42.2845469444,-83.7437025,47.0,0.179999992251,0.0,,6.0,,,150.0,,16.0899963379,0.0,198.0,,,,
121.55327787,560,412,1070200,42.2845469444,-83.7437025,47.0,0.179999992251,0.0,,6.0,,,150.0,,9.73999023438,0.0,197.0,,,,
121.55327787,560,412,1071200,42.2845469444,-83.7437025,47.0,0.179999992251,0.0,,6.0,,,150.0,,-3.95001220703,0.0,197.0,,,,
121.55327787,560,412,1071900,42.2849133333,-83.7436852778,47.0,0.179999992251,0.0,,6.0,,,150.0,,-3.95001220703,0.0,197.0,,,,
121.55327787,560,412,1072100,42.2849133333,-83.7436852778,48.0,0.179999992251,0.0,,6.0,,,150.0,,-3.95001220703,0.0,197.0,,,,
121.55327787,560,412,1072200,42.2849133333,-83.7436852778,48.0,0.179999992251,0.0,,6.0,,,150.0,,-5.41000366211,0.0,197.0,,,,
121.55327787,560,412,1073100,42.2849133333,-83.7436852778,49.0,0.179999992251,0.0,,6.0,,,150.0,,-5.41000366211,0.0,197.0,,,,
121.55327787,560,412,1073300,42.2849133333,-83.7436852778,49.0,0.179999992251,0.0,,6.0,,,150.0,,-1.98999023438,0.0,197.0,,,,
121.55327787,560,412,1074300,42.2849133333,-83.7436852778,49.0,0.179999992251,0.0,,6.0,,,150.0,,10.7200012207,0.0,197.0,,,,
121.55327787,560,412,1074900,42.2852716667,-83.7436525,49.0,0.179999992251,0.0,,6.0,,,150.0,,10.7200012207,0.0,197.0,,,,
121.55327787,560,412,1075200,42.2852716667,-83.7436525,50.0,0.179999992251,0.0,,6.0,,,150.0,,10.7200012207,0.0,197.0,,,,
121.55327787,560,412,1075300,42.2852716667,-83.7436525,50.0,0.179999992251,0.0,,6.0,,,150.0,,10.7200012207,0.0,198.0,,,,
121.55327787,560,412,1075400,42.2852716667,-83.7436525,50.0,0.179999992251,0.0,,6.0,,,150.0,,1.92001342773,0.0,198.0,,,,
121.55327787,560,412,1076400,42.2852716667,-83.7436525,50.0,0.179999992251,0.0,,6.0,,,150.0,,16.0899963379,0.0,198.0,,,,
121.55327787,560,412,1077400,42.2852716667,-83.7436525,51.0,0.179999992251,0.0,,6.0,,,150.0,,16.0899963379,0.0,198.0,,,,
121.55327787,560,412,1077500,42.2852716667,-83.7436525,51.0,0.179999992251,0.0,,6.0,,,150.0,,2.89999389648,0.0,198.0,,,,
121.55327787,560,412,1078000,42.2856727778,-83.7436344444,51.0,0.179999992251,0.0,,6.0,,,150.0,,2.89999389648,0.0,198.0,,,,
121.55327787,560,412,1078600,42.2856727778,-83.7436344444,51.0,0.179999992251,0.0,,6.0,,,150.0,,23.4200134277,0.0,198.0,,,,
121.55327787,560,412,1079500,42.2856727778,-83.7436344444,52.0,0.179999992251,0.0,,6.0,,,150.0,,23.4200134277,0.0,198.0,,,,
121.55327787,560,412,1080300,42.2856727778,-83.7436344444,52.0,0.179999992251,0.0,,6.0,,,150.0,,23.4200134277,0.0,201.0,,,,
121.55327787,560,412,1080900,42.2860888889,-83.7436052778,52.0,0.179999992251,0.0,,6.0,,,150.0,,23.4200134277,0.0,201.0,,,,
121.55327787,560,412,1081600,42.2860888889,-83.7436052778,53.0,0.179999992251,0.0,,6.0,,,150.0,,23.9100036621,0.0,201.0,,,,
121.55327787,560,412,1082700,42.2860888889,-83.7436052778,53.0,0.179999992251,0.0,,6.0,,,150.0,,23.4200134277,0.0,201.0,,,,
121.55327787,560,412,1083600,42.2860888889,-83.7436052778,54.0,0.179999992251,0.0,,6.0,,,150.0,,23.4200134277,0.0,201.0,,,,
121.55327787,560,412,1083700,42.2860888889,-83.7436052778,54.0,0.179999992251,0.0,,6.0,,,150.0,,20.9800109863,0.0,201.0,,,,
121.55327787,560,412,1083900,42.2865077778,-83.7434955556,54.0,0.179999992251,0.0,,6.0,,,150.0,,20.9800109863,0.0,201.0,,,,
121.55327787,560,412,1084800,42.2865077778,-83.7434955556,54.0,0.179999992251,0.0,,6.0,,,150.0,,-6.39001464844,0.0,201.0,,,,
121.55327787,560,412,1085300,42.2865077778,-83.7434955556,54.0,0.179999992251,0.0,,6.0,,,150.0,,-6.39001464844,0.0,196.0,,,,
121.55327787,560,412,1085700,42.2865077778,-83.7434955556,55.0,0.179999992251,0.0,,6.0,,,150.0,,-6.39001464844,0.0,196.0,,,,
121.55327787,560,412,1085800,42.2865077778,-83.7434955556,55.0,0.179999992251,0.0,,6.0,,,150.0,,-16.6499938965,0.0,196.0,,,,
121.55327787,560,412,1086800,42.2865077778,-83.7434955556,56.0,0.179999992251,0.0,,6.0,,,150.0,,-28.8699951172,0.0,196.0,,,,
121.55327787,560,412,1087000,42.2868847222,-83.7432372222,56.0,0.179999992251,0.0,,6.0,,,150.0,,-28.8699951172,0.0,196.0,,,,
121.55327787,560,412,1087900,42.2868847222,-83.7432372222,56.0,0.179999992251,0.0,,6.0,,,150.0,,-32.2900085449,0.0,196.0,,,,
121.55327787,560,412,1088800,42.2868847222,-83.7432372222,55.0,0.179999992251,0.0,,6.0,,,150.0,,-32.2900085449,0.0,196.0,,,,
121.55327787,560,412,1088900,42.2868847222,-83.7432372222,55.0,0.179999992251,0.0,,6.0,,,150.0,,-36.6900024414,0.0,196.0,,,,
121.55327787,560,412,1089800,42.2871858333,-83.7428358333,55.0,0.179999992251,0.0,,6.0,,,150.0,,-36.6900024414,0.0,196.0,,,,
121.55327787,560,412,1089900,42.2871858333,-83.7428358333,54.0,0.179999992251,0.0,,6.0,,,150.0,,-36.6900024414,0.0,196.0,,,,
121.55327787,560,412,1090000,42.2871858333,-83.7428358333,54.0,0.179999992251,0.0,,6.0,,,150.0,,-38.6499938965,0.0,196.0,,,,
121.55327787,560,412,1090400,42.2871858333,-83.7428358333,54.0,0.179999992251,0.0,,6.0,,,150.0,,-38.6499938965,0.0,190.0,,,,
121.55327787,560,412,1091000,42.2871858333,-83.7428358333,54.0,0.179999992251,0.0,,6.0,,,150.0,,-56.2399902344,0.0,190.0,,,,
121.55327787,560,412,1092000,42.2871858333,-83.7428358333,53.0,0.179999992251,0.0,,6.0,,,150.0,,-28.8699951172,0.0,190.0,,,,
121.55327787,560,412,1093100,42.2871858333,-83.7428358333,53.0,0.179999992251,0.0,,6.0,,,150.0,,-27.4100036621,0.0,190.0,,,,
121.55327787,560,412,1093800,42.2875097222,-83.7422316667,53.0,0.179999992251,0.0,,6.0,,,150.0,,-27.4100036621,0.0,190.0,,,,
121.55327787,560,412,1094100,42.2875097222,-83.7422316667,53.0,0.179999992251,0.0,,6.0,,,150.0,,8.26998901367,0.0,190.0,,,,
121.55327787,560,412,1095100,42.2875097222,-83.7422316667,52.0,0.179999992251,0.0,,6.0,,,150.0,,8.26998901367,0.0,190.0,,,,
121.55327787,560,412,1095200,42.2875097222,-83.7422316667,52.0,0.179999992251,0.0,,6.0,,,150.0,,21.9599914551,0.0,190.0,,,,
121.55327787,560,412,1095400,42.2875097222,-83.7422316667,52.0,0.179999992251,0.0,,6.0,,,150.0,,21.9599914551,0.0,200.0,,,,
121.55327787,560,412,1096200,42.2875097222,-83.7422316667,52.0,0.179999992251,0.0,,6.0,,,150.0,,22.9400024414,0.0,200.0,,,,
121.55327787,560,412,1096800,42.2877472222,-83.7417869444,52.0,0.179999992251,0.0,,6.0,,,150.0,,22.9400024414,0.0,200.0,,,,
121.55327787,560,412,1097200,42.2877472222,-83.7417869444,51.0,0.179999992251,0.0,,6.0,,,150.0,,23.4200134277,0.0,200.0,,,,
121.55327787,560,412,1098300,42.2877472222,-83.7417869444,51.0,0.179999992251,0.0,,6.0,,,150.0,,67.4100036621,0.0,200.0,,,,
121.55327787,560,412,1099200,42.2877472222,-83.7417869444,50.0,0.179999992251,0.0,,6.0,,,150.0,,67.4100036621,0.0,200.0,,,,
121.55327787,560,412,1099300,42.2877472222,-83.7417869444,50.0,0.179999992251,0.0,,6.0,,,150.0,,52.2600097656,0.0,200.0,,,,
121.55327787,560,412,1099900,42.2879752778,-83.7413652778,50.0,0.179999992251,0.0,,6.0,,,150.0,,52.2600097656,0.0,200.0,,,,
121.55327787,560,412,1100400,42.2879752778,-83.7413652778,50.0,0.179999992251,0.0,,6.0,,,150.0,,44.9299926758,0.0,206.0,,,,
121.55327787,560,412,1101300,42.2879752778,-83.7413652778,49.0,0.179999992251,0.0,,6.0,,,150.0,,44.9299926758,0.0,206.0,,,,
121.55327787,560,412,1101400,42.2879752778,-83.7413652778,49.0,0.179999992251,0.0,,6.0,,,150.0,,42.9700012207,0.0,206.0,,,,
121.55327787,560,412,1102400,42.2879752778,-83.7413652778,49.0,0.179999992251,0.0,,6.0,,,150.0,,24.8900146484,0.0,206.0,,,,
121.55327787,560,412,1102900,42.2881986111,-83.7409483333,49.0,0.179999992251,0.0,,6.0,,,150.0,,24.8900146484,0.0,206.0,,,,
121.55327787,560,412,1103500,42.2881986111,-83.7409483333,49.0,0.179999992251,0.0,,6.0,,,150.0,,32.7099914551,0.0,206.0,,,,
121.55327787,560,412,1104400,42.2881986111,-83.7409483333,48.0,0.179999992251,0.0,,6.0,,,150.0,,32.7099914551,0.0,206.0,,,,
121.55327787,560,412,1104500,42.2881986111,-83.7409483333,48.0,0.179999992251,0.0,,6.0,,,150.0,,79.6300048828,0.0,206.0,,,,
121.55327787,560,412,1105500,42.2881986111,-83.7409483333,46.0,0.179999992251,0.0,,6.0,,,150.0,,79.6300048828,0.0,208.5,,,,
121.55327787,560,412,1105600,42.2881986111,-83.7409483333,46.0,0.179999992251,0.0,,6.0,,,150.0,,69.3699951172,0.0,208.5,,,,
121.55327787,560,412,1106000,42.2884144444,-83.7405655556,46.0,0.179999992251,0.0,,6.0,,,150.0,,69.3699951172,0.0,208.5,,,,
121.55327787,560,412,1106500,42.2884144444,-83.7405655556,44.0,0.179999992251,0.0,,6.0,,,150.0,,69.3699951172,0.0,208.5,,,,
121.55327787,560,412,1106600,42.2884144444,-83.7405655556,44.0,0.179999992251,0.0,,6.0,,,150.0,,46.8800048828,0.0,208.5,,,,
121.55327787,560,412,1107600,42.2884144444,-83.7405655556,41.0,0.179999992251,0.0,,6.0,,,150.0,,42.4899902344,0.0,208.5,,,,
121.55327787,560,412,1108700,42.2884144444,-83.7405655556,41.0,0.179999992251,0.0,,6.0,,,150.0,,20.4899902344,0.0,208.5,,,,
121.55327787,560,412,1108900,42.2886044444,-83.7402083333,41.0,0.179999992251,0.0,,6.0,,,150.0,,20.4899902344,0.0,208.5,,,,
121.55327787,560,412,1109600,42.2886044444,-83.7402083333,40.0,0.179999992251,0.0,,6.0,,,150.0,,20.4899902344,0.0,208.5,,,,
121.55327787,560,412,1109800,42.2886044444,-83.7402083333,40.0,0.179999992251,0.0,,6.0,,,150.0,,19.5100097656,0.0,208.5,,,,
121.55327787,560,412,1110500,42.2886044444,-83.7402083333,40.0,0.179999992251,0.0,,6.0,,,150.0,,19.5100097656,0.0,201.5,,,,
121.55327787,560,412,1110700,42.2886044444,-83.7402083333,39.0,0.179999992251,0.0,,6.0,,,150.0,,19.5100097656,0.0,201.5,,,,
121.55327787,560,412,1110800,42.2886044444,-83.7402083333,39.0,0.179999992251,0.0,,6.0,,,150.0,,19.0299987793,0.0,201.5,,,,
121.55327787,560,412,1111800,42.2886044444,-83.7402083333,38.0,0.179999992251,0.0,,6.0,,,150.0,,19.0299987793,0.0,201.5,,,,
121.55327787,560,412,1111900,42.2887738889,-83.7398727778,38.0,0.179999992251,0.0,,6.0,,,150.0,,-14.700012207,0.0,201.5,,,,
121.55327787,560,412,1113000,42.2887738889,-83.7398727778,38.0,0.179999992251,0.0,,6.0,,,150.0,,-7.85998535156,0.0,201.5,,,,
121.55327787,560,412,1113800,42.2887738889,-83.7398727778,37.0,0.179999992251,0.0,,6.0,,,150.0,,-7.85998535156,0.0,201.5,,,,
121.55327787,560,412,1114000,42.2887738889,-83.7398727778,37.0,0.179999992251,0.0,,6.0,,,150.0,,-10.7900085449,0.0,201.5,,,,
121.55327787,560,412,1114900,42.2887738889,-83.7398727778,36.0,0.179999992251,0.0,,6.0,,,150.0,,-10.7900085449,0.0,201.5,,,,
121.55327787,560,412,1115000,42.2889352778,-83.7395525,36.0,0.179999992251,0.0,,6.0,,,150.0,,17.5599975586,0.0,201.5,,,,
121.55327787,560,412,1115500,42.2889352778,-83.7395525,36.0,0.179999992251,0.0,,6.0,,,150.0,,17.5599975586,0.0,201.0,,,,
121.55327787,560,412,1115900,42.2889352778,-83.7395525,34.0,0.179999992251,0.0,,6.0,,,150.0,,17.5599975586,0.0,201.0,,,,
121.55327787,560,412,1116100,42.2889352778,-83.7395525,34.0,0.179999992251,0.0,,6.0,,,150.0,,15.6000061035,0.0,201.0,,,,
121.55327787,560,412,1117000,42.2889352778,-83.7395525,31.0,0.179999992251,0.0,,6.0,,,150.0,,15.6000061035,0.0,201.0,,,,
121.55327787,560,412,1117100,42.2889352778,-83.7395525,31.0,0.179999992251,0.0,,6.0,,,150.0,,14.1400146484,0.0,201.0,,,,
121.55327787,560,412,1117900,42.2890644444,-83.7392825,31.0,0.179999992251,0.0,,6.0,,,150.0,,14.1400146484,0.0,201.0,,,,
121.55327787,560,412,1118000,42.2890644444,-83.7392825,29.0,0.179999992251,0.0,,6.0,,,150.0,,14.1400146484,0.0,201.0,,,,
121.55327787,560,412,1118200,42.2890644444,-83.7392825,29.0,0.179999992251,0.0,,6.0,,,150.0,,45.4200134277,0.0,201.0,,,,
121.55327787,560,412,1119000,42.2890644444,-83.7392825,25.0,0.179999992251,0.0,,6.0,,,150.0,,45.4200134277,0.0,201.0,,,,
121.55327787,560,412,1119200,42.2890644444,-83.7392825,25.0,0.179999992251,0.0,,6.0,,,150.0,,30.2699890137,0.0,201.0,,,,
121.55327787,560,412,1120100,42.2890644444,-83.7392825,22.0,0.179999992251,0.0,,6.0,,,150.0,,30.2699890137,0.0,201.0,,,,
121.55327787,560,412,1120200,42.2890644444,-83.7392825,22.0,0.179999992251,0.0,,6.0,,,150.0,,19.5100097656,0.0,201.0,,,,
121.55327787,560,412,1120600,42.2890644444,-83.7392825,22.0,0.179999992251,0.0,,6.0,,,150.0,,19.5100097656,0.0,199.5,,,,
121.55327787,560,412,1120900,42.2891608333,-83.7390855556,22.0,0.179999992251,0.0,,6.0,,,150.0,,19.5100097656,0.0,199.5,,,,
121.55327787,560,412,1121100,42.2891608333,-83.7390855556,20.0,0.179999992251,0.0,,6.0,,,150.0,,19.5100097656,0.0,199.5,,,,
121.55327787,560,412,1121300,42.2891608333,-83.7390855556,20.0,0.179999992251,0.0,,6.0,,,150.0,,7.29998779297,0.0,199.5,,,,
121.55327787,560,412,1122200,42.2891608333,-83.7390855556,19.0,0.179999992251,0.0,,6.0,,,150.0,,7.29998779297,0.0,199.5,,,,
121.55327787,560,412,1122300,42.2891608333,-83.7390855556,19.0,0.179999992251,0.0,,6.0,,,150.0,,13.1600036621,0.0,199.5,,,,
121.55327787,560,412,1123200,42.2891608333,-83.7390855556,16.0,0.179999992251,0.0,,6.0,,,150.0,,13.1600036621,0.0,199.5,,,,
121.55327787,560,412,1123400,42.2891608333,-83.7390855556,16.0,0.179999992251,0.0,,6.0,,,150.0,,26.3599853516,0.0,199.5,,,,
121.55327787,560,412,1123900,42.2892161111,-83.7389625,16.0,0.179999992251,0.0,,6.0,,,150.0,,26.3599853516,0.0,199.5,,,,
121.55327787,560,412,1124200,42.2892161111,-83.7389625,13.0,0.179999992251,0.0,,6.0,,,150.0,,26.3599853516,0.0,199.5,,,,
121.55327787,560,412,1124400,42.2892161111,-83.7389625,13.0,0.179999992251,0.0,,6.0,,,150.0,,12.6700134277,0.0,199.5,,,,
121.55327787,560,412,1125300,42.2892161111,-83.7389625,10.0,0.179999992251,0.0,,6.0,,,150.0,,12.6700134277,0.0,199.5,,,,
121.55327787,560,412,1125400,42.2892161111,-83.7389625,10.0,0.179999992251,0.0,,6.0,,,150.0,,11.6900024414,0.0,199.5,,,,
121.55327787,560,412,1125600,42.2892161111,-83.7389625,10.0,0.179999992251,0.0,,6.0,,,150.0,,11.6900024414,0.0,199.0,,,,
121.55327787,560,412,1126300,42.2892161111,-83.7389625,7.0,0.179999992251,0.0,,6.0,,,150.0,,11.6900024414,0.0,199.0,,,,
121.55327787,560,412,1126500,42.2892161111,-83.7389625,7.0,0.179999992251,0.0,,6.0,,,150.0,,-2.9700012207,0.0,199.0,,,,
121.55327787,560,412,1127000,42.2892483333,-83.7388788889,7.0,0.179999992251,0.0,,6.0,,,150.0,,-2.9700012207,0.0,199.0,,,,
121.55327787,560,412,1127400,42.2892483333,-83.7388788889,7.0,0.399999976158,0.0,,6.0,,,150.0,,-2.9700012207,0.0,199.0,,,,
121.55327787,560,412,1127500,42.2892483333,-83.7388788889,7.0,0.399999976158,0.0,,6.0,,,150.0,,-66.5100097656,0.0,199.0,,,,
121.55327787,560,412,1128400,42.2892483333,-83.7388788889,12.0,0.399999976158,0.0,,6.0,,,150.0,,-66.5100097656,0.0,199.0,,,,
121.55327787,560,412,1128600,42.2892483333,-83.7388788889,12.0,0.399999976158,0.0,,6.0,,,150.0,,3.38000488281,0.0,199.0,,,,
121.55327787,560,412,1129400,42.2892483333,-83.7388788889,18.0,18.1399993896,1867.0,,6.0,,,150.0,,3.38000488281,0.0,199.0,,,,
121.55327787,560,412,1129600,42.2892483333,-83.7388788889,18.0,18.1399993896,1867.0,,6.0,,,150.0,,-11.7699890137,0.0,199.0,,,,
121.55327787,560,412,1129900,42.2891888889,-83.7387197222,18.0,18.1399993896,1867.0,,6.0,,,150.0,,-11.7699890137,0.0,199.0,,,,
121.55327787,560,412,1130500,42.2891888889,-83.7387197222,25.0,18.1399993896,1867.0,,6.0,,,150.0,,-11.7699890137,0.0,199.0,,,,
121.55327787,560,412,1130600,42.2891888889,-83.7387197222,25.0,18.1399993896,1867.0,,6.0,,,150.0,,8.26998901367,0.0,201.5,,,,
121.55327787,560,412,1131400,42.2891888889,-83.7387197222,25.0,21.75,2232.0,,6.0,,,150.0,,8.26998901367,0.0,201.5,,,,
121.55327787,560,412,1131500,42.2891888889,-83.7387197222,34.0,21.75,2232.0,,6.0,,,150.0,,8.26998901367,0.0,201.5,,,,
121.55327787,560,412,1131700,42.2891888889,-83.7387197222,34.0,21.75,2232.0,,6.0,,,150.0,,16.0899963379,0.0,201.5,,,,
121.55327787,560,412,1132600,42.2891888889,-83.7387197222,39.0,21.75,2232.0,,6.0,,,150.0,,16.0899963379,0.0,201.5,,,,
121.55327787,560,412,1132700,42.2891888889,-83.7387197222,39.0,21.75,2232.0,,6.0,,,150.0,,-0.529998779297,0.0,201.5,,,,
121.55327787,560,412,1133000,42.2890511111,-83.7383930556,39.0,21.75,2232.0,,6.0,,,150.0,,-0.529998779297,0.0,201.5,,,,
121.55327787,560,412,1133400,42.2890511111,-83.7383930556,39.0,9.56999969482,1193.0,,6.0,,,150.0,,-0.529998779297,0.0,201.5,,,,
121.55327787,560,412,1133600,42.2890511111,-83.7383930556,42.0,9.56999969482,1193.0,,6.0,,,150.0,,-0.529998779297,0.0,201.5,,,,
121.55327787,560,412,1133800,42.2890511111,-83.7383930556,42.0,9.56999969482,1193.0,,6.0,,,150.0,,11.2099914551,0.0,201.5,,,,
121.55327787,560,412,1134600,42.2890511111,-83.7383930556,43.0,9.56999969482,1193.0,,6.0,,,150.0,,11.2099914551,0.0,201.5,,,,
121.55327787,560,412,1134800,42.2890511111,-83.7383930556,43.0,9.56999969482,1193.0,,6.0,,,150.0,,7.29998779297,0.0,201.5,,,,
121.55327787,560,412,1135400,42.2890511111,-83.7383930556,43.0,0.709999978542,925.0,,6.0,,,150.0,,7.29998779297,0.0,201.5,,,,
121.55327787,560,412,1135700,42.2890511111,-83.7383930556,45.0,0.709999978542,925.0,,6.0,,,150.0,,7.29998779297,0.0,195.0,,,,
121.55327787,560,412,1135800,42.2888869444,-83.7379927778,45.0,0.709999978542,925.0,,6.0,,,150.0,,-17.6300048828,0.0,195.0,,,,
121.55327787,560,412,1136700,42.2888869444,-83.7379927778,46.0,0.709999978542,925.0,,6.0,,,150.0,,-17.6300048828,0.0,195.0,,,,
121.55327787,560,412,1136900,42.2888869444,-83.7379927778,46.0,0.709999978542,925.0,,6.0,,,150.0,,-25.9400024414,0.0,195.0,,,,
121.55327787,560,412,1137400,42.2888869444,-83.7379927778,46.0,0.52999997139,0.0,,6.0,,,150.0,,-25.9400024414,0.0,195.0,,,,
121.55327787,560,412,1137900,42.2888869444,-83.7379927778,46.0,0.52999997139,0.0,,6.0,,,150.0,,-10.299987793,0.0,195.0,,,,
121.55327787,560,412,1138900,42.2887177778,-83.7375880556,46.0,0.52999997139,0.0,,6.0,,,150.0,,-10.299987793,0.0,195.0,,,,
121.55327787,560,412,1139000,42.2887177778,-83.7375880556,46.0,0.52999997139,0.0,,6.0,,,150.0,,-1.5,0.0,195.0,,,,
121.55327787,560,412,1139400,42.2887177778,-83.7375880556,46.0,0.199999988079,0.0,,6.0,,,150.0,,-1.5,0.0,195.0,,,,
121.55327787,560,412,1140000,42.2887177778,-83.7375880556,46.0,0.199999988079,0.0,,6.0,,,150.0,,-1.01000976563,0.0,195.0,,,,
121.55327787,560,412,1140700,42.2887177778,-83.7375880556,46.0,0.199999988079,0.0,,6.0,,,150.0,,-1.01000976563,0.0,197.0,,,,
121.55327787,560,412,1140900,42.2887177778,-83.7375880556,45.0,0.199999988079,0.0,,6.0,,,150.0,,-1.01000976563,0.0,197.0,,,,
121.55327787,560,412,1141000,42.2887177778,-83.7375880556,45.0,0.199999988079,0.0,,6.0,,,150.0,,-5.41000366211,0.0,197.0,,,,
121.55327787,560,412,1141400,42.2887177778,-83.7375880556,45.0,0.179999992251,0.0,,6.0,,,150.0,,-5.41000366211,0.0,197.0,,,,
121.55327787,560,412,1141900,42.288555,-83.7371655556,45.0,0.179999992251,0.0,,6.0,,,150.0,,-5.41000366211,0.0,197.0,,,,
121.55327787,560,412,1142100,42.288555,-83.7371655556,45.0,0.179999992251,0.0,,6.0,,,150.0,,-2.9700012207,0.0,197.0,,,,
121.55327787,560,412,1143100,42.288555,-83.7371655556,45.0,0.179999992251,0.0,,6.0,,,150.0,,-7.36999511719,0.0,197.0,,,,
121.55327787,560,412,1144200,42.288555,-83.7371655556,45.0,0.179999992251,0.0,,6.0,,,150.0,,-11.7699890137,0.0,197.0,,,,
121.55327787,560,412,1145000,42.2883733333,-83.7367636111,45.0,0.179999992251,0.0,,6.0,,,150.0,,-11.7699890137,0.0,197.0,,,,
121.55327787,560,412,1145300,42.2883733333,-83.7367636111,45.0,0.179999992251,0.0,,6.0,,,150.0,,-17.1400146484,0.0,197.0,,,,
121.55327787,560,412,1145800,42.2883733333,-83.7367636111,45.0,0.179999992251,0.0,,6.0,,,150.0,,-17.1400146484,0.0,196.0,,,,
121.55327787,560,412,1146400,42.2883733333,-83.7367636111,45.0,0.179999992251,0.0,,6.0,,,150.0,,-15.6799926758,0.0,196.0,,,,
121.55327787,560,412,1147400,42.2883733333,-83.7367636111,45.0,0.179999992251,0.0,,6.0,,,150.0,,-25.9400024414,0.0,196.0,,,,
121.55327787,560,412,1147800,42.2881780556,-83.7363816667,45.0,0.179999992251,0.0,,6.0,,,150.0,,-25.9400024414,0.0,196.0,,,,
121.55327787,560,412,1148400,42.2881780556,-83.7363816667,45.0,0.179999992251,0.0,,6.0,,,150.0,,-23.9899902344,0.0,196.0,,,,
121.55327787,560,412,1149500,42.2881780556,-83.7363816667,45.0,0.179999992251,0.0,,6.0,,,150.0,,-24.4700012207,0.0,196.0,,,,
121.55327787,560,412,1150400,42.2881780556,-83.7363816667,46.0,0.179999992251,0.0,,6.0,,,150.0,,-24.4700012207,0.0,196.0,,,,
121.55327787,560,412,1150500,42.2881780556,-83.7363816667,46.0,0.179999992251,0.0,,6.0,,,150.0,,-25.450012207,0.0,196.0,,,,
121.55327787,560,412,1150800,42.2880252778,-83.7359577778,46.0,0.179999992251,0.0,,6.0,,,150.0,,-25.450012207,0.0,194.0,,,,
121.55327787,560,412,1151600,42.2880252778,-83.7359577778,46.0,0.179999992251,0.0,,6.0,,,150.0,,-24.4700012207,0.0,194.0,,,,
121.55327787,560,412,1152600,42.2880252778,-83.7359577778,46.0,0.179999992251,0.0,,6.0,,,150.0,,-25.450012207,0.0,194.0,,,,
121.55327787,560,412,1153600,42.2880252778,-83.7359577778,46.0,0.179999992251,0.0,,6.0,,,150.0,,-24.9599914551,0.0,194.0,,,,
121.55327787,560,412,1154000,42.2878633333,-83.7355211111,46.0,0.179999992251,0.0,,6.0,,,150.0,,-24.9599914551,0.0,194.0,,,,
121.55327787,560,412,1154500,42.2878633333,-83.7355211111,47.0,0.179999992251,0.0,,6.0,,,150.0,,-24.9599914551,0.0,194.0,,,,
121.55327787,560,412,1155800,42.2878633333,-83.7355211111,47.0,0.179999992251,0.0,,6.0,,,150.0,,-24.9599914551,0.0,194.5,,,,
121.55327787,560,412,1156800,42.2876977778,-83.7350863889,47.0,0.179999992251,0.0,,6.0,,,150.0,,-21.049987793,0.0,194.5,,,,
121.55327787,560,412,1157600,42.2876977778,-83.7350863889,48.0,0.179999992251,0.0,,6.0,,,150.0,,-21.049987793,0.0,194.5,,,,
121.55327787,560,412,1157800,42.2876977778,-83.7350863889,48.0,0.179999992251,0.0,,6.0,,,150.0,,-22.0299987793,0.0,194.5,,,,
121.55327787,560,412,1158800,42.2876977778,-83.7350863889,48.0,0.179999992251,0.0,,6.0,,,150.0,,-23.5,0.0,194.5,,,,
121.55327787,560,412,1159900,42.2876977778,-83.7350863889,48.0,0.179999992251,0.0,,6.0,,,150.0,,-4.44000244141,0.0,194.5,,,,
121.55327787,560,412,1160800,42.2874708333,-83.7345125,47.0,0.179999992251,0.0,,6.0,,,150.0,,-4.44000244141,0.0,206.0,,,,
121.55327787,560,412,1160900,42.2874708333,-83.7345125,47.0,0.179999992251,0.0,,6.0,,,150.0,,18.5400085449,0.0,206.0,,,,
121.55327787,560,412,1161800,42.2874708333,-83.7345125,45.0,0.179999992251,0.0,,6.0,,,150.0,,18.5400085449,0.0,206.0,,,,
121.55327787,560,412,1162000,42.2874708333,-83.7345125,45.0,0.179999992251,0.0,,6.0,,,150.0,,71.3200073242,0.0,206.0,,,,
121.55327787,560,412,1162800,42.2874708333,-83.7345125,42.0,0.179999992251,0.0,,6.0,,,150.0,,71.3200073242,0.0,206.0,,,,
121.55327787,560,412,1163000,42.2874708333,-83.7345125,42.0,0.179999992251,0.0,,6.0,,,150.0,,85.0099945068,0.0,206.0,,,,
121.55327787,560,412,1163900,42.2873152778,-83.7341577778,38.0,0.179999992251,0.0,,6.0,,,150.0,,85.0099945068,0.0,206.0,,,,
121.55327787,560,412,1164000,42.2873152778,-83.7341577778,38.0,0.179999992251,0.0,,6.0,,,150.0,,25.3800048828,0.0,206.0,,,,
121.55327787,560,412,1164900,42.2873152778,-83.7341577778,35.0,0.179999992251,0.0,,6.0,,,150.0,,25.3800048828,0.0,206.0,,,,
121.55327787,560,412,1165100,42.2873152778,-83.7341577778,35.0,0.179999992251,0.0,,6.0,,,150.0,,3.86999511719,0.0,206.0,,,,
121.55327787,560,412,1165300,42.2873152778,-83.7341577778,35.0,0.179999992251,0.0,,6.0,,,0.0,,3.86999511719,0.0,206.0,,,,
121.55327787,560,412,1165700,42.2873152778,-83.7341577778,35.0,0.179999992251,0.0,,7.0,,,0.0,,3.86999511719,0.0,206.0,,,,
121.55327787,560,412,1165900,42.2873152778,-83.7341577778,35.0,0.179999992251,0.0,,7.0,,,0.0,,3.86999511719,0.0,193.0,,,,
121.55327787,560,412,1166000,42.2873152778,-83.7341577778,32.0,0.179999992251,0.0,,7.0,,,0.0,,3.86999511719,0.0,193.0,,,,
121.55327787,560,412,1166100,42.2873152778,-83.7341577778,32.0,0.179999992251,0.0,,7.0,,,0.0,,-51.3599853516,0.0,193.0,,,,
121.55327787,560,412,1166900,42.2873219444,-83.7338405556,32.0,0.179999992251,0.0,,7.0,,,0.0,,-51.3599853516,0.0,193.0,,,,
121.55327787,560,412,1167200,42.2873219444,-83.7338405556,32.0,0.179999992251,0.0,,7.0,,,0.0,,-52.3299865723,0.0,193.0,,,,
121.55327787,560,412,1168200,42.2873219444,-83.7338405556,32.0,0.179999992251,0.0,,7.0,,,0.0,,6.32000732422,0.0,193.0,,,,
121.55327787,560,412,1169100,42.2873219444,-83.7338405556,30.0,0.179999992251,0.0,,7.0,,,0.0,,6.32000732422,0.0,193.0,,,,
121.55327787,560,412,1169200,42.2873219444,-83.7338405556,30.0,0.179999992251,0.0,,7.0,,,0.0,,50.3099975586,0.0,193.0,,,,
121.55327787,560,412,1170000,42.2874502778,-83.7336416667,30.0,0.179999992251,0.0,,7.0,,,0.0,,50.3099975586,0.0,193.0,,,,
121.55327787,560,412,1170100,42.2874502778,-83.7336416667,26.0,0.179999992251,0.0,,7.0,,,0.0,,50.3099975586,0.0,193.0,,,,
121.55327787,560,412,1170300,42.2874502778,-83.7336416667,26.0,0.179999992251,0.0,,7.0,,,0.0,,63.9899902344,0.0,193.0,,,,
121.55327787,560,412,1170500,42.2874502778,-83.7336416667,26.0,0.179999992251,0.0,,7.0,,,0.0,,63.9899902344,0.0,193.0,,,,
121.55327787,560,412,1170900,42.2874502778,-83.7336416667,26.0,0.179999992251,0.0,,7.0,,,0.0,,63.9899902344,0.0,203.0,,,,
121.55327787,560,412,1171200,42.2874502778,-83.7336416667,17.0,0.179999992251,0.0,,7.0,,,0.0,,63.9899902344,0.0,203.0,,,,
121.55327787,560,412,1171300,42.2874502778,-83.7336416667,17.0,0.179999992251,0.0,,7.0,,,0.0,,44.4400024414,0.0,203.0,,,,
121.55327787,560,412,1171400,42.2874502778,-83.7336416667,17.0,0.179999992251,1030.0,,7.0,,,0.0,,44.4400024414,0.0,203.0,,,,
121.55327787,560,412,1171600,42.2874502778,-83.7336416667,17.0,2.66999983788,1030.0,,7.0,,,0.0,,44.4400024414,0.0,203.0,,,,
121.55327787,560,412,1172200,42.2874502778,-83.7336416667,13.0,2.66999983788,1030.0,,7.0,,,0.0,,44.4400024414,0.0,203.0,,,,
121.55327787,560,412,1172400,42.2874502778,-83.7336416667,13.0,2.66999983788,1030.0,,7.0,,,0.0,,-111.959991455,0.0,203.0,,,,
121.55327787,560,412,1172800,42.2875152778,-83.7334666667,13.0,2.66999983788,1030.0,,7.0,,,0.0,,-111.959991455,0.0,203.0,,,,
121.55327787,560,412,1173200,42.2875152778,-83.7334666667,17.0,2.66999983788,1030.0,,7.0,,,0.0,,-111.959991455,0.0,203.0,,,,
121.55327787,560,412,1173400,42.2875152778,-83.7334666667,17.0,2.66999983788,2742.0,,7.0,,,0.0,,-31.8099975586,0.0,203.0,,,,
121.55327787,560,412,1173600,42.2875152778,-83.7334666667,17.0,33.6699981689,2742.0,,7.0,,,0.0,,-31.8099975586,0.0,203.0,,,,
121.55327787,560,412,1174300,42.2875152778,-83.7334666667,25.0,33.6699981689,2742.0,,7.0,,,0.0,,-31.8099975586,0.0,203.0,,,,
121.55327787,560,412,1174400,42.2875152778,-83.7334666667,25.0,33.6699981689,2742.0,,7.0,,,0.0,,-6.39001464844,0.0,203.0,,,,
121.55327787,560,412,1175300,42.2875152778,-83.7334666667,31.0,33.6699981689,2742.0,,7.0,,,0.0,,-6.39001464844,0.0,203.0,,,,
121.55327787,560,412,1175400,42.2875152778,-83.7334666667,31.0,33.6699981689,3243.0,,7.0,,,0.0,,-6.39001464844,0.0,203.0,,,,
121.55327787,560,412,1175500,42.2875152778,-83.7334666667,31.0,33.6699981689,3243.0,,7.0,,,0.0,,8.26998901367,0.0,203.0,,,,
121.55327787,560,412,1175600,42.2875152778,-83.7334666667,31.0,40.7799987793,3243.0,,7.0,,,0.0,,8.26998901367,0.0,203.0,,,,
121.55327787,560,412,1175900,42.2873994444,-83.7332283333,31.0,40.7799987793,3243.0,,7.0,,,0.0,,8.26998901367,0.0,203.0,,,,
121.55327787,560,412,1176000,42.2873994444,-83.7332283333,31.0,40.7799987793,3243.0,,7.0,,,0.0,,8.26998901367,0.0,197.0,,,,
121.55327787,560,412,1176400,42.2873994444,-83.7332283333,38.0,40.7799987793,3243.0,,7.0,,,0.0,,8.26998901367,0.0,197.0,,,,
121.55327787,560,412,1176500,42.2873994444,-83.7332283333,38.0,40.7799987793,3243.0,,7.0,,,0.0,,-1.01000976563,0.0,197.0,,,,
121.55327787,560,412,1177400,42.2873994444,-83.7332283333,42.0,40.7799987793,3096.0,,7.0,,,0.0,,-1.01000976563,0.0,197.0,,,,
121.55327787,560,412,1177600,42.2873994444,-83.7332283333,42.0,34.9500007629,3096.0,,7.0,,,0.0,,0.450012207031,0.0,197.0,,,,
121.55327787,560,412,1178500,42.2873994444,-83.7332283333,45.0,34.9500007629,3096.0,,7.0,,,0.0,,0.450012207031,0.0,197.0,,,,
121.55327787,560,412,1178600,42.2873994444,-83.7332283333,45.0,34.9500007629,3096.0,,7.0,,,0.0,,23.4200134277,0.0,197.0,,,,
121.55327787,560,412,1178900,42.2871936111,-83.7329819444,45.0,34.9500007629,3096.0,,7.0,,,0.0,,23.4200134277,0.0,197.0,,,,
121.55327787,560,412,1179500,42.2871936111,-83.7329819444,45.0,34.9500007629,1760.0,,7.0,,,0.0,,23.4200134277,0.0,197.0,,,,
121.55327787,560,412,1179600,42.2871936111,-83.7329819444,47.0,7.73000001907,1760.0,,7.0,,,0.0,,23.4200134277,0.0,197.0,,,,
121.55327787,560,412,1179700,42.2871936111,-83.7329819444,47.0,7.73000001907,1760.0,,7.0,,,0.0,,24.8900146484,0.0,197.0,,,,
121.55327787,560,412,1180600,42.2871936111,-83.7329819444,45.0,7.73000001907,1760.0,,7.0,,,0.0,,24.8900146484,0.0,197.0,,,,
121.55327787,560,412,1180700,42.2871936111,-83.7329819444,45.0,7.73000001907,1760.0,,7.0,,,0.0,,20.9800109863,0.0,197.0,,,,
121.55327787,560,412,1181000,42.2871936111,-83.7329819444,45.0,7.73000001907,1760.0,,7.0,,,0.0,,20.9800109863,0.0,210.0,,,,
121.55327787,560,412,1181500,42.2871936111,-83.7329819444,45.0,7.73000001907,114.0,,7.0,,,0.0,,20.9800109863,0.0,210.0,,,,
121.55327787,560,412,1181600,42.2871936111,-83.7329819444,45.0,2.83999991417,114.0,,7.0,,,0.0,,20.9800109863,0.0,210.0,,,,
121.55327787,560,412,1181700,42.2871936111,-83.7329819444,41.0,2.83999991417,114.0,,7.0,,,0.0,,20.9800109863,0.0,210.0,,,,
121.55327787,560,412,1181800,42.2869044444,-83.7327861111,41.0,2.83999991417,114.0,,7.0,,,0.0,,95.7599945068,0.0,210.0,,,,
121.55327787,560,412,1182700,42.2869044444,-83.7327861111,36.0,2.83999991417,114.0,,7.0,,,0.0,,95.7599945068,0.0,210.0,,,,
121.55327787,560,412,1182800,42.2869044444,-83.7327861111,36.0,2.83999991417,114.0,,7.0,,,0.0,,85.9900054932,0.0,210.0,,,,
121.55327787,560,412,1183500,42.2869044444,-83.7327861111,36.0,2.83999991417,0.0,,7.0,,,0.0,,85.9900054932,0.0,210.0,,,,
121.55327787,560,412,1183600,42.2869044444,-83.7327861111,36.0,0.199999988079,0.0,,7.0,,,0.0,,85.9900054932,0.0,210.0,,,,
121.55327787,560,412,1183800,42.2869044444,-83.7327861111,29.0,0.199999988079,0.0,,7.0,,,0.0,,64.9700012207,0.0,210.0,,,,
121.55327787,560,412,1184800,42.2869044444,-83.7327861111,18.0,0.199999988079,0.0,,7.0,,,0.0,,64.9700012207,0.0,210.0,,,,
121.55327787,560,412,1184900,42.2867302778,-83.732675,18.0,0.199999988079,0.0,,7.0,,,0.0,,59.5899963379,0.0,210.0,,,,
121.55327787,560,412,1185600,42.2867302778,-83.732675,18.0,0.179999992251,0.0,,7.0,,,0.0,,59.5899963379,0.0,210.0,,,,
121.55327787,560,412,1185800,42.2867302778,-83.732675,12.0,0.179999992251,0.0,,7.0,,,0.0,,59.5899963379,0.0,210.0,,,,
121.55327787,560,412,1185900,42.2867302778,-83.732675,12.0,0.179999992251,0.0,,7.0,,,0.0,,26.3599853516,0.0,210.0,,,,
121.55327787,560,412,1186000,42.2867302778,-83.732675,12.0,0.179999992251,0.0,,7.0,,,0.0,,26.3599853516,0.0,199.0,,,,
121.55327787,560,412,1186900,42.2867302778,-83.732675,7.0,0.179999992251,0.0,,7.0,,,0.0,,26.3599853516,0.0,199.0,,,,
121.55327787,560,412,1187000,42.2867302778,-83.732675,7.0,0.179999992251,0.0,,7.0,,,0.0,,-1.5,0.0,199.0,,,,
121.55327787,560,412,1187800,42.2866702778,-83.7326325,7.0,0.179999992251,0.0,,7.0,,,0.0,,-1.5,0.0,199.0,,,,
121.55327787,560,412,1187900,42.2866702778,-83.7326325,5.0,0.179999992251,0.0,,7.0,,,0.0,,-1.5,0.0,199.0,,,,
121.55327787,560,412,1189000,42.2866702778,-83.7326325,3.0,0.179999992251,0.0,,7.0,,,0.0,,-1.98999023438,0.0,199.0,,,,
121.55327787,560,412,1190500,42.2866702778,-83.7326325,0.0,0.179999992251,0.0,,7.0,,,0.0,,-1.98999023438,0.0,199.0,,,,
121.55327787,560,412,1191100,42.2866702778,-83.7326325,0.0,0.179999992251,0.0,,7.0,,,0.0,,-1.5,0.0,198.5,,,,
121.55327787,560,412,1194200,42.2866702778,-83.7326325,0.0,0.179999992251,0.0,,7.0,,,0.0,,-1.98999023438,0.0,198.5,,,,
121.55327787,560,412,1195300,42.2866702778,-83.7326325,0.0,0.179999992251,0.0,,7.0,,,0.0,,-2.48001098633,0.0,198.5,,,,
121.55327787,560,412,1196100,42.2866702778,-83.7326325,0.0,0.179999992251,0.0,,7.0,,,0.0,,-2.48001098633,0.0,198.0,,,,
121.55327787,560,412,1197400,42.2866702778,-83.7326325,0.0,0.179999992251,0.0,,7.0,,,0.0,,-2.9700012207,0.0,198.0,,,,
121.55327787,560,412,1198400,42.2866702778,-83.7326325,0.0,0.179999992251,0.0,,7.0,,,0.0,,-2.48001098633,0.0,198.0,,,,
121.55327787,560,412,1199400,42.2866702778,-83.7326325,0.0,0.179999992251,0.0,,7.0,,,0.0,,-2.9700012207,0.0,198.0,,,,
121.55327787,560,412,1200500,42.2866702778,-83.7326325,0.0,0.179999992251,0.0,,7.0,,,0.0,,-2.48001098633,0.0,198.0,,,,
121.55327787,560,412,1201500,42.2866702778,-83.7326325,0.0,0.179999992251,0.0,,7.0,,,0.0,,-2.9700012207,0.0,198.0,,,,
121.55327787,560,412,1202600,42.2866702778,-83.7326325,0.0,0.179999992251,0.0,,7.0,,,0.0,,-2.48001098633,0.0,198.0,,,,
121.55327787,560,412,1203600,42.2866702778,-83.7326325,0.0,0.179999992251,0.0,,7.0,,,0.0,,-2.9700012207,0.0,198.0,,,,
121.55327787,560,412,1204600,42.2866702778,-83.7326325,0.0,0.179999992251,0.0,,7.0,,,0.0,,-2.48001098633,0.0,198.0,,,,
121.55327787,560,412,1205700,42.2866702778,-83.7326325,0.0,0.179999992251,0.0,,7.0,,,0.0,,-2.9700012207,0.0,198.0,,,,
121.55327787,560,412,1206200,42.2866702778,-83.7326325,0.0,0.179999992251,0.0,,7.0,,,0.0,,-2.9700012207,0.0,197.5,,,,
121.55327787,560,412,1209800,42.2866702778,-83.7326325,0.0,0.179999992251,0.0,,7.0,,,0.0,,-1.5,0.0,197.5,,,,
121.55327787,560,412,1210900,42.2866702778,-83.7326325,0.0,0.179999992251,0.0,,7.0,,,0.0,,-1.98999023438,0.0,197.5,,,,
121.55327787,560,412,1212000,42.2866702778,-83.7326325,0.0,0.179999992251,0.0,,7.0,,,0.0,,-1.5,0.0,197.5,,,,
121.55327787,560,412,1213100,42.2866702778,-83.7326325,0.0,0.179999992251,0.0,,7.0,,,0.0,,-1.98999023438,0.0,197.5,,,,
121.55327787,560,412,1214100,42.2866702778,-83.7326325,0.0,0.179999992251,0.0,,7.0,,,0.0,,-1.5,0.0,197.5,,,,
121.55327787,560,412,1215200,42.2866702778,-83.7326325,0.0,0.179999992251,0.0,,7.0,,,0.0,,-1.98999023438,0.0,197.5,,,,
121.55327787,560,412,1216200,42.2866702778,-83.7326325,0.0,0.179999992251,0.0,,7.0,,,0.0,,-1.5,0.0,197.5,,,,
121.55327787,560,412,1217200,42.2866702778,-83.7326325,0.0,0.179999992251,0.0,,7.0,,,0.0,,-1.98999023438,0.0,197.5,,,,
121.55327787,560,412,1217800,42.2866783333,-83.7326077778,0.0,0.179999992251,0.0,,7.0,,,0.0,,-1.98999023438,0.0,197.5,,,,
121.55327787,560,412,1218300,42.2866783333,-83.7326077778,0.0,0.179999992251,0.0,,7.0,,,0.0,,-1.5,0.0,197.5,,,,
121.55327787,560,412,1219300,42.2866783333,-83.7326077778,0.0,0.179999992251,0.0,,7.0,,,0.0,,-1.98999023438,0.0,197.5,,,,
121.55327787,560,412,1220400,42.2866783333,-83.7326077778,0.0,0.179999992251,0.0,,7.0,,,0.0,,-1.5,0.0,197.5,,,,
121.55327787,560,412,1221400,42.2866783333,-83.7326077778,0.0,0.179999992251,0.0,,7.0,,,0.0,,-1.98999023438,0.0,197.5,,,,
121.55327787,560,412,1222400,42.2866783333,-83.7326077778,0.0,0.179999992251,0.0,,7.0,,,0.0,,-1.5,0.0,197.5,,,,
121.55327787,560,412,1223500,42.2866783333,-83.7326077778,0.0,0.179999992251,0.0,,7.0,,,0.0,,-1.98999023438,0.0,197.5,,,,
121.55327787,560,412,1224500,42.2866783333,-83.7326077778,0.0,0.179999992251,0.0,,7.0,,,0.0,,-1.5,0.0,197.5,,,,
121.55327787,560,412,1225600,42.2866783333,-83.7326077778,0.0,0.179999992251,0.0,,7.0,,,0.0,,-1.98999023438,0.0,197.5,,,,
121.55327787,560,412,1226600,42.2866783333,-83.7326077778,0.0,0.179999992251,0.0,,7.0,,,0.0,,-1.5,0.0,197.5,,,,
121.55327787,560,412,1227600,42.2866783333,-83.7326077778,0.0,0.179999992251,0.0,,7.0,,,0.0,,-1.98999023438,0.0,197.5,,,,
121.55327787,560,412,1228700,42.2866783333,-83.7326077778,0.0,0.179999992251,0.0,,7.0,,,0.0,,-1.5,0.0,197.5,,,,
121.55327787,560,412,1229700,42.2866783333,-83.7326077778,0.0,0.179999992251,0.0,,7.0,,,0.0,,-1.98999023438,0.0,197.5,,,,
121.55327787,560,412,1230800,42.2866783333,-83.7326077778,0.0,0.179999992251,0.0,,7.0,,,0.0,,-2.9700012207,0.0,197.5,,,,
121.55327787,560,412,1233900,42.2866783333,-83.7326077778,0.0,0.179999992251,0.0,,7.0,,,0.0,,-2.48001098633,0.0,197.5,,,,
121.55327787,560,412,1234900,42.2866783333,-83.7326077778,0.0,0.179999992251,0.0,,7.0,,,0.0,,-2.9700012207,0.0,197.5,,,,
121.55327787,560,412,1236000,42.2866783333,-83.7326077778,0.0,0.179999992251,0.0,,7.0,,,0.0,,-2.48001098633,0.0,197.5,,,,
121.55327787,560,412,1237000,42.2866783333,-83.7326077778,0.0,0.179999992251,0.0,,7.0,,,0.0,,-2.9700012207,0.0,197.5,,,,
121.55327787,560,412,1240100,42.2866783333,-83.7326077778,0.0,0.179999992251,0.0,,7.0,,,0.0,,-2.48001098633,0.0,197.5,,,,
121.55327787,560,412,1241200,42.2866783333,-83.7326077778,0.0,0.179999992251,0.0,,7.0,,,0.0,,-3.45999145508,0.0,197.5,,,,
121.55327787,560,412,1241400,42.2866783333,-83.7326077778,0.0,0.179999992251,0.0,,7.0,,,0.0,,-3.45999145508,0.0,197.0,,,,
121.55327787,560,412,1242200,42.2866783333,-83.7326077778,0.0,0.179999992251,0.0,,7.0,,,0.0,,-2.48001098633,0.0,197.0,,,,
121.55327787,560,412,1244300,42.2866783333,-83.7326077778,0.0,0.179999992251,0.0,,7.0,,,0.0,,-2.9700012207,0.0,197.0,,,,
121.55327787,560,412,1247900,42.2866663889,-83.7326230556,0.0,0.179999992251,0.0,,7.0,,,0.0,,-2.9700012207,0.0,197.0,,,,
121.55327787,560,412,1248600,42.2866663889,-83.7326230556,0.0,0.179999992251,0.0,,7.0,,,0.0,,-1.5,0.0,197.0,,,,
121.55327787,560,412,1249600,42.2866663889,-83.7326230556,0.0,0.179999992251,0.0,,7.0,,,0.0,,-1.98999023438,0.0,197.0,,,,
121.55327787,560,412,1250600,42.2866663889,-83.7326230556,0.0,0.179999992251,0.0,,7.0,,,0.0,,-1.5,0.0,197.0,,,,
121.55327787,560,412,1251700,42.2866663889,-83.7326230556,0.0,0.179999992251,0.0,,7.0,,,0.0,,-1.98999023438,0.0,197.0,,,,
121.55327787,560,412,1252700,42.2866663889,-83.7326230556,0.0,0.179999992251,0.0,,7.0,,,0.0,,-1.5,0.0,197.0,,,,
121.55327787,560,412,1253800,42.2866663889,-83.7326230556,0.0,0.179999992251,0.0,,7.0,,,0.0,,-1.98999023438,0.0,197.0,,,,
121.55327787,560,412,1254800,42.2866663889,-83.7326230556,0.0,0.179999992251,0.0,,7.0,,,0.0,,-1.5,0.0,197.0,,,,
121.55327787,560,412,1254900,42.28667,-83.7326319444,0.0,0.179999992251,0.0,,7.0,,,0.0,,-1.5,0.0,197.0,,,,
121.55327787,560,412,1255600,42.28667,-83.7326319444,8.0,0.179999992251,0.0,,7.0,,,0.0,,-1.5,0.0,183.5,,,,
121.55327787,560,412,1255700,42.28667,-83.7326319444,8.0,0.179999992251,1680.0,,7.0,,,0.0,,-110.010009766,0.0,183.5,,,,
121.55327787,560,412,1255800,42.28667,-83.7326319444,8.0,14.9799995422,1680.0,,7.0,,,0.0,,-110.010009766,0.0,183.5,,,,
121.55327787,560,412,1256600,42.28667,-83.7326319444,16.0,14.9799995422,1680.0,,7.0,,,0.0,,-110.010009766,0.0,183.5,,,,
121.55327787,560,412,1257700,42.28667,-83.7326319444,24.0,14.9799995422,2484.0,,7.0,,,0.0,,-110.010009766,0.0,183.5,,,,
121.55327787,560,412,1257800,42.28667,-83.7326319444,24.0,26.6399993896,2484.0,,7.0,,,0.0,,-1.01000976563,0.0,183.5,,,,
121.55327787,560,412,1257900,42.2865866667,-83.7325544444,24.0,26.6399993896,2484.0,,7.0,,,0.0,,-1.01000976563,0.0,183.5,,,,
121.55327787,560,412,1258800,42.2865866667,-83.7325544444,24.0,26.6399993896,2484.0,,7.0,,,0.0,,-0.529998779297,0.0,183.5,,,,
121.55327787,560,412,1259700,42.2865866667,-83.7325544444,24.0,26.6399993896,2857.0,,7.0,,,0.0,,-0.529998779297,0.0,183.5,,,,
121.55327787,560,412,1259800,42.2865866667,-83.7325544444,34.0,33.1499977112,2857.0,,7.0,,,0.0,,-4.92001342773,0.0,183.5,,,,
121.55327787,560,412,1260600,42.2865866667,-83.7325544444,34.0,33.1499977112,2857.0,,7.0,,,0.0,,-4.92001342773,0.0,193.0,,,,
121.55327787,560,412,1260800,42.2865866667,-83.7325544444,40.0,33.1499977112,2857.0,,7.0,,,0.0,,-4.92001342773,0.0,193.0,,,,
121.55327787,560,412,1260900,42.2865052778,-83.7322066667,40.0,33.1499977112,2857.0,,7.0,,,0.0,,-29.3599853516,0.0,193.0,,,,
121.55327787,560,412,1261700,42.2865052778,-83.7322066667,40.0,33.1499977112,3414.0,,7.0,,,0.0,,-29.3599853516,0.0,193.0,,,,
121.55327787,560,412,1261800,42.2865052778,-83.7322066667,46.0,40.2099990845,3414.0,,7.0,,,0.0,,-29.3599853516,0.0,193.0,,,,
121.55327787,560,412,1261900,42.2865052778,-83.7322066667,46.0,40.2099990845,3414.0,,7.0,,,0.0,,28.3099975586,0.0,193.0,,,,
121.55327787,560,412,1262900,42.2865052778,-83.7322066667,51.0,40.2099990845,3414.0,,7.0,,,0.0,,28.3099975586,0.0,193.0,,,,
121.55327787,560,412,1263000,42.2865052778,-83.7322066667,51.0,40.2099990845,3414.0,,7.0,,,0.0,,-13.2300109863,0.0,193.0,,,,
121.55327787,560,412,1263700,42.2865052778,-83.7322066667,51.0,40.2099990845,1661.0,,7.0,,,0.0,,-13.2300109863,0.0,193.0,,,,
121.55327787,560,412,1263800,42.2865052778,-83.7322066667,51.0,16.0599994659,1661.0,,7.0,,,0.0,,-13.2300109863,0.0,193.0,,,,
121.55327787,560,412,1263900,42.28651,-83.7316794444,57.0,16.0599994659,1661.0,,7.0,,,0.0,,-13.2300109863,0.0,193.0,,,,
121.55327787,560,412,1264000,42.28651,-83.7316794444,57.0,16.0599994659,1661.0,,7.0,,,0.0,,8.26998901367,0.0,193.0,,,,
121.55327787,560,412,1265000,42.28651,-83.7316794444,59.0,16.0599994659,1661.0,,7.0,,,0.0,,-14.2099914551,0.0,193.0,,,,
121.55327787,560,412,1265700,42.28651,-83.7316794444,59.0,16.0599994659,1390.0,,7.0,,,0.0,,-14.2099914551,0.0,198.5,,,,
121.55327787,560,412,1265800,42.28651,-83.7316794444,59.0,11.5,1390.0,,7.0,,,0.0,,-14.2099914551,0.0,198.5,,,,
121.55327787,560,412,1266000,42.28651,-83.7316794444,61.0,11.5,1390.0,,7.0,,,0.0,,-14.2099914551,0.0,198.5,,,,
121.55327787,560,412,1266100,42.28651,-83.7316794444,61.0,11.5,1390.0,,7.0,,,0.0,,17.5599975586,0.0,198.5,,,,
121.55327787,560,412,1267000,42.2865752778,-83.7310475,62.0,11.5,1390.0,,7.0,,,0.0,,17.5599975586,0.0,198.5,,,,
121.55327787,560,412,1267100,42.2865752778,-83.7310475,62.0,11.5,1390.0,,7.0,,,0.0,,-5.41000366211,0.0,198.5,,,,
121.55327787,560,412,1267700,42.2865752778,-83.7310475,62.0,11.5,1191.0,,7.0,,,0.0,,-5.41000366211,0.0,198.5,,,,
121.55327787,560,412,1267800,42.2865752778,-83.7310475,62.0,10.5999994278,1191.0,,7.0,,,0.0,,-5.41000366211,0.0,198.5,,,,
121.55327787,560,412,1268100,42.2865752778,-83.7310475,63.0,10.5999994278,1191.0,,7.0,,,0.0,,-5.41000366211,0.0,198.5,,,,
121.55327787,560,412,1268200,42.2865752778,-83.7310475,63.0,10.5999994278,1191.0,,7.0,,,0.0,,3.38000488281,0.0,198.5,,,,
121.55327787,560,412,1269100,42.2865752778,-83.7310475,65.0,10.5999994278,1191.0,,7.0,,,0.0,,3.38000488281,0.0,198.5,,,,
121.55327787,560,412,1269200,42.2865752778,-83.7310475,65.0,10.5999994278,1191.0,,7.0,,,0.0,,6.32000732422,0.0,198.5,,,,
121.55327787,560,412,1269700,42.2865752778,-83.7310475,65.0,10.5999994278,1114.0,,7.0,,,0.0,,6.32000732422,0.0,198.5,,,,
121.55327787,560,412,1269800,42.2866816667,-83.7303911111,65.0,8.53999996185,1114.0,,7.0,,,0.0,,6.32000732422,0.0,198.5,,,,
121.55327787,560,412,1270200,42.2866816667,-83.7303911111,67.0,8.53999996185,1114.0,,7.0,,,0.0,,1.42999267578,0.0,198.5,,,,
121.55327787,560,412,1270700,42.2866816667,-83.7303911111,67.0,8.53999996185,1114.0,,7.0,,,0.0,,1.42999267578,0.0,201.5,,,,
121.55327787,560,412,1271300,42.2866816667,-83.7303911111,67.0,8.53999996185,1114.0,,7.0,,,0.0,,38.5799865723,0.0,201.5,,,,
121.55327787,560,412,1271700,42.2866816667,-83.7303911111,67.0,8.53999996185,492.0,,7.0,,,0.0,,38.5799865723,0.0,201.5,,,,
121.55327787,560,412,1271800,42.2866816667,-83.7303911111,67.0,0.729999959469,492.0,,7.0,,,0.0,,38.5799865723,0.0,201.5,,,,
121.55327787,560,412,1272300,42.2866816667,-83.7303911111,67.0,0.729999959469,492.0,,7.0,,,0.0,,-63.5700073242,0.0,201.5,,,,
121.55327787,560,412,1273300,42.2866816667,-83.7303911111,68.0,0.729999959469,492.0,,7.0,,,0.0,,-63.5700073242,0.0,201.5,,,,
121.55327787,560,412,1273400,42.2866816667,-83.7303911111,68.0,0.729999959469,492.0,,7.0,,,0.0,,-56.7300109863,0.0,201.5,,,,
121.55327787,560,412,1273700,42.2866816667,-83.7303911111,68.0,0.729999959469,1148.0,,7.0,,,0.0,,-56.7300109863,0.0,201.5,,,,
121.55327787,560,412,1273800,42.286825,-83.72949,68.0,8.34000015259,1148.0,,7.0,,,0.0,,-56.7300109863,0.0,201.5,,,,
121.55327787,560,412,1274400,42.286825,-83.72949,68.0,8.34000015259,1148.0,,7.0,,,0.0,,16.5799865723,0.0,201.5,,,,
121.55327787,560,412,1275400,42.286825,-83.72949,68.0,8.34000015259,1148.0,,7.0,,,0.0,,14.6300048828,0.0,201.5,,,,
121.55327787,560,412,1275700,42.286825,-83.72949,68.0,8.34000015259,690.0,,7.0,,,0.0,,14.6300048828,0.0,201.5,,,,
121.55327787,560,412,1275800,42.2868588889,-83.7290255556,68.0,0.75,690.0,,7.0,,,0.0,,14.6300048828,0.0,196.0,,,,
121.55327787,560,412,1276500,42.2868588889,-83.7290255556,68.0,0.75,690.0,,7.0,,,0.0,,-15.6799926758,0.0,196.0,,,,
121.55327787,560,412,1277500,42.2868588889,-83.7290255556,68.0,0.75,690.0,,7.0,,,0.0,,-1.5,0.0,196.0,,,,
121.55327787,560,412,1277700,42.2868588889,-83.7290255556,68.0,0.75,0.0,,7.0,,,0.0,,-1.5,0.0,196.0,,,,
121.55327787,560,412,1277800,42.2868588889,-83.7290255556,68.0,0.289999991655,0.0,,7.0,,,0.0,,-1.5,0.0,196.0,,,,
121.55327787,560,412,1278500,42.2868588889,-83.7290255556,67.0,0.289999991655,0.0,,7.0,,,0.0,,-1.5,0.0,196.0,,,,
121.55327787,560,412,1278600,42.2868588889,-83.7290255556,67.0,0.289999991655,0.0,,7.0,,,0.0,,-5.89999389648,0.0,196.0,,,,
121.55327787,560,412,1279000,42.2868775,-83.7283311111,67.0,0.289999991655,0.0,,7.0,,,0.0,,-5.89999389648,0.0,196.0,,,,
121.55327787,560,412,1279700,42.2868775,-83.7283311111,67.0,0.289999991655,853.0,,7.0,,,0.0,,-32.7799987793,0.0,196.0,,,,
121.55327787,560,412,1279800,42.2868775,-83.7283311111,67.0,2.16999983788,853.0,,7.0,,,0.0,,-32.7799987793,0.0,196.0,,,,
121.55327787,560,412,1280600,42.2868775,-83.7283311111,68.0,2.16999983788,853.0,,7.0,,,0.0,,-32.7799987793,0.0,196.0,,,,
121.55327787,560,412,1280800,42.2868775,-83.7283311111,68.0,2.16999983788,853.0,,7.0,,,0.0,,4.85000610352,0.0,199.0,,,,
121.55327787,560,412,1281700,42.2868775,-83.7283311111,68.0,2.16999983788,1106.0,,7.0,,,0.0,,4.85000610352,0.0,199.0,,,,
121.55327787,560,412,1281800,42.2868775,-83.7283311111,68.0,8.55999946594,1106.0,,7.0,,,0.0,,5.33999633789,0.0,199.0,,,,
121.55327787,560,412,1282700,42.2868775,-83.7283311111,69.0,8.55999946594,1106.0,,7.0,,,0.0,,5.33999633789,0.0,199.0,,,,
121.55327787,560,412,1282800,42.2868775,-83.7283311111,69.0,8.55999946594,1106.0,,7.0,,,0.0,,6.32000732422,0.0,199.0,,,,
121.55327787,560,412,1282900,42.2869169444,-83.7274125,69.0,8.55999946594,1106.0,,7.0,,,0.0,,6.32000732422,0.0,199.0,,,,
121.55327787,560,412,1283700,42.2869169444,-83.7274125,69.0,8.55999946594,1128.0,,7.0,,,0.0,,6.32000732422,0.0,199.0,,,,
121.55327787,560,412,1283800,42.2869169444,-83.7274125,69.0,8.81999969482,1128.0,,7.0,,,0.0,,6.32000732422,0.0,199.0,,,,
121.55327787,560,412,1283900,42.2869169444,-83.7274125,69.0,8.81999969482,1128.0,,7.0,,,0.0,,10.2300109863,0.0,199.0,,,,
121.55327787,560,412,1284900,42.2869169444,-83.7274125,69.0,8.81999969482,1128.0,,7.0,,,0.0,,4.35998535156,0.0,199.0,,,,
121.55327787,560,412,1285700,42.2869169444,-83.7274125,69.0,8.81999969482,1071.0,,7.0,,,0.0,,4.35998535156,0.0,199.0,,,,
121.55327787,560,412,1285800,42.2869169444,-83.7274125,69.0,2.73000001907,1071.0,,7.0,,,0.0,,4.35998535156,0.0,202.0,,,,
121.55327787,560,412,1286000,42.2870066667,-83.7266975,69.0,2.73000001907,1071.0,,7.0,,,0.0,,31.7300109863,0.0,202.0,,,,
121.55327787,560,412,1286800,42.2870066667,-83.7266975,67.0,2.73000001907,1071.0,,7.0,,,0.0,,31.7300109863,0.0,202.0,,,,
121.55327787,560,412,1287000,42.2870066667,-83.7266975,67.0,2.73000001907,1071.0,,7.0,,,0.0,,26.8500061035,0.0,202.0,,,,
121.55327787,560,412,1287700,42.2870066667,-83.7266975,67.0,2.73000001907,0.0,,7.0,,,0.0,,26.8500061035,0.0,202.0,,,,
121.55327787,560,412,1287800,42.2870066667,-83.7266975,67.0,1.50999999046,0.0,,7.0,,,0.0,,26.8500061035,0.0,202.0,,,,
121.55327787,560,412,1287900,42.2870066667,-83.7266975,66.0,1.50999999046,0.0,,7.0,,,0.0,,26.8500061035,0.0,202.0,,,,
121.55327787,560,412,1288000,42.2870066667,-83.7266975,66.0,1.50999999046,0.0,,7.0,,,0.0,,-10.299987793,0.0,202.0,,,,
121.55327787,560,412,1288800,42.2870505556,-83.7260283333,66.0,1.50999999046,0.0,,7.0,,,0.0,,-10.299987793,0.0,202.0,,,,
121.55327787,560,412,1288900,42.2870505556,-83.7260283333,64.0,1.50999999046,0.0,,7.0,,,0.0,,-10.299987793,0.0,202.0,,,,
121.55327787,560,412,1289100,42.2870505556,-83.7260283333,64.0,1.50999999046,0.0,,7.0,,,0.0,,-17.1400146484,0.0,202.0,,,,
121.55327787,560,412,1289800,42.2870505556,-83.7260283333,64.0,0.199999988079,0.0,,7.0,,,0.0,,-17.1400146484,0.0,202.0,,,,
121.55327787,560,412,1290000,42.2870505556,-83.7260283333,63.0,0.199999988079,0.0,,7.0,,,0.0,,-17.1400146484,0.0,202.0,,,,
121.55327787,560,412,1290100,42.2870505556,-83.7260283333,63.0,0.199999988079,0.0,,7.0,,,0.0,,-16.1700134277,0.0,202.0,,,,
121.55327787,560,412,1290500,42.2870505556,-83.7260283333,63.0,0.199999988079,0.0,,7.0,,,0.0,,-16.1700134277,0.0,202.0,,,,
121.55327787,560,412,1290800,42.2870505556,-83.7260283333,63.0,0.199999988079,0.0,,7.0,,,0.0,,-16.1700134277,0.0,195.0,,,,
121.55327787,560,412,1291200,42.2870505556,-83.7260283333,63.0,0.199999988079,0.0,,7.0,,,0.0,,-28.3800048828,0.0,195.0,,,,
121.55327787,560,412,1291800,42.2870505556,-83.7260283333,63.0,0.179999992251,0.0,,7.0,,,0.0,,-28.3800048828,0.0,195.0,,,,
121.55327787,560,412,1291900,42.2870625,-83.7253941667,63.0,0.179999992251,0.0,,7.0,,,0.0,,-28.3800048828,0.0,195.0,,,,
121.55327787,560,412,1292000,42.2870625,-83.7253941667,62.0,0.179999992251,0.0,,7.0,,,0.0,,-28.3800048828,0.0,195.0,,,,
121.55327787,560,412,1292200,42.2870625,-83.7253941667,62.0,0.179999992251,0.0,,7.0,,,0.0,,-25.9400024414,0.0,195.0,,,,
121.55327787,560,412,1293100,42.2870625,-83.7253941667,61.0,0.179999992251,0.0,,7.0,,,0.0,,-25.9400024414,0.0,195.0,,,,
121.55327787,560,412,1293200,42.2870625,-83.7253941667,61.0,0.179999992251,0.0,,7.0,,,0.0,,-28.3800048828,0.0,195.0,,,,
121.55327787,560,412,1293700,42.2870625,-83.7253941667,61.0,0.179999992251,880.0,,7.0,,,0.0,,-28.3800048828,0.0,195.0,,,,
121.55327787,560,412,1293800,42.2870625,-83.7253941667,61.0,1.83999991417,880.0,,7.0,,,0.0,,-28.3800048828,0.0,195.0,,,,
121.55327787,560,412,1294300,42.2870625,-83.7253941667,61.0,1.83999991417,880.0,,7.0,,,0.0,,-61.6199951172,0.0,195.0,,,,
121.55327787,560,412,1294900,42.2870858333,-83.7247636111,61.0,1.83999991417,880.0,,7.0,,,0.0,,-61.6199951172,0.0,195.0,,,,
121.55327787,560,412,1295300,42.2870858333,-83.7247636111,61.0,1.83999991417,880.0,,7.0,,,0.0,,4.35998535156,0.0,195.0,,,,
121.55327787,560,412,1295700,42.2870858333,-83.7247636111,61.0,1.83999991417,1189.0,,7.0,,,0.0,,4.35998535156,0.0,195.0,,,,
121.55327787,560,412,1295800,42.2870858333,-83.7247636111,61.0,10.9200000763,1189.0,,7.0,,,0.0,,4.35998535156,0.0,195.0,,,,
121.55327787,560,412,1295900,42.2870858333,-83.7247636111,61.0,10.9200000763,1189.0,,7.0,,,0.0,,4.35998535156,0.0,197.5,,,,
121.55327787,560,412,1296400,42.2870858333,-83.7247636111,61.0,10.9200000763,1189.0,,7.0,,,0.0,,5.82998657227,0.0,197.5,,,,
121.55327787,560,412,1297200,42.2870858333,-83.7247636111,60.0,10.9200000763,1189.0,,7.0,,,0.0,,5.82998657227,0.0,197.5,,,,
121.55327787,560,412,1297400,42.2870858333,-83.7247636111,60.0,10.9200000763,1189.0,,7.0,,,0.0,,17.5599975586,0.0,197.5,,,,
121.55327787,560,412,1297700,42.2870858333,-83.7247636111,60.0,10.9200000763,1101.0,,7.0,,,0.0,,17.5599975586,0.0,197.5,,,,
121.55327787,560,412,1297800,42.2870858333,-83.7247636111,60.0,1.16999995708,1101.0,,7.0,,,0.0,,17.5599975586,0.0,197.5,,,,
121.55327787,560,412,1298000,42.2871041667,-83.7241447222,60.0,1.16999995708,1101.0,,7.0,,,0.0,,17.5599975586,0.0,197.5,,,,
121.55327787,560,412,1298400,42.2871041667,-83.7241447222,60.0,1.16999995708,1101.0,,7.0,,,0.0,,-8.82998657227,0.0,197.5,,,,
121.55327787,560,412,1299300,42.2871041667,-83.7241447222,58.0,1.16999995708,1101.0,,7.0,,,0.0,,-8.82998657227,0.0,197.5,,,,
121.55327787,560,412,1299500,42.2871041667,-83.7241447222,58.0,1.16999995708,1101.0,,7.0,,,0.0,,-17.6300048828,0.0,197.5,,,,
121.55327787,560,412,1299700,42.2871041667,-83.7241447222,58.0,1.16999995708,0.0,,7.0,,,0.0,,-17.6300048828,0.0,197.5,,,,
121.55327787,560,412,1299800,42.2871041667,-83.7241447222,58.0,0.789999961853,0.0,,7.0,,,0.0,,-17.6300048828,0.0,197.5,,,,
121.55327787,560,412,1300400,42.2871041667,-83.7241447222,57.0,0.789999961853,0.0,,7.0,,,0.0,,-17.6300048828,0.0,197.5,,,,
121.55327787,560,412,1300500,42.2871041667,-83.7241447222,57.0,0.789999961853,0.0,,7.0,,,0.0,,-39.6300048828,0.0,197.5,,,,
121.55327787,560,412,1300900,42.2871075,-83.7235633333,57.0,0.789999961853,0.0,,7.0,,,0.0,,-39.6300048828,0.0,193.0,,,,
121.55327787,560,412,1301600,42.2871075,-83.7235633333,57.0,0.789999961853,0.0,,7.0,,,0.0,,-29.8500061035,0.0,193.0,,,,
121.55327787,560,412,1301800,42.2871075,-83.7235633333,57.0,0.199999988079,0.0,,7.0,,,0.0,,-29.8500061035,0.0,193.0,,,,
121.55327787,560,412,1302600,42.2871075,-83.7235633333,57.0,0.199999988079,0.0,,7.0,,,0.0,,-28.8699951172,0.0,193.0,,,,
121.55327787,560,412,1303500,42.2871075,-83.7235633333,56.0,0.199999988079,0.0,,7.0,,,0.0,,-28.8699951172,0.0,193.0,,,,
121.55327787,560,412,1303600,42.2871075,-83.7235633333,56.0,0.199999988079,0.0,,7.0,,,0.0,,-33.7600097656,0.0,193.0,,,,
121.55327787,560,412,1303800,42.2871075,-83.7235633333,56.0,0.179999992251,0.0,,7.0,,,0.0,,-33.7600097656,0.0,193.0,,,,
121.55327787,560,412,1304000,42.2871269444,-83.7229802778,56.0,0.179999992251,0.0,,7.0,,,0.0,,-33.7600097656,0.0,193.0,,,,
121.55327787,560,412,1304700,42.2871269444,-83.7229802778,56.0,0.179999992251,0.0,,7.0,,,0.0,,-35.7200012207,0.0,193.0,,,,
121.55327787,560,412,1305700,42.2871269444,-83.7229802778,56.0,0.179999992251,0.0,,7.0,,,0.0,,-37.1799926758,0.0,193.0,,,,
121.55327787,560,412,1306800,42.2871430556,-83.7223958333,56.0,0.179999992251,0.0,,7.0,,,0.0,,-27.8999938965,0.0,193.0,,,,
121.55327787,560,412,1307600,42.2871430556,-83.7223958333,55.0,0.179999992251,0.0,,7.0,,,0.0,,-27.8999938965,0.0,193.0,,,,
121.55327787,560,412,1307800,42.2871430556,-83.7223958333,55.0,0.179999992251,0.0,,7.0,,,0.0,,-7.85998535156,0.0,193.0,,,,
121.55327787,560,412,1308800,42.2871430556,-83.7223958333,55.0,0.179999992251,0.0,,7.0,,,0.0,,1.42999267578,0.0,193.0,,,,
121.55327787,560,412,1309700,42.2871430556,-83.7223958333,54.0,0.179999992251,0.0,,7.0,,,0.0,,1.42999267578,0.0,193.0,,,,
121.55327787,560,412,1309900,42.2871430556,-83.7223958333,54.0,0.179999992251,0.0,,7.0,,,0.0,,-1.98999023438,0.0,193.0,,,,
121.55327787,560,412,1310000,42.2871594444,-83.7218372222,54.0,0.179999992251,0.0,,7.0,,,0.0,,-1.98999023438,0.0,193.0,,,,
121.55327787,560,412,1310800,42.2871594444,-83.7218372222,53.0,0.179999992251,0.0,,7.0,,,0.0,,-1.98999023438,0.0,193.0,,,,
121.55327787,560,412,1310900,42.2871594444,-83.7218372222,53.0,0.179999992251,0.0,,7.0,,,0.0,,-20.5599975586,0.0,193.0,,,,
121.55327787,560,412,1311000,42.2871594444,-83.7218372222,53.0,0.179999992251,0.0,,7.0,,,0.0,,-20.5599975586,0.0,195.5,,,,
121.55327787,560,412,1311800,42.2871594444,-83.7218372222,52.0,0.179999992251,0.0,,7.0,,,0.0,,-20.5599975586,0.0,195.5,,,,
121.55327787,560,412,1312000,42.2871594444,-83.7218372222,52.0,0.179999992251,0.0,,7.0,,,0.0,,-14.2099914551,0.0,195.5,,,,
121.55327787,560,412,1312900,42.2871594444,-83.7218372222,51.0,0.179999992251,0.0,,7.0,,,0.0,,-14.2099914551,0.0,195.5,,,,
121.55327787,560,412,1313000,42.2871775,-83.7212994444,51.0,0.179999992251,0.0,,7.0,,,0.0,,-4.92001342773,0.0,195.5,,,,
121.55327787,560,412,1314000,42.2871775,-83.7212994444,50.0,0.179999992251,0.0,,7.0,,,0.0,,-4.92001342773,0.0,195.5,,,,
121.55327787,560,412,1314100,42.2871775,-83.7212994444,50.0,0.179999992251,0.0,,7.0,,,0.0,,-10.299987793,0.0,195.5,,,,
121.55327787,560,412,1315100,42.2871775,-83.7212994444,50.0,0.179999992251,0.0,,7.0,,,0.0,,-70.4200134277,0.0,195.5,,,,
121.55327787,560,412,1315800,42.2871775,-83.7212994444,50.0,0.179999992251,1630.0,,7.0,,,0.0,,-70.4200134277,0.0,195.5,,,,
121.55327787,560,412,1315900,42.2871775,-83.7212994444,50.0,11.8400001526,1630.0,,7.0,,,0.0,,-70.4200134277,0.0,195.5,,,,
121.55327787,560,412,1316000,42.2872036111,-83.7207841667,50.0,11.8400001526,1630.0,,7.0,,,0.0,,-70.4200134277,0.0,192.0,,,,
121.55327787,560,412,1316200,42.2872036111,-83.7207841667,50.0,11.8400001526,1630.0,,7.0,,,0.0,,-0.529998779297,0.0,192.0,,,,
121.55327787,560,412,1317200,42.2872036111,-83.7207841667,50.0,11.8400001526,1630.0,,7.0,,,0.0,,21.4700012207,0.0,192.0,,,,
121.55327787,560,412,1317800,42.2872036111,-83.7207841667,50.0,11.8400001526,1094.0,,7.0,,,0.0,,21.4700012207,0.0,192.0,,,,
121.55327787,560,412,1317900,42.2872036111,-83.7207841667,50.0,2.81999993324,1094.0,,7.0,,,0.0,,21.4700012207,0.0,192.0,,,,
121.55327787,560,412,1318200,42.2872036111,-83.7207841667,50.0,2.81999993324,1094.0,,7.0,,,0.0,,12.1799926758,0.0,192.0,,,,
121.55327787,560,412,1319000,42.2872191667,-83.7202822222,50.0,2.81999993324,1094.0,,7.0,,,0.0,,12.1799926758,0.0,192.0,,,,
121.55327787,560,412,1319200,42.2872191667,-83.7202822222,49.0,2.81999993324,1094.0,,7.0,,,0.0,,12.1799926758,0.0,192.0,,,,
121.55327787,560,412,1319300,42.2872191667,-83.7202822222,49.0,2.81999993324,1094.0,,7.0,,,0.0,,-18.1199951172,0.0,192.0,,,,
121.55327787,560,412,1319800,42.2872191667,-83.7202822222,49.0,2.81999993324,0.0,,7.0,,,0.0,,-18.1199951172,0.0,192.0,,,,
121.55327787,560,412,1319900,42.2872191667,-83.7202822222,49.0,2.31999993324,0.0,,7.0,,,0.0,,-18.1199951172,0.0,192.0,,,,
121.55327787,560,412,1320200,42.2872191667,-83.7202822222,47.0,2.31999993324,0.0,,7.0,,,0.0,,-18.1199951172,0.0,192.0,,,,
121.55327787,560,412,1320300,42.2872191667,-83.7202822222,47.0,2.31999993324,0.0,,7.0,,,0.0,,20.9800109863,0.0,192.0,,,,
121.55327787,560,412,1321000,42.2872191667,-83.7202822222,47.0,2.31999993324,0.0,,7.0,,,0.0,,20.9800109863,0.0,185.5,,,,
121.55327787,560,412,1321300,42.2872191667,-83.7202822222,45.0,2.31999993324,0.0,,7.0,,,0.0,,20.9800109863,0.0,185.5,,,,
121.55327787,560,412,1321400,42.2872191667,-83.7202822222,45.0,2.31999993324,0.0,,7.0,,,0.0,,-64.0599975586,0.0,185.5,,,,
121.55327787,560,412,1321800,42.2872191667,-83.7202822222,45.0,2.31999993324,1205.0,,7.0,,,0.0,,-64.0599975586,0.0,185.5,,,,
121.55327787,560,412,1321900,42.2872425,-83.7198244444,45.0,10.7299995422,1205.0,,7.0,,,0.0,,-64.0599975586,0.0,185.5,,,,
121.55327787,560,412,1322400,42.2872425,-83.7198244444,45.0,10.7299995422,1205.0,,7.0,,,0.0,,15.1199951172,0.0,185.5,,,,
121.55327787,560,412,1323400,42.2872425,-83.7198244444,44.0,10.7299995422,1205.0,,7.0,,,0.0,,2.41000366211,0.0,185.5,,,,
121.55327787,560,412,1323800,42.2872425,-83.7198244444,44.0,10.7299995422,114.0,,7.0,,,0.0,,2.41000366211,0.0,185.5,,,,
121.55327787,560,412,1323900,42.2872425,-83.7198244444,44.0,1.80999994278,114.0,,7.0,,,0.0,,2.41000366211,0.0,185.5,,,,
121.55327787,560,412,1324400,42.2872425,-83.7198244444,43.0,1.80999994278,114.0,,7.0,,,0.0,,2.41000366211,0.0,185.5,,,,
121.55327787,560,412,1324500,42.2872425,-83.7198244444,43.0,1.80999994278,114.0,,7.0,,,0.0,,-39.6300048828,0.0,185.5,,,,
121.55327787,560,412,1325000,42.2872808333,-83.7193869444,43.0,1.80999994278,114.0,,7.0,,,0.0,,-39.6300048828,0.0,185.5,,,,
121.55327787,560,412,1325400,42.2872808333,-83.7193869444,42.0,1.80999994278,114.0,,7.0,,,0.0,,-39.6300048828,0.0,185.5,,,,
121.55327787,560,412,1325500,42.2872808333,-83.7193869444,42.0,1.80999994278,114.0,,7.0,,,0.0,,-56.2399902344,0.0,185.5,,,,
121.55327787,560,412,1325800,42.2872808333,-83.7193869444,42.0,1.80999994278,1278.0,,7.0,,,0.0,,-56.2399902344,0.0,185.5,,,,
121.55327787,560,412,1325900,42.2872808333,-83.7193869444,42.0,12.9600000381,1278.0,,7.0,,,0.0,,-56.2399902344,0.0,185.5,,,,
121.55327787,560,412,1326100,42.2872808333,-83.7193869444,42.0,12.9600000381,1278.0,,7.0,,,0.0,,-56.2399902344,0.0,186.5,,,,
121.55327787,560,412,1326500,42.2872808333,-83.7193869444,41.0,12.9600000381,1278.0,,7.0,,,0.0,,-56.2399902344,0.0,186.5,,,,
121.55327787,560,412,1326600,42.2872808333,-83.7193869444,41.0,12.9600000381,1278.0,,7.0,,,0.0,,-67.0,0.0,186.5,,,,
121.55327787,560,412,1327500,42.2872808333,-83.7193869444,43.0,12.9600000381,1278.0,,7.0,,,0.0,,-67.0,0.0,186.5,,,,
121.55327787,560,412,1327600,42.2872808333,-83.7193869444,43.0,12.9600000381,1278.0,,7.0,,,0.0,,5.82998657227,0.0,186.5,,,,
121.55327787,560,412,1327800,42.2873241667,-83.7189433333,43.0,12.9600000381,2120.0,,7.0,,,0.0,,5.82998657227,0.0,186.5,,,,
121.55327787,560,412,1327900,42.2873241667,-83.7189433333,43.0,21.9599990845,2120.0,,7.0,,,0.0,,5.82998657227,0.0,186.5,,,,
121.55327787,560,412,1328600,42.2873241667,-83.7189433333,44.0,21.9599990845,2120.0,,7.0,,,0.0,,16.0899963379,0.0,186.5,,,,
121.55327787,560,412,1329600,42.2873241667,-83.7189433333,46.0,21.9599990845,2120.0,,7.0,,,0.0,,16.0899963379,0.0,186.5,,,,
121.55327787,560,412,1329700,42.2873241667,-83.7189433333,46.0,21.9599990845,2120.0,,7.0,,,0.0,,9.73999023438,0.0,186.5,,,,
121.55327787,560,412,1329800,42.2873241667,-83.7189433333,46.0,21.9599990845,2242.0,,7.0,,,0.0,,9.73999023438,0.0,186.5,,,,
121.55327787,560,412,1329900,42.2873241667,-83.7189433333,46.0,23.7899990082,2242.0,,7.0,,,0.0,,9.73999023438,0.0,186.5,,,,
121.55327787,560,412,1330600,42.2873241667,-83.7189433333,48.0,23.7899990082,2242.0,,7.0,,,0.0,,9.73999023438,0.0,186.5,,,,
121.55327787,560,412,1330700,42.2873241667,-83.7189433333,48.0,23.7899990082,2242.0,,7.0,,,0.0,,7.29998779297,0.0,186.5,,,,
121.55327787,560,412,1330900,42.28735,-83.718475,48.0,23.7899990082,2242.0,,7.0,,,0.0,,7.29998779297,0.0,186.5,,,,
121.55327787,560,412,1331100,42.28735,-83.718475,48.0,23.7899990082,2242.0,,7.0,,,0.0,,7.29998779297,0.0,197.0,,,,
121.55327787,560,412,1331800,42.28735,-83.718475,48.0,23.7899990082,2253.0,,7.0,,,0.0,,7.29998779297,0.0,197.0,,,,
121.55327787,560,412,1331900,42.28735,-83.718475,48.0,24.1399993896,2253.0,,7.0,,,0.0,,7.29998779297,0.0,197.0,,,,
121.55327787,560,412,1332700,42.28735,-83.718475,51.0,24.1399993896,2253.0,,7.0,,,0.0,,7.29998779297,0.0,197.0,,,,
121.55327787,560,412,1332800,42.28735,-83.718475,51.0,24.1399993896,2253.0,,7.0,,,0.0,,19.0299987793,0.0,197.0,,,,
121.55327787,560,412,1333800,42.28735,-83.718475,52.0,24.1399993896,1973.0,,7.0,,,0.0,,4.35998535156,0.0,197.0,,,,
121.55327787,560,412,1333900,42.287375,-83.717955,52.0,21.4799995422,1973.0,,7.0,,,0.0,,4.35998535156,0.0,197.0,,,,
121.55327787,560,412,1334800,42.287375,-83.717955,53.0,21.4799995422,1973.0,,7.0,,,0.0,,4.35998535156,0.0,197.0,,,,
121.55327787,560,412,1334900,42.287375,-83.717955,53.0,21.4799995422,1973.0,,7.0,,,0.0,,3.38000488281,0.0,197.0,,,,
121.55327787,560,412,1335800,42.287375,-83.717955,55.0,21.4799995422,2215.0,,7.0,,,0.0,,3.38000488281,0.0,197.0,,,,
121.55327787,560,412,1335900,42.287375,-83.717955,55.0,23.7799987793,2215.0,,7.0,,,0.0,,0.450012207031,0.0,197.0,,,,
121.55327787,560,412,1336200,42.287375,-83.717955,55.0,23.7799987793,2215.0,,7.0,,,0.0,,0.450012207031,0.0,197.5,,,,
121.55327787,560,412,1336900,42.2873894444,-83.7173811111,57.0,23.7799987793,2215.0,,7.0,,,0.0,,0.450012207031,0.0,197.5,,,,
121.55327787,560,412,1337000,42.2873894444,-83.7173811111,57.0,23.7799987793,2215.0,,7.0,,,0.0,,-1.01000976563,0.0,197.5,,,,
121.55327787,560,412,1337800,42.2873894444,-83.7173811111,57.0,23.7799987793,1739.0,,7.0,,,0.0,,-1.01000976563,0.0,197.5,,,,
121.55327787,560,412,1337900,42.2873894444,-83.7173811111,59.0,15.0599994659,1739.0,,7.0,,,0.0,,-1.01000976563,0.0,197.5,,,,
121.55327787,560,412,1338000,42.2873894444,-83.7173811111,59.0,15.0599994659,1739.0,,7.0,,,0.0,,34.6700134277,0.0,197.5,,,,
121.55327787,560,412,1339000,42.2873894444,-83.7173811111,59.0,15.0599994659,1739.0,,7.0,,,0.0,,-19.5899963379,0.0,197.5,,,,
121.55327787,560,412,1339800,42.2873894444,-83.7173811111,59.0,15.0599994659,1079.0,,7.0,,,0.0,,-19.5899963379,0.0,197.5,,,,
121.55327787,560,412,1339900,42.2874111111,-83.7167825,59.0,9.06999969482,1079.0,,7.0,,,0.0,,-19.5899963379,0.0,197.5,,,,
121.55327787,560,412,1340000,42.2874111111,-83.7167825,58.0,9.06999969482,1079.0,,7.0,,,0.0,,-19.5899963379,0.0,197.5,,,,
121.55327787,560,412,1340100,42.2874111111,-83.7167825,58.0,9.06999969482,1079.0,,7.0,,,0.0,,7.7799987793,0.0,197.5,,,,
121.55327787,560,412,1341100,42.2874111111,-83.7167825,58.0,9.06999969482,1079.0,,7.0,,,0.0,,12.6700134277,0.0,197.5,,,,
121.55327787,560,412,1341200,42.2874111111,-83.7167825,58.0,9.06999969482,1079.0,,7.0,,,0.0,,12.6700134277,0.0,201.0,,,,
121.55327787,560,412,1341800,42.2874111111,-83.7167825,58.0,9.06999969482,1156.0,,7.0,,,0.0,,12.6700134277,0.0,201.0,,,,
121.55327787,560,412,1341900,42.2874111111,-83.7167825,58.0,2.71000003815,1156.0,,7.0,,,0.0,,12.6700134277,0.0,201.0,,,,
121.55327787,560,412,1342200,42.2874111111,-83.7167825,58.0,2.71000003815,1156.0,,7.0,,,0.0,,43.4599914551,0.0,201.0,,,,
121.55327787,560,412,1343000,42.2874319444,-83.7161916667,58.0,2.71000003815,1156.0,,7.0,,,0.0,,43.4599914551,0.0,201.0,,,,
121.55327787,560,412,1343100,42.2874319444,-83.7161916667,57.0,2.71000003815,1156.0,,7.0,,,0.0,,43.4599914551,0.0,201.0,,,,
121.55327787,560,412,1343200,42.2874319444,-83.7161916667,57.0,2.71000003815,1156.0,,7.0,,,0.0,,12.1799926758,0.0,201.0,,,,
121.55327787,560,412,1343800,42.2874319444,-83.7161916667,57.0,2.71000003815,0.0,,7.0,,,0.0,,12.1799926758,0.0,201.0,,,,
121.55327787,560,412,1343900,42.2874319444,-83.7161916667,57.0,1.81999993324,0.0,,7.0,,,0.0,,12.1799926758,0.0,201.0,,,,
121.55327787,560,412,1344200,42.2874319444,-83.7161916667,57.0,1.81999993324,0.0,,7.0,,,0.0,,-7.85998535156,0.0,201.0,,,,
121.55327787,560,412,1345200,42.2874319444,-83.7161916667,56.0,1.81999993324,0.0,,7.0,,,0.0,,-7.85998535156,0.0,201.0,,,,
121.55327787,560,412,1345300,42.2874319444,-83.7161916667,56.0,1.81999993324,0.0,,7.0,,,0.0,,24.8900146484,0.0,201.0,,,,
121.55327787,560,412,1345900,42.287445,-83.7156113889,56.0,0.199999988079,0.0,,7.0,,,0.0,,24.8900146484,0.0,201.0,,,,
121.55327787,560,412,1346300,42.287445,-83.7156113889,55.0,0.199999988079,0.0,,7.0,,,0.0,,24.8900146484,0.0,200.5,,,,
121.55327787,560,412,1346400,42.287445,-83.7156113889,55.0,0.199999988079,0.0,,7.0,,,0.0,,23.9100036621,0.0,200.5,,,,
121.55327787,560,412,1347400,42.287445,-83.7156113889,54.0,0.199999988079,0.0,,7.0,,,0.0,,23.9100036621,0.0,200.5,,,,
121.55327787,560,412,1347500,42.287445,-83.7156113889,54.0,0.199999988079,0.0,,7.0,,,0.0,,24.3999938965,0.0,200.5,,,,
121.55327787,560,412,1348400,42.287445,-83.7156113889,53.0,0.199999988079,0.0,,7.0,,,0.0,,24.3999938965,0.0,200.5,,,,
121.55327787,560,412,1348600,42.287445,-83.7156113889,53.0,0.199999988079,0.0,,7.0,,,0.0,,23.4200134277,0.0,200.5,,,,
121.55327787,560,412,1349500,42.287445,-83.7156113889,52.0,0.199999988079,0.0,,7.0,,,0.0,,23.4200134277,0.0,200.5,,,,
121.55327787,560,412,1349600,42.287445,-83.7156113889,52.0,0.199999988079,0.0,,7.0,,,0.0,,-19.5899963379,0.0,200.5,,,,
121.55327787,560,412,1349800,42.2874469444,-83.7148869444,52.0,0.199999988079,0.0,,7.0,,,0.0,,-19.5899963379,0.0,200.5,,,,
121.55327787,560,412,1350000,42.2874469444,-83.7148869444,52.0,0.179999992251,0.0,,7.0,,,0.0,,-19.5899963379,0.0,200.5,,,,
121.55327787,560,412,1350500,42.2874469444,-83.7148869444,52.0,0.179999992251,0.0,,7.0,,,0.0,,-19.5899963379,0.0,200.5,,,,
121.55327787,560,412,1350600,42.2874469444,-83.7148869444,52.0,0.179999992251,0.0,,7.0,,,0.0,,-36.200012207,0.0,200.5,,,,
121.55327787,560,412,1351600,42.2874469444,-83.7148869444,53.0,0.179999992251,0.0,,7.0,,,0.0,,22.450012207,0.0,200.5,,,,
121.55327787,560,412,1352600,42.2874469444,-83.7148869444,52.0,0.179999992251,0.0,,7.0,,,0.0,,22.450012207,0.0,200.5,,,,
121.55327787,560,412,1352700,42.2874469444,-83.7148869444,52.0,0.179999992251,0.0,,7.0,,,0.0,,21.9599914551,0.0,200.5,,,,
121.55327787,560,412,1352800,42.2874491667,-83.7143825,52.0,0.179999992251,0.0,,7.0,,,0.0,,21.9599914551,0.0,200.5,,,,
121.55327787,560,412,1353600,42.2874491667,-83.7143825,51.0,0.179999992251,0.0,,7.0,,,0.0,,21.9599914551,0.0,200.5,,,,
121.55327787,560,412,1353700,42.2874491667,-83.7143825,51.0,0.179999992251,0.0,,7.0,,,0.0,,31.7300109863,0.0,200.5,,,,
121.55327787,560,412,1354700,42.2874491667,-83.7143825,49.0,0.179999992251,0.0,,7.0,,,0.0,,31.7300109863,0.0,200.5,,,,
121.55327787,560,412,1354800,42.2874491667,-83.7143825,49.0,0.179999992251,0.0,,7.0,,,0.0,,22.9400024414,0.0,200.5,,,,
121.55327787,560,412,1355700,42.2874491667,-83.7143825,48.0,0.179999992251,0.0,,7.0,,,0.0,,22.9400024414,0.0,200.5,,,,
121.55327787,560,412,1355800,42.2874491667,-83.7143825,48.0,0.179999992251,0.0,,7.0,,,0.0,,20.9800109863,0.0,200.5,,,,
121.55327787,560,412,1356000,42.2874558333,-83.7138691667,48.0,0.179999992251,0.0,,7.0,,,0.0,,20.9800109863,0.0,200.5,,,,
121.55327787,560,412,1356400,42.2874558333,-83.7138691667,48.0,0.179999992251,0.0,,7.0,,,0.0,,20.9800109863,0.0,193.0,,,,
121.55327787,560,412,1356800,42.2874558333,-83.7138691667,47.0,0.179999992251,0.0,,7.0,,,0.0,,-60.6399841309,0.0,193.0,,,,
121.55327787,560,412,1357800,42.2874558333,-83.7138691667,48.0,0.179999992251,0.0,,7.0,,,0.0,,-60.6399841309,0.0,193.0,,,,
121.55327787,560,412,1357900,42.2874558333,-83.7138691667,48.0,0.179999992251,1406.0,,7.0,,,0.0,,44.4400024414,0.0,193.0,,,,
121.55327787,560,412,1358000,42.2874558333,-83.7138691667,48.0,2.56999993324,1406.0,,7.0,,,0.0,,44.4400024414,0.0,193.0,,,,
121.55327787,560,412,1358900,42.2874586111,-83.7133725,48.0,2.56999993324,1406.0,,7.0,,,0.0,,-29.3599853516,0.0,193.0,,,,
121.55327787,560,412,1359900,42.2874586111,-83.7133725,48.0,2.56999993324,0.0,,7.0,,,0.0,,-29.3599853516,0.0,193.0,,,,
121.55327787,560,412,1360000,42.2874586111,-83.7133725,48.0,2.13999986649,0.0,,7.0,,,0.0,,-25.9400024414,0.0,193.0,,,,
121.55327787,560,412,1360900,42.2874586111,-83.7133725,46.0,2.13999986649,0.0,,7.0,,,0.0,,-25.9400024414,0.0,193.0,,,,
121.55327787,560,412,1361000,42.2874586111,-83.7133725,46.0,2.13999986649,0.0,,7.0,,,0.0,,27.3299865723,0.0,193.0,,,,
121.55327787,560,412,1361400,42.2874586111,-83.7133725,46.0,2.13999986649,0.0,,7.0,,,0.0,,27.3299865723,0.0,197.0,,,,
121.55327787,560,412,1362000,42.2873811111,-83.7129286111,45.0,0.199999988079,0.0,,7.0,,,0.0,,-12.2600097656,0.0,197.0,,,,
121.55327787,560,412,1363000,42.2873811111,-83.7129286111,44.0,0.199999988079,0.0,,7.0,,,0.0,,-12.2600097656,0.0,197.0,,,,
121.55327787,560,412,1363100,42.2873811111,-83.7129286111,44.0,0.199999988079,0.0,,7.0,,,0.0,,21.4700012207,0.0,197.0,,,,
121.55327787,560,412,1364000,42.2873811111,-83.7129286111,44.0,0.179999992251,0.0,,7.0,,,0.0,,21.4700012207,0.0,197.0,,,,
121.55327787,560,412,1364100,42.2873811111,-83.7129286111,44.0,0.179999992251,0.0,,7.0,,,0.0,,-21.5400085449,0.0,197.0,,,,
121.55327787,560,412,1364900,42.2872444444,-83.7124847222,44.0,0.179999992251,0.0,,7.0,,,0.0,,-21.5400085449,0.0,197.0,,,,
121.55327787,560,412,1365100,42.2872444444,-83.7124847222,45.0,0.179999992251,0.0,,7.0,,,0.0,,-21.5400085449,0.0,197.0,,,,
121.55327787,560,412,1365200,42.2872444444,-83.7124847222,45.0,0.179999992251,0.0,,7.0,,,0.0,,-33.7600097656,0.0,197.0,,,,
121.55327787,560,412,1365900,42.2872444444,-83.7124847222,45.0,0.179999992251,1607.0,,7.0,,,0.0,,-33.7600097656,0.0,197.0,,,,
121.55327787,560,412,1366000,42.2872444444,-83.7124847222,45.0,16.7099990845,1607.0,,7.0,,,0.0,,-33.7600097656,0.0,197.0,,,,
121.55327787,560,412,1366100,42.2872444444,-83.7124847222,48.0,16.7099990845,1607.0,,7.0,,,0.0,,-33.7600097656,0.0,197.0,,,,
121.55327787,560,412,1366200,42.2872444444,-83.7124847222,48.0,16.7099990845,1607.0,,7.0,,,0.0,,11.2099914551,0.0,197.0,,,,
121.55327787,560,412,1366400,42.2872444444,-83.7124847222,48.0,16.7099990845,1607.0,,7.0,,,0.0,,11.2099914551,0.0,206.0,,,,
121.55327787,560,412,1367200,42.2872444444,-83.7124847222,51.0,16.7099990845,1607.0,,7.0,,,0.0,,52.75,0.0,206.0,,,,
121.55327787,560,412,1367900,42.2870469444,-83.7120180556,51.0,16.7099990845,310.0,,7.0,,,0.0,,52.75,0.0,206.0,,,,
121.55327787,560,412,1368000,42.2870469444,-83.7120180556,51.0,0.810000002384,310.0,,7.0,,,0.0,,52.75,0.0,206.0,,,,
121.55327787,560,412,1368200,42.2870469444,-83.7120180556,52.0,0.810000002384,310.0,,7.0,,,0.0,,52.75,0.0,206.0,,,,
121.55327787,560,412,1368300,42.2870469444,-83.7120180556,52.0,0.810000002384,310.0,,7.0,,,0.0,,-22.5199890137,0.0,206.0,,,,
121.55327787,560,412,1369200,42.2870469444,-83.7120180556,53.0,0.810000002384,310.0,,7.0,,,0.0,,-22.5199890137,0.0,206.0,,,,
121.55327787,560,412,1369300,42.2870469444,-83.7120180556,53.0,0.810000002384,310.0,,7.0,,,0.0,,19.0299987793,0.0,206.0,,,,
121.55327787,560,412,1369900,42.2870469444,-83.7120180556,53.0,0.810000002384,0.0,,7.0,,,0.0,,19.0299987793,0.0,206.0,,,,
121.55327787,560,412,1370000,42.2870469444,-83.7120180556,53.0,0.209999993443,0.0,,7.0,,,0.0,,19.0299987793,0.0,206.0,,,,
121.55327787,560,412,1370400,42.2870469444,-83.7120180556,53.0,0.209999993443,0.0,,7.0,,,0.0,,23.9100036621,0.0,206.0,,,,
121.55327787,560,412,1370900,42.2867669444,-83.7116319444,53.0,0.209999993443,0.0,,7.0,,,0.0,,23.9100036621,0.0,206.0,,,,
121.55327787,560,412,1371400,42.2867669444,-83.7116319444,53.0,0.209999993443,0.0,,7.0,,,0.0,,23.4200134277,0.0,206.0,,,,
121.55327787,560,412,1371500,42.2867669444,-83.7116319444,53.0,0.209999993443,0.0,,7.0,,,0.0,,23.4200134277,0.0,200.5,,,,
121.55327787,560,412,1372000,42.2867669444,-83.7116319444,53.0,0.199999988079,0.0,,7.0,,,0.0,,23.4200134277,0.0,200.5,,,,
121.55327787,560,412,1372400,42.2867669444,-83.7116319444,53.0,0.199999988079,0.0,,7.0,,,0.0,,22.9400024414,0.0,200.5,,,,
121.55327787,560,412,1373500,42.2867669444,-83.7116319444,53.0,0.199999988079,0.0,,7.0,,,0.0,,-15.6799926758,0.0,200.5,,,,
121.55327787,560,412,1374000,42.2864461111,-83.7113075,53.0,0.179999992251,0.0,,7.0,,,0.0,,-15.6799926758,0.0,200.5,,,,
121.55327787,560,412,1374400,42.2864461111,-83.7113075,54.0,0.179999992251,0.0,,7.0,,,0.0,,-15.6799926758,0.0,200.5,,,,
121.55327787,560,412,1374500,42.2864461111,-83.7113075,54.0,0.179999992251,0.0,,7.0,,,0.0,,-31.8099975586,0.0,200.5,,,,
121.55327787,560,412,1375500,42.2864461111,-83.7113075,56.0,0.179999992251,0.0,,7.0,,,0.0,,-31.8099975586,0.0,200.5,,,,
121.55327787,560,412,1375600,42.2864461111,-83.7113075,56.0,0.179999992251,0.0,,7.0,,,0.0,,-36.6900024414,0.0,200.5,,,,
121.55327787,560,412,1375800,42.2864461111,-83.7113075,56.0,0.179999992251,0.0,,7.0,,,150.0,,-36.6900024414,0.0,200.5,,,,
121.55327787,560,412,1375900,42.2864461111,-83.7113075,56.0,0.179999992251,1421.0,,7.0,,,150.0,,-36.6900024414,0.0,200.5,,,,
121.55327787,560,412,1376000,42.2864461111,-83.7113075,56.0,12.5,1421.0,,7.0,,,150.0,,-36.6900024414,0.0,200.5,,,,
121.55327787,560,412,1376500,42.2864461111,-83.7113075,59.0,12.5,1421.0,,7.0,,,150.0,,-36.6900024414,0.0,199.0,,,,
121.55327787,560,412,1376600,42.2864461111,-83.7113075,59.0,12.5,1421.0,,7.0,,,150.0,,10.2300109863,0.0,199.0,,,,
121.55327787,560,412,1376800,42.2861105556,-83.7111344444,59.0,12.5,1421.0,,7.0,,,150.0,,10.2300109863,0.0,199.0,,,,
121.55327787,560,412,1377600,42.2861105556,-83.7111344444,60.0,12.5,1421.0,,7.0,,,150.0,,4.35998535156,0.0,199.0,,,,
121.55327787,560,412,1377900,42.2861105556,-83.7111344444,60.0,12.5,1420.0,,7.0,,,150.0,,4.35998535156,0.0,199.0,,,,
121.55327787,560,412,1378000,42.2861105556,-83.7111344444,60.0,12.1700000763,1420.0,,7.0,,,150.0,,4.35998535156,0.0,199.0,,,,
121.55327787,560,412,1378700,42.2861105556,-83.7111344444,60.0,12.1700000763,1420.0,,7.0,,,150.0,,11.6900024414,0.0,199.0,,,,
121.55327787,560,412,1379800,42.2861105556,-83.7111344444,60.0,12.1700000763,1420.0,,7.0,,,150.0,,37.6000061035,0.0,199.0,,,,
121.55327787,560,412,1379900,42.2857747222,-83.7111152778,60.0,12.1700000763,1025.0,,7.0,,,150.0,,37.6000061035,0.0,199.0,,,,
121.55327787,560,412,1380000,42.2857747222,-83.7111152778,60.0,1.70999991894,1025.0,,7.0,,,150.0,,37.6000061035,0.0,199.0,,,,
121.55327787,560,412,1380800,42.2857747222,-83.7111152778,60.0,1.70999991894,1025.0,,7.0,,,150.0,,9.25,0.0,199.0,,,,
121.55327787,560,412,1381600,42.2857747222,-83.7111152778,60.0,1.70999991894,1025.0,,7.0,,,150.0,,9.25,0.0,196.5,,,,
121.55327787,560,412,1381800,42.2857747222,-83.7111152778,58.0,1.70999991894,1025.0,,7.0,,,150.0,,9.25,0.0,196.5,,,,
121.55327787,560,412,1381900,42.2857747222,-83.7111152778,58.0,1.70999991894,114.0,,7.0,,,150.0,,-26.4299926758,0.0,196.5,,,,
121.55327787,560,412,1382000,42.2857747222,-83.7111152778,58.0,0.810000002384,114.0,,7.0,,,150.0,,-26.4299926758,0.0,196.5,,,,
121.55327787,560,412,1382800,42.2857747222,-83.7111152778,57.0,0.810000002384,114.0,,7.0,,,150.0,,-26.4299926758,0.0,196.5,,,,
121.55327787,560,412,1383000,42.2854436111,-83.7111661111,57.0,0.810000002384,114.0,,7.0,,,150.0,,-5.41000366211,0.0,196.5,,,,
121.55327787,560,412,1383800,42.2854436111,-83.7111661111,56.0,0.810000002384,114.0,,7.0,,,150.0,,-5.41000366211,0.0,196.5,,,,
121.55327787,560,412,1383900,42.2854436111,-83.7111661111,56.0,0.810000002384,0.0,,7.0,,,150.0,,-5.41000366211,0.0,196.5,,,,
121.55327787,560,412,1384000,42.2854436111,-83.7111661111,56.0,0.810000002384,0.0,,7.0,,,150.0,,52.75,0.0,196.5,,,,
121.55327787,560,412,1384100,42.2854436111,-83.7111661111,56.0,0.199999988079,0.0,,7.0,,,150.0,,52.75,0.0,196.5,,,,
121.55327787,560,412,1384900,42.2854436111,-83.7111661111,53.0,0.199999988079,0.0,,7.0,,,150.0,,52.75,0.0,196.5,,,,
121.55327787,560,412,1385000,42.2854436111,-83.7111661111,53.0,0.199999988079,0.0,,7.0,,,150.0,,103.580001831,0.0,196.5,,,,
121.55327787,560,412,1385900,42.2850463889,-83.7112508333,47.0,0.199999988079,0.0,,7.0,,,150.0,,103.580001831,0.0,196.5,,,,
121.55327787,560,412,1386100,42.2850463889,-83.7112508333,47.0,0.179999992251,0.0,,7.0,,,150.0,,78.6499938965,0.0,196.5,,,,
121.55327787,560,412,1386600,42.2850463889,-83.7112508333,47.0,0.179999992251,0.0,,7.0,,,150.0,,78.6499938965,0.0,207.5,,,,
121.55327787,560,412,1387000,42.2850463889,-83.7112508333,43.0,0.179999992251,0.0,,7.0,,,150.0,,78.6499938965,0.0,207.5,,,,
121.55327787,560,412,1387100,42.2850463889,-83.7112508333,43.0,0.179999992251,0.0,,7.0,,,150.0,,60.0799865723,0.0,207.5,,,,
121.55327787,560,412,1388000,42.2850463889,-83.7112508333,37.0,0.179999992251,0.0,,7.0,,,150.0,,60.0799865723,0.0,207.5,,,,
121.55327787,560,412,1388200,42.2850463889,-83.7112508333,37.0,0.179999992251,0.0,,7.0,,,150.0,,63.9899902344,0.0,207.5,,,,
121.55327787,560,412,1389000,42.2847591667,-83.7113069444,37.0,0.179999992251,0.0,,7.0,,,150.0,,63.9899902344,0.0,207.5,,,,
121.55327787,560,412,1390100,42.2847591667,-83.7113069444,34.0,0.179999992251,0.0,,7.0,,,150.0,,63.9899902344,0.0,207.5,,,,
121.55327787,560,412,1390200,42.2847591667,-83.7113069444,34.0,0.179999992251,0.0,,7.0,,,150.0,,51.2799987793,0.0,207.5,,,,
121.55327787,560,412,1391100,42.2847591667,-83.7113069444,30.0,0.179999992251,0.0,,7.0,,,150.0,,51.2799987793,0.0,207.5,,,,
121.55327787,560,412,1391300,42.2847591667,-83.7113069444,30.0,0.179999992251,0.0,,7.0,,,150.0,,42.9700012207,0.0,207.5,,,,
121.55327787,560,412,1391600,42.2847591667,-83.7113069444,30.0,0.179999992251,0.0,,7.0,,,150.0,,42.9700012207,0.0,204.0,,,,
121.55327787,560,412,1391900,42.2845333333,-83.7112913889,30.0,0.179999992251,0.0,,7.0,,,150.0,,42.9700012207,0.0,204.0,,,,
121.55327787,560,412,1392200,42.2845333333,-83.7112913889,27.0,0.179999992251,0.0,,7.0,,,150.0,,42.9700012207,0.0,204.0,,,,
121.55327787,560,412,1392300,42.2845333333,-83.7112913889,27.0,0.179999992251,0.0,,7.0,,,150.0,,36.1300048828,0.0,204.0,,,,
121.55327787,560,412,1393200,42.2845333333,-83.7112913889,26.0,0.179999992251,0.0,,7.0,,,150.0,,36.1300048828,0.0,204.0,,,,
121.55327787,560,412,1393400,42.2845333333,-83.7112913889,26.0,0.179999992251,0.0,,7.0,,,150.0,,-2.48001098633,0.0,204.0,,,,
121.55327787,560,412,1394400,42.2845333333,-83.7112913889,26.0,0.179999992251,0.0,,7.0,,,150.0,,-41.5799865723,0.0,204.0,,,,
121.55327787,560,412,1395000,42.2842783333,-83.7112708333,26.0,0.179999992251,0.0,,7.0,,,150.0,,-41.5799865723,0.0,204.0,,,,
121.55327787,560,412,1395300,42.2842783333,-83.7112708333,29.0,0.179999992251,0.0,,7.0,,,150.0,,-41.5799865723,0.0,204.0,,,,
121.55327787,560,412,1395400,42.2842783333,-83.7112708333,29.0,0.179999992251,0.0,,7.0,,,150.0,,-46.4700012207,0.0,204.0,,,,
121.55327787,560,412,1396300,42.2842783333,-83.7112708333,32.0,0.179999992251,0.0,,7.0,,,150.0,,-46.4700012207,0.0,204.0,,,,
121.55327787,560,412,1396500,42.2842783333,-83.7112708333,32.0,0.179999992251,0.0,,7.0,,,150.0,,-44.0199890137,0.0,204.0,,,,
121.55327787,560,412,1396600,42.2842783333,-83.7112708333,32.0,0.179999992251,0.0,,7.0,,,150.0,,-44.0199890137,0.0,191.0,,,,
121.55327787,560,412,1397400,42.2842783333,-83.7112708333,35.0,0.179999992251,0.0,,7.0,,,150.0,,-44.0199890137,0.0,191.0,,,,
121.55327787,560,412,1397500,42.2842783333,-83.7112708333,35.0,0.179999992251,0.0,,7.0,,,150.0,,-54.7799987793,0.0,191.0,,,,
121.55327787,560,412,1397900,42.2839761111,-83.7111802778,35.0,0.179999992251,0.0,,7.0,,,150.0,,-54.7799987793,0.0,191.0,,,,
121.55327787,560,412,1398400,42.2839761111,-83.7111802778,37.0,0.179999992251,0.0,,7.0,,,150.0,,-54.7799987793,0.0,191.0,,,,
121.55327787,560,412,1398600,42.2839761111,-83.7111802778,37.0,0.179999992251,0.0,,7.0,,,150.0,,-59.6600036621,0.0,191.0,,,,
121.55327787,560,412,1399400,42.2839761111,-83.7111802778,40.0,0.179999992251,0.0,,7.0,,,150.0,,-59.6600036621,0.0,191.0,,,,
121.55327787,560,412,1399600,42.2839761111,-83.7111802778,40.0,0.179999992251,0.0,,7.0,,,150.0,,-63.5700073242,0.0,191.0,,,,
121.55327787,560,412,1400500,42.2839761111,-83.7111802778,42.0,0.179999992251,0.0,,7.0,,,150.0,,-63.5700073242,0.0,191.0,,,,
121.55327787,560,412,1400600,42.2839761111,-83.7111802778,42.0,0.179999992251,0.0,,7.0,,,150.0,,9.73999023438,0.0,191.0,,,,
121.55327787,560,412,1401000,42.2836602778,-83.7110544444,42.0,0.179999992251,0.0,,7.0,,,150.0,,9.73999023438,0.0,191.0,,,,
121.55327787,560,412,1401500,42.2836602778,-83.7110544444,45.0,0.179999992251,0.0,,7.0,,,150.0,,9.73999023438,0.0,191.0,,,,
121.55327787,560,412,1401700,42.2836602778,-83.7110544444,45.0,0.179999992251,0.0,,7.0,,,150.0,,-3.95001220703,0.0,197.0,,,,
121.55327787,560,412,1402600,42.2836602778,-83.7110544444,46.0,0.179999992251,0.0,,7.0,,,150.0,,-3.95001220703,0.0,197.0,,,,
121.55327787,560,412,1402700,42.2836602778,-83.7110544444,46.0,0.179999992251,0.0,,7.0,,,150.0,,-2.9700012207,0.0,197.0,,,,
121.55327787,560,412,1403800,42.2833338889,-83.7108411111,46.0,0.179999992251,0.0,,7.0,,,150.0,,-3.95001220703,0.0,197.0,,,,
121.55327787,560,412,1404600,42.2833338889,-83.7108411111,47.0,0.179999992251,0.0,,7.0,,,150.0,,-3.95001220703,0.0,197.0,,,,
121.55327787,560,412,1405700,42.2833338889,-83.7108411111,48.0,0.179999992251,0.0,,7.0,,,150.0,,-3.95001220703,0.0,197.0,,,,
121.55327787,560,412,1405800,42.2833338889,-83.7108411111,48.0,0.179999992251,0.0,,7.0,,,150.0,,-3.45999145508,0.0,197.0,,,,
121.55327787,560,412,1406700,42.2833338889,-83.7108411111,49.0,0.179999992251,0.0,,7.0,,,150.0,,-3.45999145508,0.0,197.0,,,,
121.55327787,560,412,1406900,42.2830594444,-83.7104897222,49.0,0.179999992251,0.0,,7.0,,,150.0,,-1.98999023438,0.0,197.0,,,,
121.55327787,560,412,1407800,42.2830594444,-83.7104897222,50.0,0.179999992251,0.0,,7.0,,,150.0,,-1.98999023438,0.0,197.0,,,,
121.55327787,560,412,1407900,42.2830594444,-83.7104897222,50.0,0.179999992251,0.0,,7.0,,,150.0,,-0.529998779297,0.0,197.0,,,,
121.55327787,560,412,1408800,42.2830594444,-83.7104897222,52.0,0.179999992251,0.0,,7.0,,,150.0,,-0.529998779297,0.0,197.0,,,,
121.55327787,560,412,1409000,42.2830594444,-83.7104897222,52.0,0.179999992251,0.0,,7.0,,,150.0,,-4.92001342773,0.0,197.0,,,,
121.55327787,560,412,1409800,42.2830594444,-83.7104897222,53.0,0.179999992251,0.0,,7.0,,,150.0,,-4.92001342773,0.0,197.0,,,,
121.55327787,560,412,1409900,42.2827688889,-83.7100744444,53.0,0.179999992251,0.0,,7.0,,,150.0,,-4.92001342773,0.0,197.0,,,,
121.55327787,560,412,1410000,42.2827688889,-83.7100744444,53.0,0.179999992251,0.0,,7.0,,,150.0,,-27.4100036621,0.0,197.0,,,,
121.55327787,560,412,1410600,42.2827688889,-83.7100744444,53.0,0.179999992251,0.0,,7.0,,,150.0,,-27.4100036621,0.0,197.0,,,,
121.55327787,560,412,1410900,42.2827688889,-83.7100744444,54.0,0.179999992251,0.0,,7.0,,,150.0,,-27.4100036621,0.0,197.0,,,,
121.55327787,560,412,1411000,42.2827688889,-83.7100744444,54.0,0.179999992251,0.0,,7.0,,,150.0,,-59.6600036621,0.0,197.0,,,,
121.55327787,560,412,1411800,42.2827688889,-83.7100744444,54.0,0.179999992251,0.0,,7.0,,,150.0,,-59.6600036621,0.0,192.5,,,,
121.55327787,560,412,1411900,42.2827688889,-83.7100744444,57.0,0.179999992251,1316.0,,7.0,,,150.0,,-59.6600036621,0.0,192.5,,,,
121.55327787,560,412,1412100,42.2827688889,-83.7100744444,57.0,11.2299995422,1316.0,,7.0,,,150.0,,-35.2300109863,0.0,192.5,,,,
121.55327787,560,412,1413000,42.2827688889,-83.7100744444,60.0,11.2299995422,1316.0,,7.0,,,150.0,,-35.2300109863,0.0,192.5,,,,
121.55327787,560,412,1413100,42.2827688889,-83.7100744444,60.0,11.2299995422,1316.0,,7.0,,,150.0,,10.7200012207,0.0,192.5,,,,
121.55327787,560,412,1413800,42.2823780556,-83.7094119444,60.0,11.2299995422,1316.0,,7.0,,,150.0,,10.7200012207,0.0,192.5,,,,
121.55327787,560,412,1414000,42.2823780556,-83.7094119444,60.0,11.2299995422,1608.0,,7.0,,,150.0,,10.7200012207,0.0,192.5,,,,
121.55327787,560,412,1414100,42.2823780556,-83.7094119444,60.0,14.529999733,1608.0,,7.0,,,150.0,,10.7200012207,0.0,192.5,,,,
121.55327787,560,412,1414200,42.2823780556,-83.7094119444,60.0,14.529999733,1608.0,,7.0,,,150.0,,11.2099914551,0.0,192.5,,,,
121.55327787,560,412,1415200,42.2823780556,-83.7094119444,61.0,14.529999733,1608.0,,7.0,,,150.0,,11.2099914551,0.0,192.5,,,,
121.55327787,560,412,1415300,42.2823780556,-83.7094119444,61.0,14.529999733,1608.0,,7.0,,,150.0,,6.80999755859,0.0,192.5,,,,
121.55327787,560,412,1416000,42.2823780556,-83.7094119444,61.0,14.529999733,1940.0,,7.0,,,150.0,,6.80999755859,0.0,192.5,,,,
121.55327787,560,412,1416100,42.2823780556,-83.7094119444,61.0,17.1800003052,1940.0,,7.0,,,150.0,,6.80999755859,0.0,192.5,,,,
121.55327787,560,412,1416200,42.2823780556,-83.7094119444,63.0,17.1800003052,1940.0,,7.0,,,150.0,,6.80999755859,0.0,192.5,,,,
121.55327787,560,412,1416300,42.2823780556,-83.7094119444,63.0,17.1800003052,1940.0,,7.0,,,150.0,,4.35998535156,0.0,192.5,,,,
121.55327787,560,412,1416800,42.2820741667,-83.7088875,63.0,17.1800003052,1940.0,,7.0,,,150.0,,4.35998535156,0.0,198.0,,,,
121.55327787,560,412,1417200,42.2820741667,-83.7088875,65.0,17.1800003052,1940.0,,7.0,,,150.0,,4.35998535156,0.0,198.0,,,,
121.55327787,560,412,1417300,42.2820741667,-83.7088875,65.0,17.1800003052,1940.0,,7.0,,,150.0,,2.41000366211,0.0,198.0,,,,
121.55327787,560,412,1418000,42.2820741667,-83.7088875,65.0,17.1800003052,1595.0,,7.0,,,150.0,,2.41000366211,0.0,198.0,,,,
121.55327787,560,412,1418100,42.2820741667,-83.7088875,65.0,14.1999998093,1595.0,,7.0,,,150.0,,2.41000366211,0.0,198.0,,,,
121.55327787,560,412,1418300,42.2820741667,-83.7088875,66.0,14.1999998093,1595.0,,7.0,,,150.0,,2.41000366211,0.0,198.0,,,,
121.55327787,560,412,1418400,42.2820741667,-83.7088875,66.0,14.1999998093,1595.0,,7.0,,,150.0,,-8.82998657227,0.0,198.0,,,,
121.55327787,560,412,1419300,42.2820741667,-83.7088875,67.0,14.1999998093,1595.0,,7.0,,,150.0,,-8.82998657227,0.0,198.0,,,,
121.55327787,560,412,1419400,42.2820741667,-83.7088875,67.0,14.1999998093,1595.0,,7.0,,,150.0,,6.80999755859,0.0,198.0,,,,
121.55327787,560,412,1419900,42.2817755556,-83.7083138889,67.0,14.1999998093,1595.0,,7.0,,,150.0,,6.80999755859,0.0,198.0,,,,
121.55327787,560,412,1420000,42.2817755556,-83.7083138889,67.0,14.1999998093,1572.0,,7.0,,,150.0,,6.80999755859,0.0,198.0,,,,
121.55327787,560,412,1420100,42.2817755556,-83.7083138889,67.0,13.5599994659,1572.0,,7.0,,,150.0,,6.80999755859,0.0,198.0,,,,
121.55327787,560,412,1420400,42.2817755556,-83.7083138889,68.0,13.5599994659,1572.0,,7.0,,,150.0,,-0.0400085449219,0.0,198.0,,,,
121.55327787,560,412,1421500,42.2817755556,-83.7083138889,68.0,13.5599994659,1572.0,,7.0,,,150.0,,20.4899902344,0.0,198.0,,,,
121.55327787,560,412,1422000,42.2817755556,-83.7083138889,68.0,13.5599994659,1300.0,,7.0,,,150.0,,20.4899902344,0.0,198.0,,,,
121.55327787,560,412,1422100,42.2817755556,-83.7083138889,68.0,5.96000003815,1300.0,,7.0,,,150.0,,20.4899902344,0.0,198.0,,,,
121.55327787,560,412,1422500,42.2817755556,-83.7083138889,68.0,5.96000003815,1300.0,,7.0,,,150.0,,12.6700134277,0.0,198.0,,,,
121.55327787,560,412,1422900,42.2814766667,-83.7077288889,68.0,5.96000003815,1300.0,,7.0,,,150.0,,12.6700134277,0.0,198.0,,,,
121.55327787,560,412,1423600,42.2814766667,-83.7077288889,68.0,5.96000003815,1300.0,,7.0,,,150.0,,-19.5899963379,0.0,198.0,,,,
121.55327787,560,412,1424000,42.2814766667,-83.7077288889,68.0,5.96000003815,0.0,,7.0,,,150.0,,-19.5899963379,0.0,198.0,,,,
121.55327787,560,412,1424100,42.2814766667,-83.7077288889,68.0,2.05999994278,0.0,,7.0,,,150.0,,-19.5899963379,0.0,198.0,,,,
121.55327787,560,412,1424500,42.2814766667,-83.7077288889,67.0,2.05999994278,0.0,,7.0,,,150.0,,-19.5899963379,0.0,198.0,,,,
121.55327787,560,412,1424600,42.2814766667,-83.7077288889,67.0,2.05999994278,0.0,,7.0,,,150.0,,-80.6799926758,0.0,198.0,,,,
121.55327787,560,412,1425600,42.2814766667,-83.7077288889,67.0,2.05999994278,0.0,,7.0,,,150.0,,38.5799865723,0.0,198.0,,,,
121.55327787,560,412,1426000,42.2811833333,-83.7071566667,67.0,2.05999994278,978.0,,7.0,,,150.0,,38.5799865723,0.0,198.0,,,,
121.55327787,560,412,1426100,42.2811833333,-83.7071566667,67.0,4.50999975204,978.0,,7.0,,,150.0,,38.5799865723,0.0,198.0,,,,
121.55327787,560,412,1426700,42.2811833333,-83.7071566667,67.0,4.50999975204,978.0,,7.0,,,150.0,,17.0700073242,0.0,198.0,,,,
121.55327787,560,412,1426800,42.2811833333,-83.7071566667,67.0,4.50999975204,978.0,,7.0,,,150.0,,17.0700073242,0.0,193.0,,,,
121.55327787,560,412,1427700,42.2811833333,-83.7071566667,67.0,4.50999975204,978.0,,7.0,,,150.0,,-34.7399902344,0.0,193.0,,,,
121.55327787,560,412,1428000,42.2811833333,-83.7071566667,67.0,4.50999975204,793.0,,7.0,,,150.0,,-34.7399902344,0.0,193.0,,,,
121.55327787,560,412,1428100,42.2811833333,-83.7071566667,67.0,2.46000003815,793.0,,7.0,,,150.0,,-34.7399902344,0.0,193.0,,,,
121.55327787,560,412,1428700,42.2811833333,-83.7071566667,66.0,2.46000003815,793.0,,7.0,,,150.0,,-34.7399902344,0.0,193.0,,,,
121.55327787,560,412,1428800,42.280905,-83.7065861111,66.0,2.46000003815,793.0,,7.0,,,150.0,,-70.4200134277,0.0,193.0,,,,
121.55327787,560,412,1429800,42.280905,-83.7065861111,66.0,2.46000003815,793.0,,7.0,,,150.0,,27.8200073242,0.0,193.0,,,,
121.55327787,560,412,1430000,42.280905,-83.7065861111,66.0,2.46000003815,881.0,,7.0,,,150.0,,27.8200073242,0.0,193.0,,,,
121.55327787,560,412,1430100,42.280905,-83.7065861111,66.0,0.75,881.0,,7.0,,,150.0,,27.8200073242,0.0,193.0,,,,
121.55327787,560,412,1430800,42.280905,-83.7065861111,65.0,0.75,881.0,,7.0,,,150.0,,-28.8699951172,0.0,193.0,,,,
121.55327787,560,412,1431900,42.2806258333,-83.7060213889,65.0,0.75,881.0,,7.0,,,150.0,,-59.6600036621,0.0,199.0,,,,
121.55327787,560,412,1432000,42.2806258333,-83.7060213889,65.0,0.75,1482.0,,7.0,,,150.0,,-59.6600036621,0.0,199.0,,,,
121.55327787,560,412,1432100,42.2806258333,-83.7060213889,65.0,12.2899999619,1482.0,,7.0,,,150.0,,-59.6600036621,0.0,199.0,,,,
121.55327787,560,412,1432800,42.2806258333,-83.7060213889,66.0,12.2899999619,1482.0,,7.0,,,150.0,,-59.6600036621,0.0,199.0,,,,
121.55327787,560,412,1432900,42.2806258333,-83.7060213889,66.0,12.2899999619,1482.0,,7.0,,,150.0,,25.3800048828,0.0,199.0,,,,
121.55327787,560,412,1434000,42.2806258333,-83.7060213889,66.0,12.2899999619,1472.0,,7.0,,,150.0,,20.9800109863,0.0,199.0,,,,
121.55327787,560,412,1434100,42.2806258333,-83.7060213889,66.0,12.3999996185,1472.0,,7.0,,,150.0,,20.9800109863,0.0,199.0,,,,
121.55327787,560,412,1434900,42.2803405556,-83.7054458333,67.0,12.3999996185,1472.0,,7.0,,,150.0,,20.9800109863,0.0,199.0,,,,
121.55327787,560,412,1435000,42.2803405556,-83.7054458333,67.0,12.3999996185,1472.0,,7.0,,,150.0,,23.4200134277,0.0,199.0,,,,
121.55327787,560,412,1435800,42.2803405556,-83.7054458333,67.0,12.3999996185,1472.0,,7.0,,,0.0,,23.4200134277,0.0,199.0,,,,
121.55327787,560,412,1436000,42.2803405556,-83.7054458333,67.0,12.3999996185,1307.0,,7.0,,,0.0,,12.1799926758,0.0,199.0,,,,
121.55327787,560,412,1436100,42.2803405556,-83.7054458333,67.0,10.9600000381,1307.0,,7.0,,,0.0,,12.1799926758,0.0,199.0,,,,
121.55327787,560,412,1437000,42.2803405556,-83.7054458333,68.0,10.9600000381,1307.0,,7.0,,,0.0,,12.1799926758,0.0,199.0,,,,
121.55327787,560,412,1437100,42.2803405556,-83.7054458333,68.0,10.9600000381,1307.0,,7.0,,,0.0,,13.6499938965,0.0,199.0,,,,
121.55327787,560,412,1437900,42.2800511111,-83.7048533333,68.0,10.9600000381,1307.0,,7.0,,,0.0,,13.6499938965,0.0,199.0,,,,
121.55327787,560,412,1438000,42.2800511111,-83.7048533333,69.0,10.9600000381,1268.0,,7.0,,,0.0,,13.6499938965,0.0,199.0,,,,
121.55327787,560,412,1438100,42.2800511111,-83.7048533333,69.0,10.5,1268.0,,7.0,,,0.0,,9.73999023438,0.0,199.0,,,,
121.55327787,560,412,1439200,42.2800511111,-83.7048533333,69.0,10.5,1268.0,,7.0,,,0.0,,8.26998901367,0.0,199.0,,,,
121.55327787,560,412,1440000,42.2800511111,-83.7048533333,69.0,10.5,1074.0,,7.0,,,0.0,,8.26998901367,0.0,199.0,,,,
121.55327787,560,412,1440100,42.2800511111,-83.7048533333,69.0,8.26000022888,1074.0,,7.0,,,0.0,,8.26998901367,0.0,199.0,,,,
121.55327787,560,412,1440200,42.2800511111,-83.7048533333,69.0,8.26000022888,1074.0,,7.0,,,0.0,,21.9599914551,0.0,199.0,,,,
121.55327787,560,412,1440800,42.2797555556,-83.7042780556,69.0,8.26000022888,1074.0,,7.0,,,0.0,,21.9599914551,0.0,199.0,,,,
121.55327787,560,412,1441200,42.2797555556,-83.7042780556,68.0,8.26000022888,1074.0,,7.0,,,0.0,,12.6700134277,0.0,199.0,,,,
121.55327787,560,412,1442000,42.2797555556,-83.7042780556,68.0,8.26000022888,1317.0,,7.0,,,0.0,,12.6700134277,0.0,196.5,,,,
121.55327787,560,412,1442100,42.2797555556,-83.7042780556,68.0,11.7299995422,1317.0,,7.0,,,0.0,,12.6700134277,0.0,196.5,,,,
121.55327787,560,412,1442300,42.2797555556,-83.7042780556,68.0,11.7299995422,1317.0,,7.0,,,0.0,,-18.6099853516,0.0,196.5,,,,
121.55327787,560,412,1443200,42.2797555556,-83.7042780556,67.0,11.7299995422,1317.0,,7.0,,,0.0,,-18.6099853516,0.0,196.5,,,,
121.55327787,560,412,1443300,42.2797555556,-83.7042780556,67.0,11.7299995422,1317.0,,7.0,,,0.0,,-8.82998657227,0.0,196.5,,,,
121.55327787,560,412,1444000,42.2794752778,-83.7036991667,67.0,11.7299995422,1305.0,,7.0,,,0.0,,-8.82998657227,0.0,196.5,,,,
121.55327787,560,412,1444100,42.2794752778,-83.7036991667,67.0,10.7299995422,1305.0,,7.0,,,0.0,,-8.82998657227,0.0,196.5,,,,
121.55327787,560,412,1444400,42.2794752778,-83.7036991667,67.0,10.7299995422,1305.0,,7.0,,,0.0,,0.940002441406,0.0,196.5,,,,
121.55327787,560,412,1445300,42.2794752778,-83.7036991667,65.0,10.7299995422,1305.0,,7.0,,,0.0,,0.940002441406,0.0,196.5,,,,
121.55327787,560,412,1445400,42.2794752778,-83.7036991667,65.0,10.7299995422,1305.0,,7.0,,,0.0,,-6.39001464844,0.0,196.5,,,,
121.55327787,560,412,1446000,42.2794752778,-83.7036991667,65.0,10.7299995422,1433.0,,7.0,,,0.0,,-6.39001464844,0.0,196.5,,,,
121.55327787,560,412,1446100,42.2794752778,-83.7036991667,65.0,11.5099992752,1433.0,,7.0,,,0.0,,-6.39001464844,0.0,196.5,,,,
121.55327787,560,412,1446500,42.2794752778,-83.7036991667,65.0,11.5099992752,1433.0,,7.0,,,0.0,,8.26998901367,0.0,196.5,,,,
121.55327787,560,412,1446900,42.2792077778,-83.7031286111,65.0,11.5099992752,1433.0,,7.0,,,0.0,,8.26998901367,0.0,196.5,,,,
121.55327787,560,412,1447000,42.2792077778,-83.7031286111,65.0,11.5099992752,1433.0,,7.0,,,0.0,,8.26998901367,0.0,198.5,,,,
121.55327787,560,412,1447400,42.2792077778,-83.7031286111,64.0,11.5099992752,1433.0,,7.0,,,0.0,,8.26998901367,0.0,198.5,,,,
121.55327787,560,412,1447600,42.2792077778,-83.7031286111,64.0,11.5099992752,1433.0,,7.0,,,0.0,,9.25,0.0,198.5,,,,
121.55327787,560,412,1448000,42.2792077778,-83.7031286111,64.0,11.5099992752,1171.0,,7.0,,,0.0,,9.25,0.0,198.5,,,,
121.55327787,560,412,1448200,42.2792077778,-83.7031286111,64.0,10.1499996185,1171.0,,7.0,,,0.0,,9.25,0.0,198.5,,,,
121.55327787,560,412,1448600,42.2792077778,-83.7031286111,64.0,10.1499996185,1171.0,,7.0,,,0.0,,-7.85998535156,0.0,198.5,,,,
121.55327787,560,412,1449700,42.2792077778,-83.7031286111,64.0,10.1499996185,1171.0,,7.0,,,0.0,,7.29998779297,0.0,198.5,,,,
121.55327787,560,412,1449900,42.2789611111,-83.7025541667,64.0,10.1499996185,1171.0,,7.0,,,0.0,,7.29998779297,0.0,198.5,,,,
121.55327787,560,412,1450100,42.2789611111,-83.7025541667,64.0,10.1499996185,1085.0,,7.0,,,0.0,,7.29998779297,0.0,198.5,,,,
121.55327787,560,412,1450200,42.2789611111,-83.7025541667,64.0,5.25999975204,1085.0,,7.0,,,0.0,,7.29998779297,0.0,198.5,,,,
121.55327787,560,412,1450600,42.2789611111,-83.7025541667,65.0,5.25999975204,1085.0,,7.0,,,0.0,,7.29998779297,0.0,198.5,,,,
121.55327787,560,412,1450700,42.2789611111,-83.7025541667,65.0,5.25999975204,1085.0,,7.0,,,0.0,,29.7799987793,0.0,198.5,,,,
121.55327787,560,412,1451800,42.2789611111,-83.7025541667,65.0,5.25999975204,1085.0,,7.0,,,0.0,,-2.9700012207,0.0,198.5,,,,
121.55327787,560,412,1452000,42.2789611111,-83.7025541667,65.0,5.25999975204,1085.0,,7.0,,,0.0,,-2.9700012207,0.0,200.0,,,,
121.55327787,560,412,1452100,42.2789611111,-83.7025541667,65.0,5.25999975204,0.0,,7.0,,,0.0,,-2.9700012207,0.0,200.0,,,,
121.55327787,560,412,1452200,42.2789611111,-83.7025541667,65.0,2.67999982834,0.0,,7.0,,,0.0,,-2.9700012207,0.0,200.0,,,,
121.55327787,560,412,1452700,42.2789611111,-83.7025541667,64.0,2.67999982834,0.0,,7.0,,,0.0,,-2.9700012207,0.0,200.0,,,,
121.55327787,560,412,1452800,42.2789611111,-83.7025541667,64.0,2.67999982834,0.0,,7.0,,,0.0,,7.7799987793,0.0,200.0,,,,
121.55327787,560,412,1452900,42.2786966667,-83.7020041667,64.0,2.67999982834,0.0,,7.0,,,0.0,,7.7799987793,0.0,200.0,,,,
121.55327787,560,412,1453800,42.2786966667,-83.7020041667,61.0,2.67999982834,0.0,,7.0,,,0.0,,22.450012207,0.0,200.0,,,,
121.55327787,560,412,1454200,42.2786966667,-83.7020041667,61.0,0.199999988079,0.0,,7.0,,,0.0,,22.450012207,0.0,200.0,,,,
121.55327787,560,412,1454900,42.2786966667,-83.7020041667,61.0,0.199999988079,0.0,,7.0,,,0.0,,19.0299987793,0.0,200.0,,,,
121.55327787,560,412,1455800,42.2786966667,-83.7020041667,60.0,0.199999988079,0.0,,7.0,,,0.0,,19.0299987793,0.0,200.0,,,,
121.55327787,560,412,1455900,42.2784427778,-83.7014916667,60.0,0.199999988079,0.0,,7.0,,,0.0,,27.3299865723,0.0,200.0,,,,
121.55327787,560,412,1456200,42.2784427778,-83.7014916667,60.0,0.179999992251,0.0,,7.0,,,0.0,,27.3299865723,0.0,200.0,,,,
121.55327787,560,412,1456900,42.2784427778,-83.7014916667,58.0,0.179999992251,0.0,,7.0,,,0.0,,27.3299865723,0.0,200.0,,,,
121.55327787,560,412,1457000,42.2784427778,-83.7014916667,58.0,0.179999992251,0.0,,7.0,,,0.0,,25.8699951172,0.0,208.5,,,,
121.55327787,560,412,1458000,42.2784427778,-83.7014916667,58.0,0.179999992251,0.0,,7.0,,,0.0,,80.1199951172,0.0,208.5,,,,
121.55327787,560,412,1459000,42.2782002778,-83.7010216667,54.0,0.179999992251,0.0,,7.0,,,0.0,,72.3000030518,0.0,208.5,,,,
121.55327787,560,412,1460000,42.2782002778,-83.7010216667,51.0,0.179999992251,0.0,,7.0,,,0.0,,72.3000030518,0.0,208.5,,,,
121.55327787,560,412,1460100,42.2782002778,-83.7010216667,51.0,0.179999992251,0.0,,7.0,,,0.0,,42.0,0.0,208.5,,,,
121.55327787,560,412,1461000,42.2782002778,-83.7010216667,50.0,0.179999992251,0.0,,7.0,,,0.0,,42.0,0.0,208.5,,,,
121.55327787,560,412,1461100,42.2782002778,-83.7010216667,50.0,0.179999992251,0.0,,7.0,,,0.0,,27.3299865723,0.0,208.5,,,,
121.55327787,560,412,1461800,42.2780197222,-83.7005633333,50.0,0.179999992251,0.0,,7.0,,,0.0,,27.3299865723,0.0,208.5,,,,
121.55327787,560,412,1462100,42.2780197222,-83.7005633333,49.0,0.179999992251,0.0,,7.0,,,0.0,,27.3299865723,0.0,206.0,,,,
121.55327787,560,412,1462200,42.2780197222,-83.7005633333,49.0,0.179999992251,0.0,,7.0,,,0.0,,50.7900085449,0.0,206.0,,,,
121.55327787,560,412,1463100,42.2780197222,-83.7005633333,47.0,0.179999992251,0.0,,7.0,,,0.0,,50.7900085449,0.0,206.0,,,,
121.55327787,560,412,1463200,42.2780197222,-83.7005633333,47.0,0.179999992251,0.0,,7.0,,,0.0,,70.8299865723,0.0,206.0,,,,
121.55327787,560,412,1464200,42.2780197222,-83.7005633333,43.0,0.179999992251,0.0,,7.0,,,0.0,,66.9200134277,0.0,206.0,,,,
121.55327787,560,412,1465000,42.277905,-83.7001577778,43.0,0.179999992251,0.0,,7.0,,,0.0,,66.9200134277,0.0,206.0,,,,
121.55327787,560,412,1465200,42.277905,-83.7001577778,40.0,0.179999992251,0.0,,7.0,,,0.0,,66.9200134277,0.0,206.0,,,,
121.55327787,560,412,1465300,42.277905,-83.7001577778,40.0,0.179999992251,0.0,,7.0,,,0.0,,109.449996948,0.0,206.0,,,,
121.55327787,560,412,1466200,42.277905,-83.7001577778,35.0,0.179999992251,0.0,,7.0,,,0.0,,109.449996948,0.0,206.0,,,,
121.55327787,560,412,1466300,42.277905,-83.7001577778,35.0,0.179999992251,0.0,,7.0,,,0.0,,94.2899932861,0.0,206.0,,,,
121.55327787,560,412,1467100,42.277905,-83.7001577778,35.0,0.179999992251,0.0,,7.0,,,0.0,,94.2899932861,0.0,210.0,,,,
121.55327787,560,412,1467300,42.277905,-83.7001577778,30.0,0.179999992251,0.0,,7.0,,,0.0,,94.2899932861,0.0,210.0,,,,
121.55327787,560,412,1467400,42.277905,-83.7001577778,30.0,0.179999992251,0.0,,7.0,,,0.0,,85.5,0.0,210.0,,,,
121.55327787,560,412,1467800,42.2778311111,-83.6998911111,30.0,0.179999992251,0.0,,7.0,,,0.0,,85.5,0.0,210.0,,,,
121.55327787,560,412,1468300,42.2778311111,-83.6998911111,22.0,0.179999992251,0.0,,7.0,,,0.0,,85.5,0.0,210.0,,,,
121.55327787,560,412,1468400,42.2778311111,-83.6998911111,22.0,0.179999992251,0.0,,7.0,,,0.0,,14.6300048828,0.0,210.0,,,,
121.55327787,560,412,1469400,42.2778311111,-83.6998911111,21.0,0.179999992251,0.0,,7.0,,,0.0,,-9.32000732422,0.0,210.0,,,,
121.55327787,560,412,1470100,42.2778311111,-83.6998911111,21.0,0.179999992251,1031.0,,7.0,,,0.0,,-9.32000732422,0.0,210.0,,,,
121.55327787,560,412,1470200,42.2778311111,-83.6998911111,21.0,2.34999990463,1031.0,,7.0,,,0.0,,-9.32000732422,0.0,210.0,,,,
121.55327787,560,412,1470400,42.2778311111,-83.6998911111,22.0,2.34999990463,1031.0,,7.0,,,0.0,,-9.32000732422,0.0,210.0,,,,
121.55327787,560,412,1470500,42.2778311111,-83.6998911111,22.0,2.34999990463,1031.0,,7.0,,,0.0,,16.5799865723,0.0,210.0,,,,
121.55327787,560,412,1470900,42.2777461111,-83.6996752778,22.0,2.34999990463,1031.0,,7.0,,,0.0,,16.5799865723,0.0,210.0,,,,
121.55327787,560,412,1471400,42.2777461111,-83.6996752778,24.0,2.34999990463,1031.0,,7.0,,,0.0,,16.5799865723,0.0,210.0,,,,
121.55327787,560,412,1471500,42.2777461111,-83.6996752778,24.0,2.34999990463,1031.0,,7.0,,,0.0,,4.85000610352,0.0,210.0,,,,
121.55327787,560,412,1472100,42.2777461111,-83.6996752778,24.0,2.34999990463,114.0,,7.0,,,0.0,,4.85000610352,0.0,210.0,,,,
121.55327787,560,412,1472200,42.2777461111,-83.6996752778,24.0,0.959999978542,114.0,,7.0,,,0.0,,4.85000610352,0.0,196.0,,,,
121.55327787,560,412,1472500,42.2777461111,-83.6996752778,23.0,0.959999978542,114.0,,7.0,,,0.0,,4.85000610352,0.0,196.0,,,,
121.55327787,560,412,1472600,42.2777461111,-83.6996752778,23.0,0.959999978542,114.0,,7.0,,,0.0,,-32.2900085449,0.0,196.0,,,,
121.55327787,560,412,1473600,42.2777461111,-83.6996752778,23.0,0.959999978542,114.0,,7.0,,,0.0,,5.82998657227,0.0,196.0,,,,
121.55327787,560,412,1473900,42.2776894444,-83.6994636111,23.0,0.959999978542,114.0,,7.0,,,0.0,,5.82998657227,0.0,196.0,,,,
121.55327787,560,412,1474100,42.2776894444,-83.6994636111,23.0,0.959999978542,0.0,,7.0,,,0.0,,5.82998657227,0.0,196.0,,,,
121.55327787,560,412,1474200,42.2776894444,-83.6994636111,23.0,0.199999988079,0.0,,7.0,,,0.0,,5.82998657227,0.0,196.0,,,,
121.55327787,560,412,1474600,42.2776894444,-83.6994636111,23.0,0.199999988079,0.0,,7.0,,,0.0,,8.26998901367,0.0,196.0,,,,
121.55327787,560,412,1475600,42.2776894444,-83.6994636111,21.0,0.199999988079,0.0,,7.0,,,0.0,,8.26998901367,0.0,196.0,,,,
121.55327787,560,412,1475700,42.2776894444,-83.6994636111,21.0,0.199999988079,0.0,,7.0,,,0.0,,44.9299926758,0.0,196.0,,,,
121.55327787,560,412,1476200,42.2776894444,-83.6994636111,21.0,0.179999992251,0.0,,7.0,,,0.0,,44.9299926758,0.0,196.0,,,,
121.55327787,560,412,1476600,42.2776894444,-83.6994636111,17.0,0.179999992251,0.0,,7.0,,,0.0,,44.9299926758,0.0,196.0,,,,
121.55327787,560,412,1476700,42.2776894444,-83.6994636111,17.0,0.179999992251,0.0,,7.0,,,0.0,,50.7900085449,0.0,196.0,,,,
121.55327787,560,412,1477000,42.2776577778,-83.6992983333,17.0,0.179999992251,0.0,,7.0,,,0.0,,50.7900085449,0.0,196.0,,,,
121.55327787,560,412,1477200,42.2776577778,-83.6992983333,17.0,0.179999992251,0.0,,7.0,,,0.0,,50.7900085449,0.0,200.5,,,,
121.55327787,560,412,1477700,42.2776577778,-83.6992983333,12.0,0.179999992251,0.0,,7.0,,,0.0,,50.7900085449,0.0,200.5,,,,
121.55327787,560,412,1477800,42.2776577778,-83.6992983333,12.0,0.179999992251,0.0,,7.0,,,0.0,,3.86999511719,0.0,200.5,,,,
121.55327787,560,412,1478700,42.2776577778,-83.6992983333,5.0,0.179999992251,0.0,,7.0,,,0.0,,3.86999511719,0.0,200.5,,,,
121.55327787,560,412,1478800,42.2776577778,-83.6992983333,5.0,0.179999992251,0.0,,7.0,,,0.0,,-1.98999023438,0.0,200.5,,,,
121.55327787,560,412,1479800,42.2776577778,-83.6992983333,3.0,0.179999992251,0.0,,7.0,,,0.0,,-1.5,0.0,200.5,,,,
121.55327787,560,412,1479900,42.2776458333,-83.699265,3.0,0.179999992251,0.0,,7.0,,,0.0,,-1.5,0.0,200.5,,,,
121.55327787,560,412,1480900,42.2776458333,-83.699265,3.0,0.179999992251,0.0,,7.0,,,0.0,,-1.98999023438,0.0,200.5,,,,
121.55327787,560,412,1482400,42.2776458333,-83.699265,0.0,0.179999992251,0.0,,7.0,,,0.0,,-1.98999023438,0.0,200.5,,,,
121.55327787,560,412,1483000,42.2776458333,-83.699265,0.0,0.179999992251,0.0,,7.0,,,0.0,,-1.98999023438,0.0,199.0,,,,
121.55327787,560,412,1485200,42.2776458333,-83.699265,0.0,0.179999992251,0.0,,7.0,,,0.0,,-1.5,0.0,199.0,,,,
121.55327787,560,412,1486200,42.2776458333,-83.699265,0.0,0.179999992251,0.0,,7.0,,,0.0,,-1.98999023438,0.0,199.0,,,,
121.55327787,560,412,1487200,42.2776458333,-83.699265,0.0,0.179999992251,0.0,,7.0,,,0.0,,-1.5,0.0,199.0,,,,
121.55327787,560,412,1488000,42.2776458333,-83.699265,0.0,0.179999992251,0.0,,7.0,,,0.0,,-1.5,0.0,198.5,,,,
121.55327787,560,412,1488300,42.2776458333,-83.699265,0.0,0.179999992251,0.0,,7.0,,,0.0,,-1.98999023438,0.0,198.5,,,,
121.55327787,560,412,1489300,42.2776458333,-83.699265,0.0,0.179999992251,0.0,,7.0,,,0.0,,-1.5,0.0,198.5,,,,
121.55327787,560,412,1490400,42.2776458333,-83.699265,0.0,0.179999992251,0.0,,7.0,,,0.0,,-1.98999023438,0.0,198.5,,,,
121.55327787,560,412,1491400,42.2776458333,-83.699265,0.0,0.179999992251,0.0,,7.0,,,0.0,,-1.5,0.0,198.5,,,,
121.55327787,560,412,1492400,42.2776458333,-83.699265,0.0,0.179999992251,0.0,,7.0,,,0.0,,-2.9700012207,0.0,198.5,,,,
121.55327787,560,412,1492900,42.2776263889,-83.6992758333,0.0,0.179999992251,0.0,,7.0,,,0.0,,-2.9700012207,0.0,198.5,,,,
121.55327787,560,412,1493300,42.2776263889,-83.6992758333,8.0,0.179999992251,0.0,,7.0,,,0.0,,-3.95001220703,0.0,198.0,,,,
121.55327787,560,412,1495300,42.2776263889,-83.6992758333,7.0,0.179999992251,0.0,,7.0,,,0.0,,-3.95001220703,0.0,198.0,,,,
121.55327787,560,412,1495400,42.2776263889,-83.6992758333,7.0,0.170000001788,0.0,,7.0,,,0.0,,-3.95001220703,0.0,198.0,,,,
121.55327787,560,412,1496000,42.2776097222,-83.6992066667,7.0,0.170000001788,0.0,,7.0,,,0.0,,-3.95001220703,0.0,198.0,,,,
121.55327787,560,412,1496400,42.2776097222,-83.6992066667,9.0,0.170000001788,0.0,,7.0,,,0.0,,-139.820007324,0.0,198.0,,,,
121.55327787,560,412,1497300,42.2776097222,-83.6992066667,9.0,0.170000001788,2735.0,,7.0,,,0.0,,-139.820007324,0.0,198.0,,,,
121.55327787,560,412,1497400,42.2776097222,-83.6992066667,19.0,29.75,2735.0,,7.0,,,0.0,,-139.820007324,0.0,198.0,,,,
121.55327787,560,412,1497500,42.2776097222,-83.6992066667,19.0,29.75,2735.0,,7.0,,,0.0,,-9.80999755859,0.0,198.0,,,,
121.55327787,560,412,1498300,42.2776097222,-83.6992066667,19.0,29.75,2735.0,,7.0,,,0.0,,-9.80999755859,0.0,196.5,,,,
121.55327787,560,412,1498400,42.2776097222,-83.6992066667,28.0,29.75,2735.0,,7.0,,,0.0,,-9.80999755859,0.0,196.5,,,,
121.55327787,560,412,1498500,42.2776097222,-83.6992066667,28.0,29.75,2735.0,,7.0,,,0.0,,-1.98999023438,0.0,196.5,,,,
121.55327787,560,412,1498800,42.2774719444,-83.6990344444,28.0,29.75,2735.0,,7.0,,,0.0,,-1.98999023438,0.0,196.5,,,,
121.55327787,560,412,1499300,42.2774719444,-83.6990344444,28.0,29.75,3360.0,,7.0,,,0.0,,-1.98999023438,0.0,196.5,,,,
121.55327787,560,412,1499400,42.2774719444,-83.6990344444,28.0,44.5599975586,3360.0,,7.0,,,0.0,,-1.98999023438,0.0,196.5,,,,
121.55327787,560,412,1499500,42.2774719444,-83.6990344444,38.0,44.5599975586,3360.0,,7.0,,,0.0,,-1.98999023438,0.0,196.5,,,,
121.55327787,560,412,1499600,42.2774719444,-83.6990344444,38.0,44.5599975586,3360.0,,7.0,,,0.0,,-9.32000732422,0.0,196.5,,,,
121.55327787,560,412,1500500,42.2774719444,-83.6990344444,45.0,44.5599975586,3360.0,,7.0,,,0.0,,-9.32000732422,0.0,196.5,,,,
121.55327787,560,412,1500600,42.2774719444,-83.6990344444,45.0,44.5599975586,3360.0,,7.0,,,0.0,,26.3599853516,0.0,196.5,,,,
121.55327787,560,412,1501300,42.2774719444,-83.6990344444,45.0,44.5599975586,3650.0,,7.0,,,0.0,,26.3599853516,0.0,196.5,,,,
121.55327787,560,412,1501400,42.2774719444,-83.6990344444,45.0,44.2799987793,3650.0,,7.0,,,0.0,,26.3599853516,0.0,196.5,,,,
121.55327787,560,412,1501600,42.2774719444,-83.6990344444,50.0,44.2799987793,3650.0,,7.0,,,0.0,,3.38000488281,0.0,196.5,,,,
121.55327787,560,412,1502000,42.2770677778,-83.6989916667,50.0,44.2799987793,3650.0,,7.0,,,0.0,,3.38000488281,0.0,196.5,,,,
121.55327787,560,412,1502600,42.2770677778,-83.6989916667,55.0,44.2799987793,3650.0,,7.0,,,0.0,,3.38000488281,0.0,196.5,,,,
121.55327787,560,412,1502700,42.2770677778,-83.6989916667,55.0,44.2799987793,3650.0,,7.0,,,0.0,,-12.2600097656,0.0,196.5,,,,
121.55327787,560,412,1503300,42.2770677778,-83.6989916667,55.0,44.2799987793,2989.0,,7.0,,,0.0,,-12.2600097656,0.0,197.0,,,,
121.55327787,560,412,1503400,42.2770677778,-83.6989916667,55.0,30.4299983978,2989.0,,7.0,,,0.0,,-12.2600097656,0.0,197.0,,,,
121.55327787,560,412,1503600,42.2770677778,-83.6989916667,59.0,30.4299983978,2989.0,,7.0,,,0.0,,-12.2600097656,0.0,197.0,,,,
121.55327787,560,412,1503700,42.2770677778,-83.6989916667,59.0,30.4299983978,2989.0,,7.0,,,0.0,,-18.6099853516,0.0,197.0,,,,
121.55327787,560,412,1504700,42.2770677778,-83.6989916667,61.0,30.4299983978,2989.0,,7.0,,,0.0,,-18.6099853516,0.0,197.0,,,,
121.55327787,560,412,1504800,42.2766255556,-83.6989266667,61.0,30.4299983978,2989.0,,7.0,,,0.0,,-10.7900085449,0.0,197.0,,,,
121.55327787,560,412,1505300,42.2766255556,-83.6989266667,61.0,30.4299983978,2703.0,,7.0,,,0.0,,-10.7900085449,0.0,197.0,,,,
121.55327787,560,412,1505400,42.2766255556,-83.6989266667,61.0,25.2299995422,2703.0,,7.0,,,0.0,,-10.7900085449,0.0,197.0,,,,
121.55327787,560,412,1505700,42.2766255556,-83.6989266667,64.0,25.2299995422,2703.0,,7.0,,,0.0,,-10.7900085449,0.0,197.0,,,,
121.55327787,560,412,1505800,42.2766255556,-83.6989266667,64.0,25.2299995422,2703.0,,7.0,,,0.0,,64.4800109863,0.0,197.0,,,,
121.55327787,560,412,1506800,42.2766255556,-83.6989266667,65.0,25.2299995422,2703.0,,7.0,,,0.0,,24.8900146484,0.0,197.0,,,,
121.55327787,560,412,1507300,42.2766255556,-83.6989266667,65.0,25.2299995422,1985.0,,7.0,,,0.0,,24.8900146484,0.0,197.0,,,,
121.55327787,560,412,1507400,42.2766255556,-83.6989266667,65.0,17.0900001526,1985.0,,7.0,,,0.0,,24.8900146484,0.0,197.0,,,,
121.55327787,560,412,1507800,42.2766255556,-83.6989266667,66.0,17.0900001526,1985.0,,7.0,,,0.0,,24.8900146484,0.0,197.0,,,,
121.55327787,560,412,1507900,42.2761372222,-83.6988775,66.0,17.0900001526,1985.0,,7.0,,,0.0,,-10.7900085449,0.0,197.0,,,,
121.55327787,560,412,1508400,42.2761372222,-83.6988775,66.0,17.0900001526,1985.0,,7.0,,,0.0,,-10.7900085449,0.0,198.0,,,,
121.55327787,560,412,1508900,42.2761372222,-83.6988775,66.0,17.0900001526,1985.0,,7.0,,,0.0,,9.25,0.0,198.0,,,,
121.55327787,560,412,1509300,42.2761372222,-83.6988775,66.0,17.0900001526,2003.0,,7.0,,,0.0,,9.25,0.0,198.0,,,,
121.55327787,560,412,1509400,42.2761372222,-83.6988775,66.0,17.1199989319,2003.0,,7.0,,,0.0,,9.25,0.0,198.0,,,,
121.55327787,560,412,1509900,42.2761372222,-83.6988775,67.0,17.1199989319,2003.0,,7.0,,,0.0,,9.25,0.0,198.0,,,,
121.55327787,560,412,1510000,42.2761372222,-83.6988775,67.0,17.1199989319,2003.0,,7.0,,,0.0,,-1.01000976563,0.0,198.0,,,,
121.55327787,560,412,1510800,42.2756238889,-83.6988402778,67.0,17.1199989319,2003.0,,7.0,,,0.0,,-1.01000976563,0.0,198.0,,,,
121.55327787,560,412,1511300,42.2756238889,-83.6988402778,67.0,17.1199989319,1553.0,,7.0,,,0.0,,-1.01000976563,0.0,198.0,,,,
121.55327787,560,412,1511400,42.2756238889,-83.6988402778,67.0,13.0699996948,1553.0,,7.0,,,0.0,,-1.01000976563,0.0,198.0,,,,
121.55327787,560,412,1512000,42.2756238889,-83.6988402778,67.0,13.0699996948,1553.0,,7.0,,,0.0,,0.450012207031,0.0,198.0,,,,
121.55327787,560,412,1513100,42.2756238889,-83.6988402778,67.0,13.0699996948,1553.0,,7.0,,,0.0,,-0.529998779297,0.0,198.0,,,,
121.55327787,560,412,1513300,42.2756238889,-83.6988402778,67.0,13.0699996948,1494.0,,7.0,,,0.0,,-0.529998779297,0.0,198.0,,,,
121.55327787,560,412,1513400,42.2756238889,-83.6988402778,67.0,12.4600000381,1494.0,,7.0,,,0.0,,-0.529998779297,0.0,198.0,,,,
121.55327787,560,412,1513900,42.2751119444,-83.6987911111,67.0,12.4600000381,1494.0,,7.0,,,0.0,,-0.529998779297,0.0,198.0,,,,
121.55327787,560,412,1514000,42.2751119444,-83.6987911111,66.0,12.4600000381,1494.0,,7.0,,,0.0,,-0.529998779297,0.0,198.0,,,,
121.55327787,560,412,1514200,42.2751119444,-83.6987911111,66.0,12.4600000381,1494.0,,7.0,,,0.0,,5.82998657227,0.0,198.0,,,,
121.55327787,560,412,1515200,42.2751119444,-83.6987911111,66.0,12.4600000381,1494.0,,7.0,,,0.0,,1.42999267578,0.0,198.0,,,,
121.55327787,560,412,1515400,42.2751119444,-83.6987911111,66.0,12.4600000381,1522.0,,7.0,,,0.0,,1.42999267578,0.0,198.0,,,,
121.55327787,560,412,1515500,42.2751119444,-83.6987911111,66.0,12.8099994659,1522.0,,7.0,,,0.0,,1.42999267578,0.0,198.0,,,,
121.55327787,560,412,1516300,42.2751119444,-83.6987911111,66.0,12.8099994659,1522.0,,7.0,,,0.0,,1.92001342773,0.0,198.0,,,,
121.55327787,560,412,1516900,42.2745966667,-83.6987355556,66.0,12.8099994659,1522.0,,7.0,,,0.0,,1.92001342773,0.0,198.0,,,,
121.55327787,560,412,1517400,42.2745966667,-83.6987355556,66.0,12.8099994659,1522.0,,7.0,,,0.0,,-3.45999145508,0.0,198.0,,,,
121.55327787,560,412,1517500,42.2745966667,-83.6987355556,66.0,11.9600000381,1522.0,,7.0,,,0.0,,-3.45999145508,0.0,198.0,,,,
121.55327787,560,412,1518400,42.2745966667,-83.6987355556,66.0,11.9600000381,1522.0,,7.0,,,0.0,,1.92001342773,0.0,198.5,,,,
121.55327787,560,412,1519400,42.2745966667,-83.6987355556,66.0,11.9600000381,1045.0,,7.0,,,0.0,,-6.39001464844,0.0,198.5,,,,
121.55327787,560,412,1519500,42.2745966667,-83.6987355556,66.0,8.3499994278,1045.0,,7.0,,,0.0,,-6.39001464844,0.0,198.5,,,,
121.55327787,560,412,1519900,42.2740930556,-83.6986802778,66.0,8.3499994278,1045.0,,7.0,,,0.0,,-6.39001464844,0.0,198.5,,,,
121.55327787,560,412,1520500,42.2740930556,-83.6986802778,66.0,8.3499994278,1045.0,,7.0,,,0.0,,-1.5,0.0,198.5,,,,
121.55327787,560,412,1521400,42.2740930556,-83.6986802778,66.0,8.3499994278,1130.0,,7.0,,,0.0,,-1.5,0.0,198.5,,,,
121.55327787,560,412,1522500,42.2740930556,-83.6986802778,67.0,8.3499994278,1130.0,,7.0,,,0.0,,-1.5,0.0,198.5,,,,
121.55327787,560,412,1522600,42.2740930556,-83.6986802778,67.0,8.3499994278,1130.0,,7.0,,,0.0,,-1.98999023438,0.0,198.5,,,,
121.55327787,560,412,1522900,42.2735877778,-83.6986283333,67.0,8.3499994278,1130.0,,7.0,,,0.0,,-1.98999023438,0.0,198.5,,,,
121.55327787,560,412,1523400,42.2735877778,-83.6986283333,67.0,8.3499994278,1097.0,,7.0,,,0.0,,-1.98999023438,0.0,198.0,,,,
121.55327787,560,412,1523500,42.2735877778,-83.6986283333,67.0,7.06999969482,1097.0,,7.0,,,0.0,,-1.98999023438,0.0,198.0,,,,
121.55327787,560,412,1524600,42.2735877778,-83.6986283333,67.0,7.06999969482,1097.0,,7.0,,,0.0,,-5.41000366211,0.0,198.0,,,,
121.55327787,560,412,1525400,42.2735877778,-83.6986283333,67.0,7.06999969482,253.0,,7.0,,,0.0,,-5.41000366211,0.0,198.0,,,,
121.55327787,560,412,1525500,42.2735877778,-83.6986283333,67.0,1.13999998569,253.0,,7.0,,,0.0,,-5.41000366211,0.0,198.0,,,,
121.55327787,560,412,1525700,42.2735877778,-83.6986283333,67.0,1.13999998569,253.0,,7.0,,,0.0,,-7.85998535156,0.0,198.0,,,,
121.55327787,560,412,1525800,42.2730894444,-83.6985458333,67.0,1.13999998569,253.0,,7.0,,,0.0,,-7.85998535156,0.0,198.0,,,,
121.55327787,560,412,1526600,42.2730894444,-83.6985458333,66.0,1.13999998569,253.0,,7.0,,,0.0,,-7.85998535156,0.0,198.0,,,,
121.55327787,560,412,1526700,42.2730894444,-83.6985458333,66.0,1.13999998569,253.0,,7.0,,,0.0,,24.3999938965,0.0,198.0,,,,
121.55327787,560,412,1527400,42.2730894444,-83.6985458333,66.0,1.13999998569,0.0,,7.0,,,0.0,,24.3999938965,0.0,198.0,,,,
121.55327787,560,412,1527500,42.2730894444,-83.6985458333,66.0,0.199999988079,0.0,,7.0,,,0.0,,24.3999938965,0.0,198.0,,,,
121.55327787,560,412,1527800,42.2730894444,-83.6985458333,66.0,0.199999988079,0.0,,7.0,,,0.0,,22.450012207,0.0,198.0,,,,
121.55327787,560,412,1528500,42.2730894444,-83.6985458333,66.0,0.199999988079,0.0,,7.0,,,0.0,,22.450012207,0.0,202.5,,,,
121.55327787,560,412,1528700,42.2730894444,-83.6985458333,65.0,0.199999988079,0.0,,7.0,,,0.0,,22.450012207,0.0,202.5,,,,
121.55327787,560,412,1528800,42.2730894444,-83.6985458333,65.0,0.199999988079,0.0,,7.0,,,0.0,,28.799987793,0.0,202.5,,,,
121.55327787,560,412,1528900,42.2726094444,-83.6983675,65.0,0.199999988079,0.0,,7.0,,,0.0,,28.799987793,0.0,202.5,,,,
121.55327787,560,412,1529800,42.2726094444,-83.6983675,65.0,0.199999988079,0.0,,7.0,,,0.0,,16.5799865723,0.0,202.5,,,,
121.55327787,560,412,1530900,42.2726094444,-83.6983675,65.0,0.199999988079,0.0,,7.0,,,0.0,,58.6099853516,0.0,202.5,,,,
121.55327787,560,412,1531400,42.2726094444,-83.6983675,65.0,0.199999988079,1079.0,,7.0,,,0.0,,58.6099853516,0.0,202.5,,,,
121.55327787,560,412,1531500,42.2726094444,-83.6983675,65.0,0.810000002384,1079.0,,7.0,,,0.0,,58.6099853516,0.0,202.5,,,,
121.55327787,560,412,1531800,42.2721702778,-83.698065,65.0,0.810000002384,1079.0,,7.0,,,0.0,,58.6099853516,0.0,202.5,,,,
121.55327787,560,412,1531900,42.2721702778,-83.698065,65.0,0.810000002384,1079.0,,7.0,,,0.0,,23.9100036621,0.0,202.5,,,,
121.55327787,560,412,1532900,42.2721702778,-83.698065,64.0,0.810000002384,1079.0,,7.0,,,0.0,,23.9100036621,0.0,202.5,,,,
121.55327787,560,412,1533000,42.2721702778,-83.698065,64.0,0.810000002384,1079.0,,7.0,,,0.0,,26.3599853516,0.0,202.5,,,,
121.55327787,560,412,1533400,42.2721702778,-83.698065,64.0,0.810000002384,0.0,,7.0,,,0.0,,26.3599853516,0.0,202.5,,,,
121.55327787,560,412,1533500,42.2721702778,-83.698065,64.0,0.919999957085,0.0,,7.0,,,0.0,,26.3599853516,0.0,207.5,,,,
121.55327787,560,412,1534000,42.2721702778,-83.698065,64.0,0.919999957085,0.0,,7.0,,,0.0,,83.5399932861,0.0,207.5,,,,
121.55327787,560,412,1535000,42.2721702778,-83.698065,60.0,0.919999957085,0.0,,7.0,,,0.0,,138.770004272,0.0,207.5,,,,
121.55327787,560,412,1535500,42.2721702778,-83.698065,60.0,0.199999988079,0.0,,7.0,,,0.0,,138.770004272,0.0,207.5,,,,
121.55327787,560,412,1535800,42.2716225,-83.6976444444,60.0,0.199999988079,0.0,,7.0,,,0.0,,138.770004272,0.0,207.5,,,,
121.55327787,560,412,1536000,42.2716225,-83.6976444444,56.0,0.199999988079,0.0,,7.0,,,0.0,,138.770004272,0.0,207.5,,,,
121.55327787,560,412,1536100,42.2716225,-83.6976444444,56.0,0.199999988079,0.0,,7.0,,,0.0,,134.369995117,0.0,207.5,,,,
121.55327787,560,412,1537000,42.2716225,-83.6976444444,52.0,0.199999988079,0.0,,7.0,,,0.0,,134.369995117,0.0,207.5,,,,
121.55327787,560,412,1537100,42.2716225,-83.6976444444,52.0,0.199999988079,0.0,,7.0,,,0.0,,114.819992065,0.0,207.5,,,,
121.55327787,560,412,1537500,42.2716225,-83.6976444444,52.0,0.179999992251,0.0,,7.0,,,0.0,,114.819992065,0.0,207.5,,,,
121.55327787,560,412,1537900,42.2714044444,-83.6974819444,52.0,0.179999992251,0.0,,7.0,,,0.0,,114.819992065,0.0,207.5,,,,
121.55327787,560,412,1538100,42.2714044444,-83.6974819444,46.0,0.179999992251,0.0,,7.0,,,0.0,,114.819992065,0.0,207.5,,,,
121.55327787,560,412,1538200,42.2714044444,-83.6974819444,46.0,0.179999992251,0.0,,7.0,,,0.0,,43.4599914551,0.0,207.5,,,,
121.55327787,560,412,1538600,42.2714044444,-83.6974819444,46.0,0.179999992251,0.0,,7.0,,,0.0,,43.4599914551,0.0,202.5,,,,
121.55327787,560,412,1539100,42.2714044444,-83.6974819444,43.0,0.179999992251,0.0,,7.0,,,0.0,,43.4599914551,0.0,202.5,,,,
121.55327787,560,412,1539200,42.2714044444,-83.6974819444,43.0,0.179999992251,0.0,,7.0,,,0.0,,18.5400085449,0.0,202.5,,,,
121.55327787,560,412,1540200,42.2714044444,-83.6974819444,42.0,0.179999992251,0.0,,7.0,,,0.0,,20.0,0.0,202.5,,,,
121.55327787,560,412,1541200,42.2714044444,-83.6974819444,40.0,0.179999992251,0.0,,7.0,,,0.0,,20.0,0.0,202.5,,,,
121.55327787,560,412,1541300,42.2714044444,-83.6974819444,40.0,0.179999992251,0.0,,7.0,,,0.0,,17.5599975586,0.0,202.5,,,,
121.55327787,560,412,1541800,42.2709977778,-83.69726,40.0,0.179999992251,0.0,,7.0,,,0.0,,17.5599975586,0.0,202.5,,,,
121.55327787,560,412,1542200,42.2709977778,-83.69726,38.0,0.179999992251,0.0,,7.0,,,0.0,,17.5599975586,0.0,202.5,,,,
121.55327787,560,412,1542300,42.2709977778,-83.69726,38.0,0.179999992251,0.0,,7.0,,,0.0,,15.6000061035,0.0,202.5,,,,
121.55327787,560,412,1543300,42.2709977778,-83.69726,36.0,0.179999992251,0.0,,7.0,,,0.0,,15.6000061035,0.0,202.5,,,,
121.55327787,560,412,1543400,42.2709977778,-83.69726,36.0,0.179999992251,0.0,,7.0,,,0.0,,6.32000732422,0.0,202.5,,,,
121.55327787,560,412,1543600,42.2709977778,-83.69726,36.0,0.179999992251,0.0,,7.0,,,0.0,,6.32000732422,0.0,196.5,,,,
121.55327787,560,412,1544300,42.2709977778,-83.69726,35.0,0.179999992251,0.0,,7.0,,,0.0,,6.32000732422,0.0,196.5,,,,
121.55327787,560,412,1544400,42.2709977778,-83.69726,35.0,0.179999992251,0.0,,7.0,,,0.0,,-34.7399902344,0.0,196.5,,,,
121.55327787,560,412,1544900,42.2707963889,-83.6970413889,35.0,0.179999992251,0.0,,7.0,,,0.0,,-34.7399902344,0.0,196.5,,,,
121.55327787,560,412,1545400,42.2707963889,-83.6970413889,34.0,0.179999992251,0.0,,7.0,,,0.0,,-59.1799926758,0.0,196.5,,,,
121.55327787,560,412,1546400,42.2707963889,-83.6970413889,36.0,0.179999992251,0.0,,7.0,,,0.0,,-59.1799926758,0.0,196.5,,,,
121.55327787,560,412,1546500,42.2707963889,-83.6970413889,36.0,0.179999992251,0.0,,7.0,,,0.0,,-29.8500061035,0.0,196.5,,,,
121.55327787,560,412,1547400,42.2707963889,-83.6970413889,41.0,0.179999992251,1975.0,,7.0,,,0.0,,-29.8500061035,0.0,196.5,,,,
121.55327787,560,412,1547500,42.2707963889,-83.6970413889,41.0,18.3199996948,1975.0,,7.0,,,0.0,,7.7799987793,0.0,196.5,,,,
121.55327787,560,412,1547800,42.2707275,-83.6966491667,41.0,18.3199996948,1975.0,,7.0,,,0.0,,7.7799987793,0.0,196.5,,,,
121.55327787,560,412,1548500,42.2707275,-83.6966491667,44.0,18.3199996948,1975.0,,7.0,,,0.0,,7.7799987793,0.0,196.5,,,,
121.55327787,560,412,1548600,42.2707275,-83.6966491667,44.0,18.3199996948,1975.0,,7.0,,,0.0,,-8.35000610352,0.0,198.0,,,,
121.55327787,560,412,1549400,42.2707275,-83.6966491667,44.0,18.3199996948,2143.0,,7.0,,,0.0,,-8.35000610352,0.0,198.0,,,,
121.55327787,560,412,1549600,42.2707275,-83.6966491667,46.0,17.6800003052,2143.0,,7.0,,,0.0,,-8.35000610352,0.0,198.0,,,,
121.55327787,560,412,1549700,42.2707275,-83.6966491667,46.0,17.6800003052,2143.0,,7.0,,,0.0,,-9.80999755859,0.0,198.0,,,,
121.55327787,560,412,1550600,42.2707275,-83.6966491667,48.0,17.6800003052,2143.0,,7.0,,,0.0,,-9.80999755859,0.0,198.0,,,,
121.55327787,560,412,1550800,42.2705966667,-83.6961966667,48.0,17.6800003052,2143.0,,7.0,,,0.0,,-2.9700012207,0.0,198.0,,,,
121.55327787,560,412,1551500,42.2705966667,-83.6961966667,48.0,17.6800003052,2217.0,,7.0,,,0.0,,-2.9700012207,0.0,198.0,,,,
121.55327787,560,412,1551600,42.2705966667,-83.6961966667,52.0,18.8400001526,2217.0,,7.0,,,0.0,,-2.9700012207,0.0,198.0,,,,
121.55327787,560,412,1551800,42.2705966667,-83.6961966667,52.0,18.8400001526,2217.0,,7.0,,,0.0,,-7.36999511719,0.0,198.0,,,,
121.55327787,560,412,1552700,42.2705966667,-83.6961966667,54.0,18.8400001526,2217.0,,7.0,,,0.0,,-7.36999511719,0.0,198.0,,,,
121.55327787,560,412,1552800,42.2705966667,-83.6961966667,54.0,18.8400001526,2217.0,,7.0,,,0.0,,-9.80999755859,0.0,198.0,,,,
121.55327787,560,412,1553500,42.2705966667,-83.6961966667,54.0,18.8400001526,1350.0,,7.0,,,0.0,,-9.80999755859,0.0,198.0,,,,
121.55327787,560,412,1553600,42.2705966667,-83.6961966667,54.0,10.279999733,1350.0,,7.0,,,0.0,,-9.80999755859,1.0,201.5,,,,
121.55327787,560,412,1553700,42.2705966667,-83.6961966667,55.0,10.279999733,1350.0,,7.0,,,0.0,,-9.80999755859,1.0,201.5,,,,
121.55327787,560,412,1553900,42.2704194444,-83.69572,55.0,10.279999733,1350.0,,7.0,,,0.0,,9.73999023438,1.0,201.5,,,,
121.55327787,560,412,1554900,42.2704194444,-83.69572,55.0,10.279999733,1350.0,,7.0,,,0.0,,-0.0400085449219,1.0,201.5,,,,
121.55327787,560,412,1555500,42.2704194444,-83.69572,55.0,10.279999733,1163.0,,7.0,,,0.0,,-0.0400085449219,1.0,201.5,,,,
121.55327787,560,412,1555600,42.2704194444,-83.69572,55.0,9.01000022888,1163.0,,7.0,,,0.0,,-0.0400085449219,1.0,201.5,,,,
121.55327787,560,412,1555800,42.2704194444,-83.69572,56.0,9.01000022888,1163.0,,7.0,,,0.0,,-0.0400085449219,1.0,201.5,,,,
121.55327787,560,412,1556000,42.2704194444,-83.69572,56.0,9.01000022888,1163.0,,7.0,,,0.0,,-11.2799987793,1.0,201.5,,,,
121.55327787,560,412,1556800,42.2704194444,-83.69572,57.0,9.01000022888,1163.0,,7.0,,,0.0,,-11.2799987793,1.0,201.5,,,,
121.55327787,560,412,1557000,42.2702291667,-83.6952041667,57.0,9.01000022888,1163.0,,7.0,,,0.0,,-3.45999145508,1.0,201.5,,,,
121.55327787,560,412,1557500,42.2702291667,-83.6952041667,57.0,9.01000022888,1192.0,,7.0,,,0.0,,-3.45999145508,1.0,201.5,,,,
121.55327787,560,412,1557600,42.2702291667,-83.6952041667,57.0,9.14999961853,1192.0,,7.0,,,0.0,,-3.45999145508,1.0,201.5,,,,
121.55327787,560,412,1557900,42.2702291667,-83.6952041667,58.0,9.14999961853,1192.0,,7.0,,,0.0,,-3.45999145508,1.0,201.5,,,,
121.55327787,560,412,1558000,42.2702291667,-83.6952041667,58.0,9.14999961853,1192.0,,7.0,,,0.0,,-2.48001098633,1.0,201.5,,,,
121.55327787,560,412,1558700,42.2702291667,-83.6952041667,58.0,9.14999961853,1192.0,,7.0,,,0.0,,-2.48001098633,1.0,199.0,,,,
121.55327787,560,412,1558900,42.2702291667,-83.6952041667,60.0,9.14999961853,1192.0,,7.0,,,0.0,,-2.48001098633,1.0,199.0,,,,
121.55327787,560,412,1559100,42.2702291667,-83.6952041667,60.0,9.14999961853,1192.0,,7.0,,,0.0,,-1.98999023438,1.0,199.0,,,,
121.55327787,560,412,1559500,42.2702291667,-83.6952041667,60.0,9.14999961853,1066.0,,7.0,,,0.0,,-1.98999023438,1.0,199.0,,,,
121.55327787,560,412,1559600,42.2702291667,-83.6952041667,60.0,7.89999961853,1066.0,,7.0,,,0.0,,-1.98999023438,1.0,199.0,,,,
121.55327787,560,412,1559800,42.2700177778,-83.6946586111,60.0,7.89999961853,1066.0,,7.0,,,0.0,,-1.98999023438,1.0,199.0,,,,
121.55327787,560,412,1560000,42.2700177778,-83.6946586111,61.0,7.89999961853,1066.0,,7.0,,,0.0,,-1.98999023438,1.0,199.0,,,,
121.55327787,560,412,1560100,42.2700177778,-83.6946586111,61.0,7.89999961853,1066.0,,7.0,,,0.0,,-8.82998657227,1.0,199.0,,,,
121.55327787,560,412,1561200,42.2700177778,-83.6946586111,61.0,7.89999961853,1066.0,,7.0,,,0.0,,-6.39001464844,1.0,199.0,,,,
121.55327787,560,412,1561500,42.2700177778,-83.6946586111,61.0,7.89999961853,1200.0,,7.0,,,0.0,,-6.39001464844,1.0,199.0,,,,
121.55327787,560,412,1561600,42.2700177778,-83.6946586111,61.0,9.21000003815,1200.0,,7.0,,,0.0,,-6.39001464844,1.0,199.0,,,,
121.55327787,560,412,1562000,42.2700177778,-83.6946586111,62.0,9.21000003815,1200.0,,7.0,,,0.0,,-6.39001464844,1.0,199.0,,,,
121.55327787,560,412,1562200,42.2700177778,-83.6946586111,62.0,9.21000003815,1200.0,,7.0,,,0.0,,1.92001342773,1.0,199.0,,,,
121.55327787,560,412,1562900,42.2697944444,-83.6940991667,62.0,9.21000003815,1200.0,,7.0,,,0.0,,1.92001342773,1.0,199.0,,,,
121.55327787,560,412,1563200,42.2697944444,-83.6940991667,62.0,9.21000003815,1200.0,,7.0,,,0.0,,-2.9700012207,1.0,199.0,,,,
121.55327787,560,412,1563500,42.2697944444,-83.6940991667,62.0,9.21000003815,1247.0,,7.0,,,0.0,,-2.9700012207,1.0,199.0,,,,
121.55327787,560,412,1563600,42.2697944444,-83.6940991667,62.0,9.5,1247.0,,7.0,,,0.0,,-2.9700012207,1.0,199.0,,,,
121.55327787,560,412,1563700,42.2697944444,-83.6940991667,62.0,9.5,1247.0,,7.0,,,0.0,,-2.9700012207,1.0,198.0,,,,
121.55327787,560,412,1564100,42.2697944444,-83.6940991667,63.0,9.5,1247.0,,7.0,,,0.0,,-2.9700012207,1.0,198.0,,,,
121.55327787,560,412,1564300,42.2697944444,-83.6940991667,63.0,9.5,1247.0,,7.0,,,0.0,,-9.32000732422,1.0,198.0,,,,
121.55327787,560,412,1565300,42.2697944444,-83.6940991667,63.0,9.5,1247.0,,7.0,,,0.0,,-5.89999389648,1.0,198.0,,,,
121.55327787,560,412,1565500,42.2697944444,-83.6940991667,63.0,9.5,1209.0,,7.0,,,0.0,,-5.89999389648,1.0,198.0,,,,
121.55327787,560,412,1565600,42.2697944444,-83.6940991667,63.0,8.06999969482,1209.0,,7.0,,,0.0,,-5.89999389648,1.0,198.0,,,,
121.55327787,560,412,1565900,42.2695638889,-83.6935263889,63.0,8.06999969482,1209.0,,7.0,,,0.0,,-5.89999389648,1.0,198.0,,,,
121.55327787,560,412,1566400,42.2695638889,-83.6935263889,63.0,8.06999969482,1209.0,,7.0,,,0.0,,-1.98999023438,1.0,198.0,,,,
121.55327787,560,412,1567200,42.2695638889,-83.6935263889,64.0,8.06999969482,1209.0,,7.0,,,0.0,,-1.98999023438,1.0,198.0,,,,
121.55327787,560,412,1567400,42.2695638889,-83.6935263889,64.0,8.06999969482,1209.0,,7.0,,,0.0,,-11.7699890137,1.0,198.0,,,,
121.55327787,560,412,1567500,42.2695638889,-83.6935263889,64.0,8.06999969482,1176.0,,7.0,,,0.0,,-11.7699890137,1.0,198.0,,,,
121.55327787,560,412,1567600,42.2695638889,-83.6935263889,64.0,8.61999988556,1176.0,,7.0,,,0.0,,-11.7699890137,1.0,198.0,,,,
121.55327787,560,412,1568400,42.2695638889,-83.6935263889,64.0,8.61999988556,1176.0,,7.0,,,0.0,,-3.95001220703,1.0,198.0,,,,
121.55327787,560,412,1568900,42.2693291667,-83.6929461111,64.0,8.61999988556,1176.0,,7.0,,,0.0,,-3.95001220703,1.0,198.0,,,,
121.55327787,560,412,1569300,42.2693291667,-83.6929461111,65.0,8.61999988556,1176.0,,7.0,,,0.0,,-3.95001220703,1.0,198.0,,,,
121.55327787,560,412,1569500,42.2693291667,-83.6929461111,65.0,8.61999988556,1142.0,,7.0,,,0.0,,-2.48001098633,1.0,198.0,,,,
121.55327787,560,412,1569600,42.2693291667,-83.6929461111,65.0,8.39999961853,1142.0,,7.0,,,0.0,,-2.48001098633,1.0,198.0,,,,
121.55327787,560,412,1570500,42.2693291667,-83.6929461111,65.0,8.39999961853,1142.0,,7.0,,,0.0,,2.41000366211,1.0,198.0,,,,
121.55327787,560,412,1571500,42.2693291667,-83.6929461111,65.0,8.39999961853,1019.0,,7.0,,,0.0,,2.41000366211,1.0,198.0,,,,
121.55327787,560,412,1571600,42.2693291667,-83.6929461111,65.0,4.84999990463,1019.0,,7.0,,,0.0,,-4.44000244141,1.0,198.0,,,,
121.55327787,560,412,1571900,42.2690875,-83.6923527778,65.0,4.84999990463,1019.0,,7.0,,,0.0,,-4.44000244141,1.0,198.0,,,,
121.55327787,560,412,1572600,42.2690875,-83.6923527778,65.0,4.84999990463,1019.0,,7.0,,,0.0,,-15.6799926758,1.0,198.0,,,,
121.55327787,560,412,1573500,42.2690875,-83.6923527778,65.0,4.84999990463,1000.0,,7.0,,,0.0,,-15.6799926758,1.0,198.0,,,,
121.55327787,560,412,1573600,42.2690875,-83.6923527778,65.0,2.38999986649,1000.0,,7.0,,,0.0,,9.25,1.0,198.0,,,,
121.55327787,560,412,1573800,42.2690875,-83.6923527778,65.0,2.38999986649,1000.0,,7.0,,,0.0,,9.25,1.0,201.0,,,,
121.55327787,560,412,1574500,42.2690875,-83.6923527778,64.0,2.38999986649,1000.0,,7.0,,,0.0,,9.25,1.0,201.0,,,,
121.55327787,560,412,1574700,42.2690875,-83.6923527778,64.0,2.38999986649,1000.0,,7.0,,,0.0,,28.3099975586,1.0,201.0,,,,
121.55327787,560,412,1574900,42.2688580556,-83.6917694444,64.0,2.38999986649,1000.0,,7.0,,,0.0,,28.3099975586,1.0,201.0,,,,
121.55327787,560,412,1575500,42.2688580556,-83.6917694444,64.0,2.38999986649,0.0,,7.0,,,0.0,,28.3099975586,1.0,201.0,,,,
121.55327787,560,412,1575600,42.2688580556,-83.6917694444,63.0,1.37000000477,0.0,,7.0,,,0.0,,28.3099975586,1.0,201.0,,,,
121.55327787,560,412,1575700,42.2688580556,-83.6917694444,63.0,1.37000000477,0.0,,7.0,,,0.0,,27.3299865723,1.0,201.0,,,,
121.55327787,560,412,1576600,42.2688580556,-83.6917694444,62.0,1.37000000477,0.0,,7.0,,,0.0,,27.3299865723,1.0,201.0,,,,
121.55327787,560,412,1576800,42.2688580556,-83.6917694444,62.0,1.37000000477,0.0,,7.0,,,0.0,,-26.4299926758,1.0,201.0,,,,
121.55327787,560,412,1577600,42.2688580556,-83.6917694444,61.0,0.199999988079,0.0,,7.0,,,0.0,,-26.4299926758,1.0,201.0,,,,
121.55327787,560,412,1577800,42.2688580556,-83.6917694444,61.0,0.199999988079,0.0,,7.0,,,0.0,,-29.8500061035,1.0,201.0,,,,
121.55327787,560,412,1578000,42.2686327778,-83.6912047222,61.0,0.199999988079,0.0,,7.0,,,0.0,,-29.8500061035,1.0,201.0,,,,
121.55327787,560,412,1578800,42.2686327778,-83.6912047222,61.0,0.199999988079,0.0,,7.0,,,0.0,,-29.8500061035,1.0,196.0,,,,
121.55327787,560,412,1579600,42.2686327778,-83.6912047222,61.0,0.179999992251,0.0,,7.0,,,0.0,,-29.8500061035,1.0,196.0,,,,
121.55327787,560,412,1579700,42.2686327778,-83.6912047222,62.0,0.179999992251,0.0,,7.0,,,0.0,,-29.8500061035,1.0,196.0,,,,
121.55327787,560,412,1579900,42.2686327778,-83.6912047222,62.0,0.179999992251,0.0,,7.0,,,0.0,,-27.4100036621,1.0,196.0,,,,
121.55327787,560,412,1580800,42.2683908333,-83.6906683333,61.0,0.179999992251,0.0,,7.0,,,0.0,,-27.4100036621,1.0,196.0,,,,
121.55327787,560,412,1580900,42.2683908333,-83.6906683333,61.0,0.179999992251,0.0,,7.0,,,0.0,,-26.4299926758,1.0,196.0,,,,
121.55327787,560,412,1582000,42.2683908333,-83.6906683333,61.0,0.179999992251,0.0,,7.0,,,0.0,,-28.3800048828,1.0,196.0,,,,
121.55327787,560,412,1583000,42.2683908333,-83.6906683333,61.0,0.179999992251,0.0,,7.0,,,0.0,,-5.41000366211,1.0,196.0,,,,
121.55327787,560,412,1583900,42.2681144444,-83.6901744444,61.0,0.179999992251,0.0,,7.0,,,0.0,,-5.41000366211,1.0,198.0,,,,
121.55327787,560,412,1584000,42.2681144444,-83.6901744444,60.0,0.179999992251,0.0,,7.0,,,0.0,,-5.41000366211,1.0,198.0,,,,
121.55327787,560,412,1585000,42.2681144444,-83.6901744444,58.0,0.179999992251,0.0,,7.0,,,0.0,,-5.41000366211,1.0,198.0,,,,
121.55327787,560,412,1585100,42.2681144444,-83.6901744444,58.0,0.179999992251,0.0,,7.0,,,0.0,,-8.35000610352,1.0,198.0,,,,
121.55327787,560,412,1586200,42.2681144444,-83.6901744444,58.0,0.179999992251,0.0,,7.0,,,0.0,,-18.6099853516,1.0,198.0,,,,
121.55327787,560,412,1587000,42.2678577778,-83.6897019444,58.0,0.179999992251,0.0,,7.0,,,0.0,,-18.6099853516,1.0,198.0,,,,
121.55327787,560,412,1587100,42.2678577778,-83.6897019444,56.0,0.179999992251,0.0,,7.0,,,0.0,,-18.6099853516,1.0,198.0,,,,
121.55327787,560,412,1587200,42.2678577778,-83.6897019444,56.0,0.179999992251,0.0,,7.0,,,0.0,,23.9100036621,1.0,198.0,,,,
121.55327787,560,412,1588200,42.2678577778,-83.6897019444,55.0,0.179999992251,0.0,,7.0,,,0.0,,24.3999938965,1.0,198.0,,,,
121.55327787,560,412,1588900,42.2678577778,-83.6897019444,55.0,0.179999992251,0.0,,7.0,,,0.0,,24.3999938965,1.0,201.5,,,,
121.55327787,560,412,1589200,42.2678577778,-83.6897019444,53.0,0.179999992251,0.0,,7.0,,,0.0,,24.3999938965,1.0,201.5,,,,
121.55327787,560,412,1589300,42.2678577778,-83.6897019444,53.0,0.179999992251,0.0,,7.0,,,0.0,,22.9400024414,1.0,201.5,,,,
121.55327787,560,412,1589800,42.2675966667,-83.6892927778,53.0,0.179999992251,0.0,,7.0,,,0.0,,22.9400024414,1.0,201.5,,,,
121.55327787,560,412,1590200,42.2675966667,-83.6892927778,48.0,0.179999992251,0.0,,7.0,,,0.0,,22.9400024414,1.0,201.5,,,,
121.55327787,560,412,1590300,42.2675966667,-83.6892927778,48.0,0.179999992251,0.0,,7.0,,,0.0,,121.660003662,1.0,201.5,,,,
121.55327787,560,412,1590600,42.2675966667,-83.6892927778,48.0,0.179999992251,0.0,,7.0,,,0.0,,121.660003662,1.0,201.5,,,,
121.55327787,560,412,1591300,42.2675966667,-83.6892927778,43.0,0.179999992251,0.0,,7.0,,,0.0,,121.660003662,1.0,201.5,,,,
121.55327787,560,412,1591400,42.2675966667,-83.6892927778,43.0,0.179999992251,0.0,,7.0,,,0.0,,72.3000030518,1.0,201.5,,,,
121.55327787,560,412,1592300,42.2675966667,-83.6892927778,40.0,0.179999992251,0.0,,7.0,,,0.0,,72.3000030518,1.0,201.5,,,,
121.55327787,560,412,1592400,42.2675966667,-83.6892927778,40.0,0.179999992251,0.0,,7.0,,,0.0,,17.5599975586,1.0,201.5,,,,
121.55327787,560,412,1592900,42.26738,-83.6889733333,40.0,0.179999992251,0.0,,7.0,,,0.0,,17.5599975586,1.0,201.5,,,,
121.55327787,560,412,1593400,42.26738,-83.6889733333,38.0,0.179999992251,0.0,,7.0,,,0.0,,17.0700073242,1.0,201.5,,,,
121.55327787,560,412,1593900,42.26738,-83.6889733333,38.0,0.179999992251,0.0,,7.0,,,0.0,,17.0700073242,1.0,207.0,,,,
121.55327787,560,412,1594400,42.26738,-83.6889733333,35.0,0.179999992251,0.0,,7.0,,,0.0,,17.0700073242,1.0,207.0,,,,
121.55327787,560,412,1594500,42.26738,-83.6889733333,35.0,0.179999992251,0.0,,7.0,,,0.0,,64.9700012207,1.0,207.0,,,,
121.55327787,560,412,1595400,42.26738,-83.6889733333,31.0,0.179999992251,0.0,,7.0,,,0.0,,64.9700012207,1.0,207.0,,,,
121.55327787,560,412,1595500,42.26738,-83.6889733333,31.0,0.179999992251,0.0,,7.0,,,0.0,,45.4200134277,1.0,207.0,,,,
121.55327787,560,412,1595900,42.2672352778,-83.6887544444,31.0,0.179999992251,0.0,,7.0,,,0.0,,45.4200134277,1.0,207.0,,,,
121.55327787,560,412,1596500,42.2672352778,-83.6887544444,24.0,0.179999992251,0.0,,7.0,,,0.0,,45.4200134277,1.0,207.0,,,,
121.55327787,560,412,1596600,42.2672352778,-83.6887544444,24.0,0.179999992251,0.0,,7.0,,,0.0,,76.6999969482,1.0,207.0,,,,
121.55327787,560,412,1597500,42.2672352778,-83.6887544444,18.0,0.179999992251,0.0,,7.0,,,0.0,,76.6999969482,1.0,207.0,,,,
121.55327787,560,412,1597600,42.2672352778,-83.6887544444,18.0,0.179999992251,0.0,,7.0,,,0.0,,50.3099975586,1.0,207.0,,,,
121.55327787,560,412,1598600,42.2672352778,-83.6887544444,13.0,0.179999992251,0.0,,7.0,,,0.0,,19.5100097656,1.0,207.0,,,,
121.55327787,560,412,1598900,42.2671444444,-83.6886341667,13.0,0.179999992251,0.0,,7.0,,,0.0,,19.5100097656,1.0,207.0,,,,
121.55327787,560,412,1599000,42.2671444444,-83.6886341667,13.0,0.179999992251,0.0,,7.0,,,0.0,,19.5100097656,1.0,201.0,,,,
121.55327787,560,412,1599600,42.2671444444,-83.6886341667,8.0,0.179999992251,0.0,,7.0,,,0.0,,19.5100097656,1.0,201.0,,,,
121.55327787,560,412,1599700,42.2671444444,-83.6886341667,8.0,0.179999992251,0.0,,7.0,,,0.0,,2.41000366211,1.0,201.0,,,,
121.55327787,560,412,1600600,42.2671444444,-83.6886341667,5.0,0.179999992251,0.0,,7.0,,,0.0,,2.41000366211,1.0,201.0,,,,
121.55327787,560,412,1600700,42.2671444444,-83.6886341667,5.0,0.179999992251,0.0,,7.0,,,0.0,,-2.48001098633,1.0,201.0,,,,
121.55327787,560,412,1601700,42.2671444444,-83.6886341667,4.0,0.179999992251,0.0,,7.0,,,0.0,,-2.48001098633,1.0,201.0,,,,
121.55327787,560,412,1602700,42.2671444444,-83.6886341667,3.0,0.179999992251,0.0,,7.0,,,0.0,,-2.48001098633,1.0,201.0,,,,
121.55327787,560,412,1602900,42.2671280556,-83.6885808333,3.0,0.179999992251,0.0,,7.0,,,0.0,,-2.48001098633,1.0,201.0,,,,
121.55327787,560,412,1604000,42.2671280556,-83.6885808333,3.0,0.179999992251,0.0,,7.0,,,0.0,,-2.48001098633,1.0,199.5,,,,
121.55327787,560,412,1604900,42.2671280556,-83.6885808333,3.0,0.179999992251,0.0,,7.0,,,0.0,,-2.9700012207,1.0,199.5,,,,
121.55327787,560,412,1605400,42.2671280556,-83.6885808333,0.0,0.179999992251,895.0,,7.0,,,0.0,,-2.9700012207,1.0,183.5,,,,
121.55327787,560,412,1605500,42.2671280556,-83.6885808333,0.0,4.23000001907,895.0,,7.0,,,150.0,,-133.959991455,1.0,183.5,,,,
121.55327787,560,412,1605600,42.2671280556,-83.6885808333,0.0,4.23000001907,895.0,,7.0,,,150.0,,-133.959991455,2.0,183.5,,,,
121.55327787,560,412,1606900,42.2671075,-83.6885455556,17.0,4.23000001907,895.0,,7.0,,,150.0,,-133.959991455,2.0,183.5,,,,
121.55327787,560,412,1607000,42.2671075,-83.6885455556,17.0,22.2099990845,2196.0,,7.0,,,150.0,,-133.959991455,2.0,183.5,,,,
121.55327787,560,412,1607500,42.2671075,-83.6885455556,17.0,22.2099990845,2196.0,,7.0,,,150.0,,36.1300048828,2.0,201.0,,,,
121.55327787,560,412,1609000,42.2671075,-83.6885455556,25.0,15.1399993896,1928.0,,7.0,,,150.0,,36.1300048828,2.0,201.0,,,,
121.55327787,560,412,1609600,42.2671075,-83.6885455556,25.0,15.1399993896,1928.0,,7.0,,,150.0,,10.7200012207,2.0,201.0,,,,
121.55327787,560,412,1609800,42.2670025,-83.68835,25.0,15.1399993896,1928.0,,7.0,,,150.0,,10.7200012207,2.0,201.0,,,,
121.55327787,560,412,1610000,42.2670025,-83.68835,29.0,15.1399993896,1928.0,,7.0,,,150.0,,10.7200012207,2.0,201.0,,,,
121.55327787,560,412,1610600,42.2670025,-83.68835,29.0,15.1399993896,1928.0,,7.0,,,150.0,,-17.1400146484,2.0,201.0,,,,
121.55327787,560,412,1611000,42.2670025,-83.68835,33.0,14.5699996948,1859.0,,7.0,,,150.0,,-17.1400146484,2.0,201.0,,,,
121.55327787,560,412,1611700,42.2670025,-83.68835,33.0,14.5699996948,1859.0,,7.0,,,150.0,,27.3299865723,2.0,201.0,,,,
121.55327787,560,412,1611900,42.2668719444,-83.6881675,33.0,14.5699996948,1859.0,,7.0,,,150.0,,27.3299865723,2.0,201.0,,,,
121.55327787,560,412,1612100,42.2668719444,-83.6881675,38.0,14.5699996948,1859.0,,7.0,,,150.0,,27.3299865723,2.0,201.0,,,,
121.55327787,560,412,1612500,42.2668719444,-83.6881675,38.0,14.5699996948,1859.0,,7.0,,,150.0,,27.3299865723,2.0,200.0,,,,
121.55327787,560,412,1612700,42.2668719444,-83.6881675,38.0,14.5699996948,1859.0,,7.0,,,150.0,,20.9800109863,2.0,200.0,,,,
121.55327787,560,412,1613000,42.2668719444,-83.6881675,38.0,0.919999957085,225.0,,7.0,,,150.0,,20.9800109863,2.0,200.0,,,,
121.55327787,560,412,1613100,42.2668719444,-83.6881675,39.0,0.919999957085,225.0,,7.0,,,150.0,,20.9800109863,2.0,200.0,,,,
121.55327787,560,412,1613800,42.2668719444,-83.6881675,39.0,0.919999957085,225.0,,7.0,,,150.0,,4.85000610352,2.0,200.0,,,,
121.55327787,560,412,1614800,42.2668719444,-83.6881675,39.0,0.919999957085,225.0,,7.0,,,150.0,,-5.89999389648,2.0,200.0,,,,
121.55327787,560,412,1615000,42.2668719444,-83.6881675,39.0,0.919999957085,0.0,,7.0,,,150.0,,-5.89999389648,2.0,200.0,,,,
121.55327787,560,412,1615100,42.2668719444,-83.6881675,39.0,0.209999993443,0.0,,7.0,,,150.0,,-5.89999389648,2.0,200.0,,,,
121.55327787,560,412,1615800,42.2668719444,-83.6881675,39.0,0.209999993443,0.0,,7.0,,,150.0,,-2.9700012207,2.0,200.0,,,,
121.55327787,560,412,1615900,42.2665511111,-83.6878525,39.0,0.209999993443,0.0,,7.0,,,150.0,,-2.9700012207,2.0,200.0,,,,
121.55327787,560,412,1616900,42.2665511111,-83.6878525,39.0,0.209999993443,0.0,,7.0,,,150.0,,-31.3200073242,2.0,200.0,,,,
121.55327787,560,412,1617100,42.2665511111,-83.6878525,39.0,0.199999988079,0.0,,7.0,,,150.0,,-31.3200073242,2.0,200.0,,,,
121.55327787,560,412,1617500,42.2665511111,-83.6878525,39.0,0.199999988079,0.0,,7.0,,,150.0,,-31.3200073242,2.0,193.0,,,,
121.55327787,560,412,1618000,42.2665511111,-83.6878525,39.0,0.199999988079,0.0,,7.0,,,150.0,,-52.3299865723,2.0,193.0,,,,
121.55327787,560,412,1618400,42.2665511111,-83.6878525,40.0,0.199999988079,0.0,,7.0,,,150.0,,-52.3299865723,2.0,193.0,,,,
121.55327787,560,412,1619000,42.26631,-83.6875994444,40.0,0.199999988079,0.0,,7.0,,,150.0,,-81.1700134277,2.0,193.0,,,,
121.55327787,560,412,1619200,42.26631,-83.6875994444,40.0,0.179999992251,0.0,,7.0,,,150.0,,-81.1700134277,2.0,193.0,,,,
121.55327787,560,412,1619500,42.26631,-83.6875994444,41.0,0.179999992251,0.0,,7.0,,,150.0,,-81.1700134277,2.0,193.0,,,,
121.55327787,560,412,1620000,42.26631,-83.6875994444,41.0,0.179999992251,0.0,,7.0,,,150.0,,-68.950012207,2.0,193.0,,,,
121.55327787,560,412,1620500,42.26631,-83.6875994444,43.0,0.179999992251,0.0,,7.0,,,150.0,,-68.950012207,2.0,193.0,,,,
121.55327787,560,412,1621100,42.26631,-83.6875994444,43.0,0.179999992251,0.0,,7.0,,,150.0,,-25.450012207,2.0,193.0,,,,
121.55327787,560,412,1621800,42.26606,-83.6873413889,43.0,0.179999992251,0.0,,7.0,,,150.0,,-25.450012207,2.0,193.0,,,,
121.55327787,560,412,1622100,42.26606,-83.6873413889,43.0,0.179999992251,0.0,,7.0,,,150.0,,-42.5599975586,2.0,193.0,,,,
121.55327787,560,412,1623200,42.26606,-83.6873413889,43.0,0.179999992251,0.0,,7.0,,,150.0,,-26.4299926758,2.0,193.0,,,,
121.55327787,560,412,1624700,42.26606,-83.6873413889,44.0,0.179999992251,0.0,,7.0,,,150.0,,-26.4299926758,2.0,193.0,,,,
121.55327787,560,412,1624900,42.2658025,-83.68705,44.0,0.179999992251,0.0,,7.0,,,150.0,,-26.4299926758,2.0,193.0,,,,
121.55327787,560,412,1625200,42.2658025,-83.68705,44.0,0.179999992251,0.0,,7.0,,,150.0,,-13.7200012207,2.0,193.0,,,,
121.55327787,560,412,1625700,42.2658025,-83.68705,45.0,0.179999992251,0.0,,7.0,,,150.0,,-13.7200012207,2.0,193.0,,,,
121.55327787,560,412,1626300,42.2658025,-83.68705,45.0,0.179999992251,0.0,,7.0,,,150.0,,17.0700073242,2.0,193.0,,,,
121.55327787,560,412,1626800,42.2658025,-83.68705,46.0,0.179999992251,0.0,,7.0,,,150.0,,17.0700073242,2.0,193.0,,,,
121.55327787,560,412,1627300,42.2658025,-83.68705,46.0,0.179999992251,0.0,,7.0,,,150.0,,-3.45999145508,2.0,193.0,,,,
121.55327787,560,412,1627600,42.2658025,-83.68705,46.0,0.179999992251,0.0,,7.0,,,150.0,,-3.45999145508,2.0,198.0,,,,
121.55327787,560,412,1628000,42.26554,-83.6867191667,46.0,0.179999992251,0.0,,7.0,,,150.0,,-3.45999145508,2.0,198.0,,,,
121.55327787,560,412,1628400,42.26554,-83.6867191667,46.0,0.179999992251,0.0,,7.0,,,150.0,,1.42999267578,2.0,198.0,,,,
121.55327787,560,412,1628800,42.26554,-83.6867191667,47.0,0.179999992251,0.0,,7.0,,,150.0,,1.42999267578,2.0,198.0,,,,
121.55327787,560,412,1629400,42.26554,-83.6867191667,47.0,0.179999992251,0.0,,7.0,,,150.0,,11.2099914551,2.0,198.0,,,,
121.55327787,560,412,1629900,42.26554,-83.6867191667,48.0,0.179999992251,0.0,,7.0,,,150.0,,11.2099914551,2.0,198.0,,,,
121.55327787,560,412,1630400,42.26554,-83.6867191667,48.0,0.179999992251,0.0,,7.0,,,150.0,,-15.6799926758,2.0,198.0,,,,
121.55327787,560,412,1630900,42.2653402778,-83.6863122222,49.0,0.179999992251,0.0,,7.0,,,150.0,,-15.6799926758,2.0,198.0,,,,
121.55327787,560,412,1631200,42.2653402778,-83.6863122222,49.0,12.9600000381,0.0,,7.0,,,150.0,,-15.6799926758,2.0,198.0,,,,
121.55327787,560,412,1631500,42.2653402778,-83.6863122222,49.0,12.9600000381,0.0,,7.0,,,150.0,,-82.6399841309,2.0,198.0,,,,
121.55327787,560,412,1632000,42.2653402778,-83.6863122222,50.0,12.9600000381,0.0,,7.0,,,150.0,,-82.6399841309,2.0,198.0,,,,
121.55327787,560,412,1632500,42.2653402778,-83.6863122222,50.0,12.9600000381,0.0,,7.0,,,150.0,,-1.98999023438,2.0,198.0,,,,
121.55327787,560,412,1632600,42.2653402778,-83.6863122222,50.0,12.9600000381,0.0,,7.0,,,150.0,,-1.98999023438,2.0,197.0,,,,
121.55327787,560,412,1633000,42.2653402778,-83.6863122222,52.0,12.9600000381,1671.0,,7.0,,,150.0,,-1.98999023438,2.0,197.0,,,,
121.55327787,560,412,1633200,42.2653402778,-83.6863122222,52.0,15.25,1671.0,,7.0,,,150.0,,-1.98999023438,2.0,197.0,,,,
121.55327787,560,412,1633600,42.2653402778,-83.6863122222,52.0,15.25,1671.0,,7.0,,,150.0,,4.35998535156,2.0,197.0,,,,
121.55327787,560,412,1634000,42.2651480556,-83.6858402778,54.0,15.25,1671.0,,7.0,,,150.0,,4.35998535156,2.0,197.0,,,,
121.55327787,560,412,1634600,42.2651480556,-83.6858402778,54.0,15.25,1671.0,,7.0,,,150.0,,-27.4100036621,2.0,197.0,,,,
121.55327787,560,412,1635000,42.2651480556,-83.6858402778,54.0,15.25,2421.0,,7.0,,,150.0,,-27.4100036621,2.0,197.0,,,,
121.55327787,560,412,1635100,42.2651480556,-83.6858402778,57.0,15.25,2421.0,,7.0,,,150.0,,-27.4100036621,2.0,197.0,,,,
121.55327787,560,412,1635200,42.2651480556,-83.6858402778,57.0,21.0900001526,2421.0,,7.0,,,150.0,,-27.4100036621,2.0,197.0,,,,
121.55327787,560,412,1635600,42.2651480556,-83.6858402778,57.0,21.0900001526,2421.0,,7.0,,,150.0,,-14.2099914551,2.0,197.0,,,,
121.55327787,560,412,1636100,42.2651480556,-83.6858402778,59.0,21.0900001526,2421.0,,7.0,,,150.0,,-14.2099914551,2.0,197.0,,,,
121.55327787,560,412,1636700,42.2651480556,-83.6858402778,59.0,21.0900001526,2421.0,,7.0,,,150.0,,24.3999938965,2.0,197.0,,,,
121.55327787,560,412,1636800,42.2650297222,-83.6852552778,59.0,21.0900001526,2421.0,,7.0,,,150.0,,24.3999938965,2.0,197.0,,,,
121.55327787,560,412,1637000,42.2650297222,-83.6852552778,59.0,21.0900001526,1921.0,,7.0,,,150.0,,24.3999938965,2.0,197.0,,,,
121.55327787,560,412,1637200,42.2650297222,-83.6852552778,61.0,15.4200000763,1921.0,,7.0,,,150.0,,24.3999938965,2.0,197.0,,,,
121.55327787,560,412,1637600,42.2650297222,-83.6852552778,61.0,15.4200000763,1921.0,,7.0,,,150.0,,24.3999938965,2.0,198.0,,,,
121.55327787,560,412,1637700,42.2650297222,-83.6852552778,61.0,15.4200000763,1921.0,,7.0,,,150.0,,4.35998535156,2.0,198.0,,,,
121.55327787,560,412,1638200,42.2650297222,-83.6852552778,62.0,15.4200000763,1921.0,,7.0,,,150.0,,4.35998535156,2.0,198.0,,,,
121.55327787,560,412,1638800,42.2650297222,-83.6852552778,62.0,15.4200000763,1921.0,,7.0,,,150.0,,-1.98999023438,2.0,198.0,,,,
121.55327787,560,412,1639000,42.2650297222,-83.6852552778,62.0,15.4200000763,1316.0,,7.0,,,150.0,,-1.98999023438,2.0,198.0,,,,
121.55327787,560,412,1639200,42.2650297222,-83.6852552778,64.0,9.64999961853,1316.0,,7.0,,,150.0,,-1.98999023438,2.0,198.0,,,,
121.55327787,560,412,1639800,42.2650297222,-83.6852552778,64.0,9.64999961853,1316.0,,7.0,,,150.0,,1.92001342773,2.0,198.0,,,,
121.55327787,560,412,1639900,42.2650419444,-83.6846333333,64.0,9.64999961853,1316.0,,7.0,,,150.0,,1.92001342773,2.0,198.0,,,,
121.55327787,560,412,1640800,42.2650419444,-83.6846333333,64.0,9.64999961853,1316.0,,7.0,,,150.0,,14.1400146484,2.0,198.0,,,,
121.55327787,560,412,1641000,42.2650419444,-83.6846333333,64.0,9.64999961853,878.0,,7.0,,,150.0,,14.1400146484,2.0,198.0,,,,
121.55327787,560,412,1641200,42.2650419444,-83.6846333333,64.0,2.48000001907,878.0,,7.0,,,150.0,,14.1400146484,2.0,198.0,,,,
121.55327787,560,412,1641300,42.2650419444,-83.6846333333,65.0,2.48000001907,878.0,,7.0,,,150.0,,14.1400146484,2.0,198.0,,,,
121.55327787,560,412,1641900,42.2650419444,-83.6846333333,65.0,2.48000001907,878.0,,7.0,,,150.0,,25.3800048828,2.0,198.0,,,,
121.55327787,560,412,1642400,42.2650419444,-83.6846333333,64.0,2.48000001907,878.0,,7.0,,,150.0,,25.3800048828,2.0,198.0,,,,
121.55327787,560,412,1642700,42.2650419444,-83.6846333333,64.0,2.48000001907,878.0,,7.0,,,150.0,,25.3800048828,2.0,194.5,,,,
121.55327787,560,412,1642900,42.2651069444,-83.6839958333,64.0,2.48000001907,878.0,,7.0,,,150.0,,-67.9700012207,2.0,194.5,,,,
121.55327787,560,412,1643000,42.2651069444,-83.6839958333,64.0,2.48000001907,942.0,,7.0,,,150.0,,-67.9700012207,2.0,194.5,,,,
121.55327787,560,412,1643200,42.2651069444,-83.6839958333,64.0,2.27999997139,942.0,,7.0,,,150.0,,-67.9700012207,2.0,194.5,,,,
121.55327787,560,412,1643400,42.2651069444,-83.6839958333,63.0,2.27999997139,942.0,,7.0,,,150.0,,-67.9700012207,2.0,194.5,,,,
121.55327787,560,412,1644000,42.2651069444,-83.6839958333,63.0,2.27999997139,942.0,,7.0,,,150.0,,-21.5400085449,2.0,194.5,,,,
121.55327787,560,412,1645000,42.2651069444,-83.6839958333,63.0,2.27999997139,217.0,,7.0,,,150.0,,17.0700073242,2.0,194.5,,,,
121.55327787,560,412,1645200,42.2651069444,-83.6839958333,63.0,1.10000002384,217.0,,7.0,,,150.0,,17.0700073242,2.0,194.5,,,,
121.55327787,560,412,1645500,42.2651069444,-83.6839958333,62.0,1.10000002384,217.0,,7.0,,,150.0,,17.0700073242,2.0,194.5,,,,
121.55327787,560,412,1646000,42.2651366667,-83.683365,62.0,1.10000002384,217.0,,7.0,,,150.0,,-29.3599853516,2.0,194.5,,,,
121.55327787,560,412,1646500,42.2651366667,-83.683365,61.0,1.10000002384,217.0,,7.0,,,150.0,,-29.3599853516,2.0,194.5,,,,
121.55327787,560,412,1647000,42.2651366667,-83.683365,61.0,1.10000002384,0.0,,7.0,,,150.0,,-29.3599853516,2.0,194.5,,,,
121.55327787,560,412,1647100,42.2651366667,-83.683365,61.0,1.10000002384,0.0,,7.0,,,150.0,,-26.4299926758,2.0,194.5,,,,
121.55327787,560,412,1647200,42.2651366667,-83.683365,61.0,0.199999988079,0.0,,7.0,,,150.0,,-26.4299926758,2.0,194.5,,,,
121.55327787,560,412,1647700,42.2651366667,-83.683365,61.0,0.199999988079,0.0,,7.0,,,150.0,,-26.4299926758,2.0,195.5,,,,
121.55327787,560,412,1648100,42.2651366667,-83.683365,61.0,0.199999988079,0.0,,7.0,,,150.0,,-11.7699890137,2.0,195.5,,,,
121.55327787,560,412,1648900,42.2650719444,-83.6827558333,61.0,0.199999988079,0.0,,7.0,,,150.0,,-11.7699890137,2.0,195.5,,,,
121.55327787,560,412,1649200,42.2650719444,-83.6827558333,61.0,0.179999992251,0.0,,7.0,,,150.0,,-5.89999389648,2.0,195.5,,,,
121.55327787,560,412,1649600,42.2650719444,-83.6827558333,60.0,0.179999992251,0.0,,7.0,,,150.0,,-5.89999389648,2.0,195.5,,,,
121.55327787,560,412,1650200,42.2650719444,-83.6827558333,60.0,0.179999992251,0.0,,7.0,,,150.0,,26.3599853516,2.0,195.5,,,,
121.55327787,560,412,1650600,42.2650719444,-83.6827558333,60.0,0.179999992251,0.0,,7.0,,,150.0,,26.3599853516,2.0,195.5,,,,
121.55327787,560,412,1650700,42.2650719444,-83.6827558333,59.0,0.179999992251,0.0,,7.0,,,150.0,,26.3599853516,2.0,195.5,,,,
121.55327787,560,412,1651300,42.2650719444,-83.6827558333,59.0,0.179999992251,0.0,,7.0,,,150.0,,-17.1400146484,2.0,195.5,,,,
121.55327787,560,412,1651800,42.2650719444,-83.6827558333,58.0,0.179999992251,0.0,,7.0,,,150.0,,-17.1400146484,2.0,195.5,,,,
121.55327787,560,412,1651900,42.2649902778,-83.6821625,58.0,0.179999992251,0.0,,7.0,,,150.0,,-17.1400146484,2.0,195.5,,,,
121.55327787,560,412,1652300,42.2649902778,-83.6821625,58.0,0.179999992251,0.0,,7.0,,,150.0,,-25.9400024414,2.0,195.5,,,,
121.55327787,560,412,1652700,42.2649902778,-83.6821625,58.0,0.179999992251,0.0,,7.0,,,150.0,,-25.9400024414,2.0,191.5,,,,
121.55327787,560,412,1653100,42.2649902778,-83.6821625,58.0,0.179999992251,1231.0,,7.0,,,150.0,,-25.9400024414,2.0,191.5,,,,
121.55327787,560,412,1653200,42.2649902778,-83.6821625,58.0,12.279999733,1231.0,,7.0,,,150.0,,-25.9400024414,2.0,191.5,,,,
121.55327787,560,412,1653400,42.2649902778,-83.6821625,58.0,12.279999733,1231.0,,7.0,,,150.0,,-87.0400085449,2.0,191.5,,,,
121.55327787,560,412,1654400,42.2649902778,-83.6821625,58.0,12.279999733,1231.0,,7.0,,,150.0,,5.82998657227,2.0,191.5,,,,
121.55327787,560,412,1654900,42.2649216667,-83.6815736111,58.0,12.279999733,1231.0,,7.0,,,150.0,,5.82998657227,2.0,191.5,,,,
121.55327787,560,412,1655100,42.2649216667,-83.6815736111,58.0,12.279999733,1382.0,,7.0,,,150.0,,5.82998657227,2.0,191.5,,,,
121.55327787,560,412,1655200,42.2649216667,-83.6815736111,58.0,12.3499994278,1382.0,,7.0,,,150.0,,5.82998657227,2.0,191.5,,,,
121.55327787,560,412,1655400,42.2649216667,-83.6815736111,58.0,12.3499994278,1382.0,,7.0,,,150.0,,0.450012207031,2.0,191.5,,,,
121.55327787,560,412,1656500,42.2649216667,-83.6815736111,58.0,12.3499994278,1382.0,,7.0,,,150.0,,15.6000061035,2.0,191.5,,,,
121.55327787,560,412,1657000,42.2649216667,-83.6815736111,57.0,12.3499994278,1382.0,,7.0,,,150.0,,15.6000061035,2.0,191.5,,,,
121.55327787,560,412,1657100,42.2649216667,-83.6815736111,57.0,12.3499994278,1250.0,,7.0,,,150.0,,15.6000061035,2.0,191.5,,,,
121.55327787,560,412,1657200,42.2649216667,-83.6815736111,57.0,9.72999954224,1250.0,,7.0,,,150.0,,15.6000061035,2.0,191.5,,,,
121.55327787,560,412,1657500,42.2649216667,-83.6815736111,57.0,9.72999954224,1250.0,,7.0,,,150.0,,1.42999267578,2.0,191.5,,,,
121.55327787,560,412,1657800,42.2649008333,-83.6809905556,57.0,9.72999954224,1250.0,,7.0,,,150.0,,1.42999267578,2.0,197.5,,,,
121.55327787,560,412,1658000,42.2649008333,-83.6809905556,55.0,9.72999954224,1250.0,,7.0,,,150.0,,1.42999267578,2.0,197.5,,,,
121.55327787,560,412,1658600,42.2649008333,-83.6809905556,55.0,9.72999954224,1250.0,,7.0,,,150.0,,-8.35000610352,2.0,197.5,,,,
121.55327787,560,412,1659000,42.2649008333,-83.6809905556,54.0,9.72999954224,1250.0,,7.0,,,150.0,,-8.35000610352,2.0,197.5,,,,
121.55327787,560,412,1659100,42.2649008333,-83.6809905556,54.0,9.72999954224,1299.0,,7.0,,,150.0,,-8.35000610352,2.0,197.5,,,,
121.55327787,560,412,1659200,42.2649008333,-83.6809905556,54.0,9.97999954224,1299.0,,7.0,,,150.0,,-8.35000610352,2.0,197.5,,,,
121.55327787,560,412,1659600,42.2649008333,-83.6809905556,54.0,9.97999954224,1299.0,,7.0,,,150.0,,-9.32000732422,2.0,197.5,,,,
121.55327787,560,412,1660100,42.2649008333,-83.6809905556,53.0,9.97999954224,1299.0,,7.0,,,150.0,,-9.32000732422,2.0,197.5,,,,
121.55327787,560,412,1660600,42.2649008333,-83.6809905556,53.0,9.97999954224,1299.0,,7.0,,,150.0,,-2.9700012207,2.0,197.5,,,,
121.55327787,560,412,1660900,42.2648416667,-83.6804461111,53.0,9.97999954224,1299.0,,7.0,,,150.0,,-2.9700012207,2.0,197.5,,,,
121.55327787,560,412,1661100,42.2648416667,-83.6804461111,53.0,9.97999954224,1267.0,,7.0,,,150.0,,-2.9700012207,2.0,197.5,,,,
121.55327787,560,412,1661200,42.2648416667,-83.6804461111,53.0,8.05999946594,1267.0,,7.0,,,150.0,,-2.9700012207,2.0,197.5,,,,
121.55327787,560,412,1661700,42.2648416667,-83.6804461111,53.0,8.05999946594,1267.0,,7.0,,,150.0,,21.9599914551,2.0,197.5,,,,
121.55327787,560,412,1662700,42.2648416667,-83.6804461111,53.0,8.05999946594,1267.0,,7.0,,,150.0,,-41.5799865723,2.0,197.5,,,,
121.55327787,560,412,1662800,42.2648416667,-83.6804461111,53.0,8.05999946594,1267.0,,7.0,,,150.0,,-41.5799865723,2.0,195.0,,,,
121.55327787,560,412,1663100,42.2648416667,-83.6804461111,53.0,8.05999946594,0.0,,7.0,,,150.0,,-41.5799865723,2.0,195.0,,,,
121.55327787,560,412,1663200,42.2648416667,-83.6804461111,52.0,2.31999993324,0.0,,7.0,,,150.0,,-41.5799865723,2.0,195.0,,,,
121.55327787,560,412,1663800,42.2648416667,-83.6804461111,52.0,2.31999993324,0.0,,7.0,,,150.0,,-25.9400024414,2.0,195.0,,,,
121.55327787,560,412,1663900,42.2646980556,-83.6799283333,52.0,2.31999993324,0.0,,7.0,,,150.0,,-25.9400024414,2.0,195.0,,,,
121.55327787,560,412,1664800,42.2646980556,-83.6799283333,52.0,2.31999993324,0.0,,7.0,,,150.0,,22.450012207,2.0,195.0,,,,
121.55327787,560,412,1665200,42.2646980556,-83.6799283333,52.0,0.199999988079,0.0,,7.0,,,150.0,,22.450012207,2.0,195.0,,,,
121.55327787,560,412,1665300,42.2646980556,-83.6799283333,53.0,0.199999988079,0.0,,7.0,,,150.0,,22.450012207,2.0,195.0,,,,
121.55327787,560,412,1665800,42.2646980556,-83.6799283333,53.0,0.199999988079,0.0,,7.0,,,150.0,,0.450012207031,2.0,195.0,,,,
121.55327787,560,412,1666900,42.2646980556,-83.6799283333,53.0,0.199999988079,0.0,,7.0,,,150.0,,-17.1400146484,0.0,195.0,,,,
121.55327787,560,412,1667000,42.2644783333,-83.6794605556,53.0,0.199999988079,0.0,,7.0,,,150.0,,-17.1400146484,0.0,195.0,,,,
121.55327787,560,412,1667800,42.2644783333,-83.6794605556,53.0,0.199999988079,0.0,,7.0,,,150.0,,-17.1400146484,0.0,197.0,,,,
121.55327787,560,412,1667900,42.2644783333,-83.6794605556,53.0,0.199999988079,0.0,,7.0,,,150.0,,-1.01000976563,0.0,197.0,,,,
121.55327787,560,412,1668400,42.2644783333,-83.6794605556,54.0,0.199999988079,0.0,,7.0,,,150.0,,-1.01000976563,0.0,197.0,,,,
121.55327787,560,412,1669000,42.2644783333,-83.6794605556,54.0,0.199999988079,0.0,,7.0,,,150.0,,23.4200134277,0.0,197.0,,,,
121.55327787,560,412,1669200,42.2644783333,-83.6794605556,54.0,0.179999992251,0.0,,7.0,,,150.0,,23.4200134277,0.0,197.0,,,,
121.55327787,560,412,1669800,42.2642186111,-83.6790466667,54.0,0.179999992251,0.0,,7.0,,,150.0,,23.4200134277,0.0,197.0,,,,
121.55327787,560,412,1670500,42.2642186111,-83.6790466667,52.0,0.179999992251,0.0,,7.0,,,150.0,,23.4200134277,0.0,197.0,,,,
121.55327787,560,412,1671000,42.2642186111,-83.6790466667,52.0,0.179999992251,0.0,,7.0,,,150.0,,82.0800018311,0.0,197.0,,,,
121.55327787,560,412,1671500,42.2642186111,-83.6790466667,50.0,0.179999992251,0.0,,7.0,,,150.0,,82.0800018311,0.0,197.0,,,,
121.55327787,560,412,1672100,42.2642186111,-83.6790466667,50.0,0.179999992251,0.0,,7.0,,,150.0,,128.020004272,0.0,197.0,,,,
121.55327787,560,412,1672600,42.2642186111,-83.6790466667,46.0,0.179999992251,0.0,,7.0,,,150.0,,128.020004272,0.0,197.0,,,,
121.55327787,560,412,1672900,42.2642186111,-83.6790466667,46.0,0.179999992251,0.0,,7.0,,,150.0,,128.020004272,0.0,205.5,,,,
121.55327787,560,412,1673100,42.2642186111,-83.6790466667,46.0,0.179999992251,0.0,,7.0,,,150.0,,63.0100097656,0.0,205.5,,,,
121.55327787,560,412,1673600,42.2642186111,-83.6790466667,43.0,0.179999992251,0.0,,7.0,,,150.0,,63.0100097656,0.0,205.5,,,,
121.55327787,560,412,1673800,42.2638297222,-83.6786075,43.0,0.179999992251,0.0,,7.0,,,150.0,,63.0100097656,0.0,205.5,,,,
121.55327787,560,412,1674200,42.2638297222,-83.6786075,43.0,0.179999992251,0.0,,7.0,,,150.0,,96.25,0.0,205.5,,,,
121.55327787,560,412,1674600,42.2638297222,-83.6786075,37.0,0.179999992251,0.0,,7.0,,,150.0,,96.25,0.0,205.5,,,,
121.55327787,560,412,1675200,42.2638297222,-83.6786075,37.0,0.179999992251,0.0,,7.0,,,150.0,,106.509994507,0.0,205.5,,,,
121.55327787,560,412,1675700,42.2638297222,-83.6786075,31.0,0.179999992251,0.0,,7.0,,,150.0,,106.509994507,0.0,205.5,,,,
121.55327787,560,412,1675800,42.2636275,-83.6784011111,31.0,0.179999992251,0.0,,7.0,,,150.0,,106.509994507,0.0,205.5,,,,
121.55327787,560,412,1676200,42.2636275,-83.6784011111,31.0,0.179999992251,0.0,,7.0,,,150.0,,64.4800109863,0.0,205.5,,,,
121.55327787,560,412,1676700,42.2636275,-83.6784011111,25.0,0.179999992251,0.0,,7.0,,,150.0,,64.4800109863,0.0,205.5,,,,
121.55327787,560,412,1677300,42.2636275,-83.6784011111,25.0,0.179999992251,0.0,,7.0,,,150.0,,37.1099853516,0.0,205.5,,,,
121.55327787,560,412,1677800,42.2636275,-83.6784011111,16.0,0.179999992251,0.0,,7.0,,,150.0,,37.1099853516,0.0,205.5,,,,
121.55327787,560,412,1677900,42.2636275,-83.6784011111,16.0,0.179999992251,0.0,,7.0,,,150.0,,37.1099853516,0.0,201.5,,,,
121.55327787,560,412,1678300,42.2636275,-83.6784011111,16.0,0.179999992251,0.0,,7.0,,,150.0,,6.32000732422,0.0,201.5,,,,
121.55327787,560,412,1678800,42.2636275,-83.6784011111,8.0,0.179999992251,0.0,,7.0,,,150.0,,6.32000732422,0.0,201.5,,,,
121.55327787,560,412,1679400,42.2636275,-83.6784011111,8.0,0.179999992251,0.0,,7.0,,,150.0,,-2.48001098633,0.0,201.5,,,,
121.55327787,560,412,1679800,42.2635902778,-83.6783583333,4.0,0.179999992251,0.0,,7.0,,,150.0,,-2.48001098633,0.0,201.5,,,,
121.55327787,560,412,1680900,42.2635902778,-83.6783583333,3.0,0.179999992251,0.0,,7.0,,,150.0,,-2.48001098633,0.0,201.5,,,,
121.55327787,560,412,1682800,42.2636286111,-83.6783933333,3.0,0.179999992251,0.0,,7.0,,,150.0,,-2.48001098633,0.0,201.5,,,,
121.55327787,560,412,1683000,42.2636286111,-83.6783933333,3.0,0.179999992251,0.0,,7.0,,,150.0,,-2.48001098633,0.0,199.0,,,,
121.55327787,560,412,1683500,42.2636286111,-83.6783933333,0.0,0.179999992251,0.0,,7.0,,,150.0,,-2.48001098633,0.0,193.0,,,,
121.55327787,560,412,1683600,42.2636286111,-83.6783933333,0.0,0.179999992251,0.0,,7.0,,,150.0,,-59.6600036621,2.0,193.0,,,,
121.55327787,560,412,1683700,42.2636286111,-83.6783933333,0.0,0.179999992251,0.0,,7.0,,,200.0,,-59.6600036621,2.0,193.0,,,,
121.55327787,560,412,1685100,42.2636286111,-83.6783933333,15.0,0.179999992251,0.0,,7.0,,,200.0,,-59.6600036621,2.0,199.0,,,,
121.55327787,560,412,1685200,42.2636286111,-83.6783933333,15.0,0.179999992251,1622.0,,7.0,,,200.0,,-17.6300048828,2.0,199.0,,,,
121.55327787,560,412,1685300,42.2636286111,-83.6783933333,15.0,14.9299993515,1622.0,,7.0,,,150.0,,-17.6300048828,2.0,199.0,,,,
121.55327787,560,412,1686000,42.2635752778,-83.678355,15.0,14.9299993515,1622.0,,7.0,,,150.0,,-17.6300048828,2.0,199.0,,,,
121.55327787,560,412,1687100,42.2635752778,-83.678355,20.0,14.9299993515,1622.0,,7.0,,,150.0,,-17.6300048828,2.0,199.0,,,,
121.55327787,560,412,1687200,42.2635752778,-83.678355,20.0,14.9299993515,1810.0,,7.0,,,150.0,,-1.5,2.0,199.0,,,,
121.55327787,560,412,1687300,42.2635752778,-83.678355,20.0,15.2899999619,1810.0,,7.0,,,150.0,,-1.5,2.0,199.0,,,,
121.55327787,560,412,1688100,42.2635752778,-83.678355,24.0,15.2899999619,1810.0,,7.0,,,150.0,,-1.5,2.0,199.0,,,,
121.55327787,560,412,1688300,42.2635752778,-83.678355,24.0,15.2899999619,1810.0,,7.0,,,150.0,,-43.049987793,2.0,199.0,,,,
121.55327787,560,412,1688800,42.2634030556,-83.6784113889,24.0,15.2899999619,1810.0,,7.0,,,150.0,,-43.049987793,2.0,199.0,,,,
121.55327787,560,412,1689200,42.2634030556,-83.6784113889,28.0,15.2899999619,2808.0,,7.0,,,150.0,,-43.049987793,2.0,199.0,,,,
121.55327787,560,412,1689300,42.2634030556,-83.6784113889,28.0,23.8199996948,2808.0,,7.0,,,150.0,,-22.0299987793,2.0,199.0,,,,
121.55327787,560,412,1690000,42.2634030556,-83.6784113889,28.0,23.8199996948,2808.0,,7.0,,,150.0,,-22.0299987793,2.0,199.5,,,,
121.55327787,560,412,1690200,42.2634030556,-83.6784113889,36.0,23.8199996948,2808.0,,7.0,,,150.0,,-22.0299987793,2.0,199.5,,,,
121.55327787,560,412,1690400,42.2634030556,-83.6784113889,36.0,23.8199996948,2808.0,,7.0,,,150.0,,8.76000976563,2.0,199.5,,,,
121.55327787,560,412,1691200,42.2634030556,-83.6784113889,41.0,23.8199996948,3035.0,,7.0,,,150.0,,8.76000976563,2.0,199.5,,,,
121.55327787,560,412,1691300,42.2634030556,-83.6784113889,41.0,32.3099975586,3035.0,,7.0,,,150.0,,8.76000976563,2.0,199.5,,,,
121.55327787,560,412,1691400,42.2634030556,-83.6784113889,41.0,32.3099975586,3035.0,,7.0,,,150.0,,1.92001342773,2.0,199.5,,,,
121.55327787,560,412,1691900,42.2631877778,-83.6786966667,41.0,32.3099975586,3035.0,,7.0,,,150.0,,1.92001342773,2.0,199.5,,,,
121.55327787,560,412,1692300,42.2631877778,-83.6786966667,45.0,32.3099975586,3035.0,,7.0,,,150.0,,1.92001342773,2.0,199.5,,,,
121.55327787,560,412,1692400,42.2631877778,-83.6786966667,45.0,32.3099975586,3035.0,,7.0,,,150.0,,-12.2600097656,2.0,199.5,,,,
121.55327787,560,412,1693200,42.2631877778,-83.6786966667,45.0,32.3099975586,2576.0,,7.0,,,150.0,,-12.2600097656,2.0,199.5,,,,
121.55327787,560,412,1693300,42.2631877778,-83.6786966667,48.0,25.4599990845,2576.0,,7.0,,,150.0,,-12.2600097656,2.0,199.5,,,,
121.55327787,560,412,1693500,42.2631877778,-83.6786966667,48.0,25.4599990845,2576.0,,7.0,,,150.0,,13.6499938965,2.0,199.5,,,,
121.55327787,560,412,1694400,42.2631877778,-83.6786966667,51.0,25.4599990845,2576.0,,7.0,,,150.0,,13.6499938965,2.0,199.5,,,,
121.55327787,560,412,1694500,42.2631877778,-83.6786966667,51.0,25.4599990845,2576.0,,7.0,,,150.0,,-8.35000610352,2.0,199.5,,,,
121.55327787,560,412,1694800,42.2629263889,-83.6790461111,51.0,25.4599990845,2576.0,,7.0,,,150.0,,-8.35000610352,2.0,199.5,,,,
121.55327787,560,412,1695100,42.2629263889,-83.6790461111,51.0,25.4599990845,2576.0,,7.0,,,150.0,,-8.35000610352,2.0,197.5,,,,
121.55327787,560,412,1695200,42.2629263889,-83.6790461111,51.0,25.4599990845,2343.0,,7.0,,,150.0,,-8.35000610352,2.0,197.5,,,,
121.55327787,560,412,1695300,42.2629263889,-83.6790461111,51.0,20.3199996948,2343.0,,7.0,,,150.0,,-8.35000610352,2.0,197.5,,,,
121.55327787,560,412,1695400,42.2629263889,-83.6790461111,53.0,20.3199996948,2343.0,,7.0,,,150.0,,-8.35000610352,2.0,197.5,,,,
121.55327787,560,412,1695600,42.2629263889,-83.6790461111,53.0,20.3199996948,2343.0,,7.0,,,150.0,,-13.2300109863,2.0,197.5,,,,
121.55327787,560,412,1696400,42.2629263889,-83.6790461111,56.0,20.3199996948,2343.0,,7.0,,,150.0,,-13.2300109863,2.0,197.5,,,,
121.55327787,560,412,1696600,42.2629263889,-83.6790461111,56.0,20.3199996948,2343.0,,7.0,,,150.0,,-11.2799987793,2.0,197.5,,,,
121.55327787,560,412,1697200,42.2629263889,-83.6790461111,56.0,20.3199996948,3058.0,,7.0,,,150.0,,-11.2799987793,2.0,197.5,,,,
121.55327787,560,412,1697300,42.2629263889,-83.6790461111,56.0,29.1399993896,3058.0,,7.0,,,150.0,,-11.2799987793,2.0,197.5,,,,
121.55327787,560,412,1697600,42.2629263889,-83.6790461111,56.0,29.1399993896,3058.0,,7.0,,,150.0,,-8.35000610352,2.0,197.5,,,,
121.55327787,560,412,1697900,42.2626188889,-83.6794327778,56.0,29.1399993896,3058.0,,7.0,,,150.0,,-8.35000610352,2.0,197.5,,,,
121.55327787,560,412,1698500,42.2626188889,-83.6794327778,58.0,29.1399993896,3058.0,,7.0,,,150.0,,-8.35000610352,2.0,197.5,,,,
121.55327787,560,412,1698700,42.2626188889,-83.6794327778,58.0,29.1399993896,3058.0,,7.0,,,150.0,,-3.95001220703,2.0,197.5,,,,
121.55327787,560,412,1699200,42.2626188889,-83.6794327778,58.0,29.1399993896,2753.0,,7.0,,,150.0,,-3.95001220703,2.0,197.5,,,,
121.55327787,560,412,1699300,42.2626188889,-83.6794327778,58.0,26.7299995422,2753.0,,7.0,,,150.0,,-3.95001220703,2.0,197.5,,,,
121.55327787,560,412,1699600,42.2626188889,-83.6794327778,60.0,26.7299995422,2753.0,,7.0,,,150.0,,-3.95001220703,2.0,197.5,,,,
121.55327787,560,412,1699700,42.2626188889,-83.6794327778,60.0,26.7299995422,2753.0,,7.0,,,150.0,,2.41000366211,2.0,197.5,,,,
121.55327787,560,412,1700100,42.2626188889,-83.6794327778,60.0,26.7299995422,2753.0,,7.0,,,150.0,,2.41000366211,2.0,198.5,,,,
121.55327787,560,412,1700600,42.2626188889,-83.6794327778,62.0,26.7299995422,2753.0,,7.0,,,150.0,,2.41000366211,2.0,198.5,,,,
121.55327787,560,412,1700800,42.2622180556,-83.6797697222,62.0,26.7299995422,2753.0,,7.0,,,150.0,,5.82998657227,2.0,198.5,,,,
121.55327787,560,412,1701200,42.2622180556,-83.6797697222,62.0,26.7299995422,2693.0,,7.0,,,150.0,,5.82998657227,2.0,198.5,,,,
121.55327787,560,412,1701300,42.2622180556,-83.6797697222,62.0,25.1700000763,2693.0,,7.0,,,150.0,,5.82998657227,2.0,198.5,,,,
121.55327787,560,412,1701600,42.2622180556,-83.6797697222,63.0,25.1700000763,2693.0,,7.0,,,150.0,,5.82998657227,2.0,198.5,,,,
121.55327787,560,412,1701800,42.2622180556,-83.6797697222,63.0,25.1700000763,2693.0,,7.0,,,150.0,,-9.80999755859,2.0,198.5,,,,
121.55327787,560,412,1702700,42.2622180556,-83.6797697222,64.0,25.1700000763,2693.0,,7.0,,,150.0,,-9.80999755859,2.0,198.5,,,,
121.55327787,560,412,1702800,42.2622180556,-83.6797697222,64.0,25.1700000763,2693.0,,7.0,,,150.0,,-4.92001342773,2.0,198.5,,,,
121.55327787,560,412,1703200,42.2622180556,-83.6797697222,64.0,25.1700000763,2374.0,,7.0,,,150.0,,-4.92001342773,2.0,198.5,,,,
121.55327787,560,412,1703300,42.2622180556,-83.6797697222,64.0,20.6499996185,2374.0,,7.0,,,150.0,,-4.92001342773,2.0,198.5,,,,
121.55327787,560,412,1703700,42.2622180556,-83.6797697222,65.0,20.6499996185,2374.0,,7.0,,,150.0,,-4.92001342773,2.0,198.5,,,,
121.55327787,560,412,1703900,42.2617741667,-83.6800022222,65.0,20.6499996185,2374.0,,7.0,,,150.0,,-8.35000610352,2.0,198.5,,,,
121.55327787,560,412,1704900,42.2617741667,-83.6800022222,65.0,20.6499996185,2374.0,,7.0,,,150.0,,12.6700134277,2.0,198.5,,,,
121.55327787,560,412,1705200,42.2617741667,-83.6800022222,65.0,20.6499996185,1325.0,,7.0,,,150.0,,12.6700134277,2.0,200.0,,,,
121.55327787,560,412,1705300,42.2617741667,-83.6800022222,65.0,9.89999961853,1325.0,,7.0,,,150.0,,12.6700134277,2.0,200.0,,,,
121.55327787,560,412,1705800,42.2617741667,-83.6800022222,64.0,9.89999961853,1325.0,,7.0,,,150.0,,12.6700134277,2.0,200.0,,,,
121.55327787,560,412,1706000,42.2617741667,-83.6800022222,64.0,9.89999961853,1325.0,,7.0,,,150.0,,4.35998535156,2.0,200.0,,,,
121.55327787,560,412,1706900,42.2612983333,-83.6801186111,64.0,9.89999961853,1325.0,,7.0,,,150.0,,4.35998535156,2.0,200.0,,,,
121.55327787,560,412,1707000,42.2612983333,-83.6801186111,64.0,9.89999961853,1325.0,,7.0,,,150.0,,-7.36999511719,2.0,200.0,,,,
121.55327787,560,412,1707200,42.2612983333,-83.6801186111,64.0,9.89999961853,1064.0,,7.0,,,150.0,,-7.36999511719,2.0,200.0,,,,
121.55327787,560,412,1707300,42.2612983333,-83.6801186111,64.0,6.67999982834,1064.0,,7.0,,,150.0,,-7.36999511719,2.0,200.0,,,,
121.55327787,560,412,1707900,42.2612983333,-83.6801186111,63.0,6.67999982834,1064.0,,7.0,,,150.0,,-7.36999511719,2.0,200.0,,,,
121.55327787,560,412,1708000,42.2612983333,-83.6801186111,63.0,6.67999982834,1064.0,,7.0,,,150.0,,-5.41000366211,2.0,200.0,,,,
121.55327787,560,412,1708900,42.2612983333,-83.6801186111,62.0,6.67999982834,1064.0,,7.0,,,150.0,,-5.41000366211,2.0,200.0,,,,
121.55327787,560,412,1709100,42.2612983333,-83.6801186111,62.0,6.67999982834,1064.0,,7.0,,,150.0,,-12.2600097656,2.0,200.0,,,,
121.55327787,560,412,1709200,42.2612983333,-83.6801186111,62.0,6.67999982834,1012.0,,7.0,,,150.0,,-12.2600097656,2.0,200.0,,,,
121.55327787,560,412,1709300,42.2612983333,-83.6801186111,62.0,0.899999976158,1012.0,,7.0,,,150.0,,-12.2600097656,2.0,200.0,,,,
121.55327787,560,412,1710000,42.2608369444,-83.6801594444,62.0,0.899999976158,1012.0,,7.0,,,150.0,,-12.2600097656,2.0,200.0,,,,
121.55327787,560,412,1710100,42.2608369444,-83.6801594444,62.0,0.899999976158,1012.0,,7.0,,,150.0,,51.2799987793,2.0,200.0,,,,
121.55327787,560,412,1710200,42.2608369444,-83.6801594444,62.0,0.899999976158,1012.0,,7.0,,,150.0,,51.2799987793,2.0,197.5,,,,
121.55327787,560,412,1711000,42.2608369444,-83.6801594444,60.0,0.899999976158,1012.0,,7.0,,,150.0,,51.2799987793,2.0,197.5,,,,
121.55327787,560,412,1711200,42.2608369444,-83.6801594444,60.0,0.899999976158,0.0,,7.0,,,150.0,,-21.5400085449,2.0,197.5,,,,
121.55327787,560,412,1711300,42.2608369444,-83.6801594444,60.0,0.52999997139,0.0,,7.0,,,150.0,,-21.5400085449,2.0,197.5,,,,
121.55327787,560,412,1712200,42.2608369444,-83.6801594444,60.0,0.52999997139,0.0,,7.0,,,150.0,,25.3800048828,2.0,197.5,,,,
121.55327787,560,412,1712800,42.2603858333,-83.6801225,60.0,0.52999997139,0.0,,7.0,,,150.0,,25.3800048828,2.0,197.5,,,,
121.55327787,560,412,1713100,42.2603858333,-83.6801225,58.0,0.52999997139,0.0,,7.0,,,150.0,,25.3800048828,2.0,197.5,,,,
121.55327787,560,412,1713200,42.2603858333,-83.6801225,58.0,0.52999997139,0.0,,7.0,,,150.0,,5.33999633789,2.0,197.5,,,,
121.55327787,560,412,1713300,42.2603858333,-83.6801225,58.0,0.199999988079,0.0,,7.0,,,150.0,,5.33999633789,2.0,197.5,,,,
121.55327787,560,412,1714100,42.2603858333,-83.6801225,57.0,0.199999988079,0.0,,7.0,,,150.0,,5.33999633789,2.0,197.5,,,,
121.55327787,560,412,1714300,42.2603858333,-83.6801225,57.0,0.199999988079,0.0,,7.0,,,150.0,,-3.45999145508,2.0,197.5,,,,
121.55327787,560,412,1715200,42.2603858333,-83.6801225,56.0,0.199999988079,0.0,,7.0,,,150.0,,-3.45999145508,2.0,201.5,,,,
121.55327787,560,412,1715300,42.2603858333,-83.6801225,56.0,0.179999992251,0.0,,7.0,,,150.0,,0.450012207031,2.0,201.5,,,,
121.55327787,560,412,1715900,42.2599347222,-83.6800783333,56.0,0.179999992251,0.0,,7.0,,,150.0,,0.450012207031,2.0,201.5,,,,
121.55327787,560,412,1716400,42.2599347222,-83.6800783333,56.0,0.179999992251,0.0,,7.0,,,150.0,,23.4200134277,2.0,201.5,,,,
121.55327787,560,412,1717300,42.2599347222,-83.6800783333,54.0,0.179999992251,0.0,,7.0,,,150.0,,23.4200134277,2.0,201.5,,,,
121.55327787,560,412,1717400,42.2599347222,-83.6800783333,54.0,0.179999992251,0.0,,7.0,,,150.0,,130.459991455,2.0,201.5,,,,
121.55327787,560,412,1718400,42.2599347222,-83.6800783333,50.0,0.179999992251,0.0,,7.0,,,150.0,,130.459991455,2.0,201.5,,,,
121.55327787,560,412,1718500,42.2599347222,-83.6800783333,50.0,0.179999992251,0.0,,7.0,,,150.0,,124.599990845,2.0,201.5,,,,
121.55327787,560,412,1718800,42.2595627778,-83.68011,50.0,0.179999992251,0.0,,7.0,,,150.0,,124.599990845,2.0,201.5,,,,
121.55327787,560,412,1719500,42.2595627778,-83.68011,42.0,0.179999992251,0.0,,7.0,,,150.0,,124.599990845,2.0,201.5,,,,
121.55327787,560,412,1719600,42.2595627778,-83.68011,42.0,0.179999992251,0.0,,7.0,,,150.0,,118.729995728,2.0,201.5,,,,
121.55327787,560,412,1720200,42.2595627778,-83.68011,42.0,0.179999992251,0.0,,7.0,,,150.0,,118.729995728,2.0,214.5,,,,
121.55327787,560,412,1720500,42.2595627778,-83.68011,37.0,0.179999992251,0.0,,7.0,,,150.0,,118.729995728,2.0,214.5,,,,
121.55327787,560,412,1720600,42.2595627778,-83.68011,37.0,0.179999992251,0.0,,7.0,,,150.0,,108.470001221,2.0,214.5,,,,
121.55327787,560,412,1721500,42.2595627778,-83.68011,33.0,0.179999992251,0.0,,7.0,,,150.0,,108.470001221,2.0,214.5,,,,
121.55327787,560,412,1721700,42.2595627778,-83.68011,33.0,0.179999992251,0.0,,7.0,,,150.0,,74.7400054932,2.0,214.5,,,,
121.55327787,560,412,1721900,42.2593041667,-83.6801591667,33.0,0.179999992251,0.0,,7.0,,,150.0,,74.7400054932,2.0,214.5,,,,
121.55327787,560,412,1722600,42.2593041667,-83.6801591667,29.0,0.179999992251,0.0,,7.0,,,150.0,,74.7400054932,2.0,214.5,,,,
121.55327787,560,412,1722700,42.2593041667,-83.6801591667,29.0,0.179999992251,0.0,,7.0,,,150.0,,76.2099914551,2.0,214.5,,,,
121.55327787,560,412,1723600,42.2593041667,-83.6801591667,25.0,0.179999992251,0.0,,7.0,,,150.0,,76.2099914551,2.0,214.5,,,,
121.55327787,560,412,1723800,42.2593041667,-83.6801591667,25.0,0.179999992251,0.0,,7.0,,,150.0,,50.7900085449,2.0,214.5,,,,
121.55327787,560,412,1724600,42.2593041667,-83.6801591667,19.0,0.179999992251,0.0,,7.0,,,150.0,,50.7900085449,2.0,214.5,,,,
121.55327787,560,412,1724800,42.2593041667,-83.6801591667,19.0,0.179999992251,0.0,,7.0,,,150.0,,46.8800048828,2.0,214.5,,,,
121.55327787,560,412,1724900,42.2591355556,-83.6801966667,19.0,0.179999992251,0.0,,7.0,,,150.0,,46.8800048828,2.0,214.5,,,,
121.55327787,560,412,1725300,42.2591355556,-83.6801966667,19.0,0.179999992251,0.0,,7.0,,,150.0,,46.8800048828,2.0,206.0,,,,
121.55327787,560,412,1725700,42.2591355556,-83.6801966667,14.0,0.179999992251,0.0,,7.0,,,150.0,,46.8800048828,2.0,206.0,,,,
121.55327787,560,412,1725800,42.2591355556,-83.6801966667,14.0,0.179999992251,0.0,,7.0,,,150.0,,37.6000061035,2.0,206.0,,,,
121.55327787,560,412,1726700,42.2591355556,-83.6801966667,11.0,0.179999992251,0.0,,7.0,,,150.0,,37.6000061035,2.0,206.0,,,,
121.55327787,560,412,1726900,42.2591355556,-83.6801966667,11.0,0.179999992251,0.0,,7.0,,,150.0,,15.1199951172,2.0,206.0,,,,
121.55327787,560,412,1727800,42.2591355556,-83.6801966667,8.0,0.179999992251,0.0,,7.0,,,150.0,,15.1199951172,2.0,206.0,,,,
121.55327787,560,412,1727900,42.2590744444,-83.6802466667,8.0,0.179999992251,0.0,,7.0,,,150.0,,2.41000366211,2.0,206.0,,,,
121.55327787,560,412,1728800,42.2590744444,-83.6802466667,4.0,0.179999992251,0.0,,7.0,,,150.0,,2.41000366211,2.0,206.0,,,,
121.55327787,560,412,1729000,42.2590744444,-83.6802466667,4.0,0.179999992251,0.0,,7.0,,,150.0,,-1.98999023438,2.0,206.0,,,,
121.55327787,560,412,1729800,42.2590744444,-83.6802466667,3.0,0.179999992251,0.0,,7.0,,,150.0,,-1.98999023438,2.0,206.0,,,,
121.55327787,560,412,1730000,42.2590744444,-83.6802466667,3.0,0.179999992251,0.0,,7.0,,,150.0,,-1.5,2.0,206.0,,,,
121.55327787,560,412,1730300,42.2590744444,-83.6802466667,3.0,0.179999992251,0.0,,7.0,,,150.0,,-1.5,2.0,201.0,,,,
121.55327787,560,412,1731000,42.2590555556,-83.6802625,3.0,0.179999992251,0.0,,7.0,,,150.0,,-1.98999023438,2.0,201.0,,,,
121.55327787,560,412,1731900,42.2590555556,-83.6802625,0.0,0.179999992251,0.0,,7.0,,,150.0,,-1.98999023438,2.0,201.0,,,,
121.55327787,560,412,1732600,42.2590555556,-83.6802625,0.0,0.179999992251,0.0,,7.0,,,150.0,,-1.98999023438,4.0,201.0,,,,
121.55327787,560,412,1733000,42.2590555556,-83.6802625,0.0,0.179999992251,0.0,,7.0,,,150.0,,-1.5,4.0,200.5,,,,
121.55327787,560,412,1733100,42.2590555556,-83.6802625,0.0,0.179999992251,0.0,,7.0,,,0.0,,-1.5,4.0,200.5,,,,
121.55327787,560,412,1739300,42.2590555556,-83.6802625,0.0,0.179999992251,0.0,,7.0,,,0.0,,-1.98999023438,4.0,200.5,,,,
121.55327787,560,412,1740300,42.2590555556,-83.6802625,0.0,0.179999992251,0.0,,7.0,,,0.0,,-1.5,4.0,200.5,,,,
121.55327787,560,412,1741400,42.2590555556,-83.6802625,0.0,0.179999992251,0.0,,7.0,,,0.0,,-2.48001098633,4.0,200.5,,,,
121.55327787,560,412,1743000,42.2590555556,-83.6802625,0.0,0.179999992251,0.0,,7.0,,,0.0,,-2.48001098633,4.0,197.0,,,,
121.55327787,560,412,1743400,42.2590555556,-83.6802625,0.0,0.179999992251,0.0,,7.0,,,0.0,,-27.4100036621,4.0,197.0,,,,
121.55327787,560,412,1743900,42.2590402778,-83.6802883333,0.0,0.179999992251,0.0,,7.0,,,0.0,,-27.4100036621,4.0,197.0,,,,
121.55327787,560,412,1744400,42.2590402778,-83.6802883333,16.0,0.179999992251,1853.0,,7.0,,,0.0,,-11.7699890137,4.0,197.0,,,,
121.55327787,560,412,1744500,42.2590402778,-83.6802883333,16.0,13.3699998856,1853.0,,7.0,,,150.0,,-11.7699890137,4.0,197.0,,,,
121.55327787,560,412,1744600,42.2590402778,-83.6802883333,16.0,13.3699998856,1853.0,,7.0,,,150.0,,-11.7699890137,3.0,197.0,,,,
121.55327787,560,412,1746400,42.2590402778,-83.6802883333,22.0,13.3699998856,1303.0,,7.0,,,150.0,,-11.7699890137,3.0,197.0,,,,
121.55327787,560,412,1746500,42.2590402778,-83.6802883333,22.0,11.0599994659,1303.0,,7.0,,,150.0,,-23.0100097656,3.0,197.0,,,,
121.55327787,560,412,1747000,42.2589608333,-83.6802252778,22.0,11.0599994659,1303.0,,7.0,,,150.0,,-23.0100097656,3.0,197.0,,,,
121.55327787,560,412,1747400,42.2589608333,-83.6802252778,27.0,11.0599994659,1303.0,,7.0,,,150.0,,-23.0100097656,3.0,197.0,,,,
121.55327787,560,412,1747500,42.2589608333,-83.6802252778,27.0,11.0599994659,1303.0,,7.0,,,150.0,,-58.200012207,3.0,197.0,,,,
121.55327787,560,412,1748400,42.2589608333,-83.6802252778,27.0,11.0599994659,2853.0,,7.0,,,150.0,,-58.200012207,3.0,197.0,,,,
121.55327787,560,412,1748500,42.2589608333,-83.6802252778,33.0,29.9599990845,2853.0,,7.0,,,150.0,,-58.200012207,3.0,197.0,,,,
121.55327787,560,412,1748600,42.2589608333,-83.6802252778,33.0,29.9599990845,2853.0,,7.0,,,150.0,,-30.8299865723,3.0,197.0,,,,
121.55327787,560,412,1749500,42.2589608333,-83.6802252778,49.0,29.9599990845,2853.0,,7.0,,,150.0,,-30.8299865723,3.0,197.0,,,,
121.55327787,560,412,1749600,42.2589608333,-83.6802252778,49.0,29.9599990845,2853.0,,7.0,,,150.0,,-13.2300109863,3.0,197.0,,,,
121.55327787,560,412,1749800,42.2589180556,-83.6798202778,49.0,29.9599990845,2853.0,,7.0,,,150.0,,-13.2300109863,3.0,197.0,,,,
121.55327787,560,412,1750400,42.2589180556,-83.6798202778,49.0,29.9599990845,3075.0,,7.0,,,150.0,,-13.2300109863,3.0,197.0,,,,
121.55327787,560,412,1750600,42.2589180556,-83.6798202778,49.0,28.7099990845,3075.0,,7.0,,,150.0,,-13.2300109863,3.0,197.0,,,,
121.55327787,560,412,1750700,42.2589180556,-83.6798202778,49.0,28.7099990845,3075.0,,7.0,,,150.0,,12.1799926758,3.0,197.0,,,,
121.55327787,560,412,1751600,42.2589180556,-83.6798202778,54.0,28.7099990845,3075.0,,7.0,,,150.0,,12.1799926758,3.0,197.0,,,,
121.55327787,560,412,1751800,42.2589180556,-83.6798202778,54.0,28.7099990845,3075.0,,7.0,,,150.0,,7.7799987793,3.0,197.0,,,,
121.55327787,560,412,1752500,42.2589180556,-83.6798202778,54.0,28.7099990845,1582.0,,7.0,,,150.0,,7.7799987793,3.0,197.0,,,,
121.55327787,560,412,1752600,42.2589180556,-83.6798202778,54.0,10.25,1582.0,,7.0,,,150.0,,7.7799987793,3.0,197.0,,,,
121.55327787,560,412,1752700,42.2589180556,-83.6798202778,58.0,10.25,1582.0,,7.0,,,150.0,,7.7799987793,3.0,197.0,,,,
121.55327787,560,412,1752800,42.2589125,-83.6792863889,58.0,10.25,1582.0,,7.0,,,150.0,,30.2699890137,3.0,197.0,,,,
121.55327787,560,412,1753700,42.2589125,-83.6792863889,60.0,10.25,1582.0,,7.0,,,150.0,,30.2699890137,3.0,197.0,,,,
121.55327787,560,412,1753900,42.2589125,-83.6792863889,60.0,10.25,1582.0,,7.0,,,150.0,,-5.89999389648,3.0,197.0,,,,
121.55327787,560,412,1754400,42.2589125,-83.6792863889,60.0,10.25,1582.0,,7.0,,,150.0,,-5.89999389648,3.0,197.5,,,,
121.55327787,560,412,1754500,42.2589125,-83.6792863889,60.0,10.25,1853.0,,7.0,,,150.0,,-5.89999389648,3.0,197.5,,,,
121.55327787,560,412,1754600,42.2589125,-83.6792863889,60.0,14.4600000381,1853.0,,7.0,,,150.0,,-5.89999389648,3.0,197.5,,,,
121.55327787,560,412,1754800,42.2589125,-83.6792863889,64.0,14.4600000381,1853.0,,7.0,,,150.0,,-5.89999389648,3.0,197.5,,,,
121.55327787,560,412,1754900,42.2589125,-83.6792863889,64.0,14.4600000381,1853.0,,7.0,,,150.0,,-14.2099914551,3.0,197.5,,,,
121.55327787,560,412,1755800,42.2589125,-83.6792863889,66.0,14.4600000381,1853.0,,7.0,,,150.0,,-14.2099914551,3.0,197.5,,,,
121.55327787,560,412,1756000,42.2589119444,-83.6786494444,66.0,14.4600000381,1853.0,,7.0,,,150.0,,-9.32000732422,3.0,197.5,,,,
121.55327787,560,412,1756500,42.2589119444,-83.6786494444,66.0,14.4600000381,1828.0,,7.0,,,150.0,,-9.32000732422,3.0,197.5,,,,
121.55327787,560,412,1756600,42.2589119444,-83.6786494444,66.0,14.1499996185,1828.0,,7.0,,,150.0,,-9.32000732422,3.0,197.5,,,,
121.55327787,560,412,1756800,42.2589119444,-83.6786494444,68.0,14.1499996185,1828.0,,7.0,,,150.0,,-9.32000732422,3.0,197.5,,,,
121.55327787,560,412,1757000,42.2589119444,-83.6786494444,68.0,14.1499996185,1828.0,,7.0,,,150.0,,-6.39001464844,3.0,197.5,,,,
121.55327787,560,412,1757900,42.2589119444,-83.6786494444,70.0,14.1499996185,1828.0,,7.0,,,150.0,,-6.39001464844,3.0,197.5,,,,
121.55327787,560,412,1758000,42.2589119444,-83.6786494444,70.0,14.1499996185,1828.0,,7.0,,,150.0,,-18.6099853516,3.0,197.5,,,,
121.55327787,560,412,1758500,42.2589119444,-83.6786494444,70.0,14.1499996185,1476.0,,7.0,,,150.0,,-18.6099853516,3.0,197.5,,,,
121.55327787,560,412,1758600,42.2589119444,-83.6786494444,70.0,11.25,1476.0,,7.0,,,150.0,,-18.6099853516,3.0,197.5,,,,
121.55327787,560,412,1758800,42.2589325,-83.6779169444,70.0,11.25,1476.0,,7.0,,,150.0,,-18.6099853516,3.0,197.5,,,,
121.55327787,560,412,1758900,42.2589325,-83.6779169444,71.0,11.25,1476.0,,7.0,,,150.0,,-18.6099853516,3.0,197.5,,,,
121.55327787,560,412,1759100,42.2589325,-83.6779169444,71.0,11.25,1476.0,,7.0,,,150.0,,-17.1400146484,3.0,197.5,,,,
121.55327787,560,412,1759400,42.2589325,-83.6779169444,71.0,11.25,1476.0,,7.0,,,150.0,,-17.1400146484,3.0,197.0,,,,
121.55327787,560,412,1760000,42.2589325,-83.6779169444,72.0,11.25,1476.0,,7.0,,,150.0,,-17.1400146484,3.0,197.0,,,,
121.55327787,560,412,1760100,42.2589325,-83.6779169444,72.0,11.25,1476.0,,7.0,,,150.0,,-13.7200012207,3.0,197.0,,,,
121.55327787,560,412,1760500,42.2589325,-83.6779169444,72.0,11.25,1535.0,,7.0,,,150.0,,-13.7200012207,3.0,197.0,,,,
121.55327787,560,412,1760600,42.2589325,-83.6779169444,72.0,11.1399993896,1535.0,,7.0,,,150.0,,-13.7200012207,3.0,197.0,,,,
121.55327787,560,412,1761000,42.2589325,-83.6779169444,73.0,11.1399993896,1535.0,,7.0,,,150.0,,-13.7200012207,3.0,197.0,,,,
121.55327787,560,412,1761200,42.2589325,-83.6779169444,73.0,11.1399993896,1535.0,,7.0,,,150.0,,-13.2300109863,3.0,197.0,,,,
121.55327787,560,412,1761900,42.25895,-83.67718,73.0,11.1399993896,1535.0,,7.0,,,150.0,,-13.2300109863,3.0,197.0,,,,
121.55327787,560,412,1762200,42.25895,-83.67718,73.0,11.1399993896,1535.0,,7.0,,,150.0,,-16.1700134277,3.0,197.0,,,,
121.55327787,560,412,1762500,42.25895,-83.67718,73.0,11.1399993896,1118.0,,7.0,,,150.0,,-16.1700134277,3.0,197.0,,,,
121.55327787,560,412,1762600,42.25895,-83.67718,73.0,7.83999967575,1118.0,,7.0,,,150.0,,-16.1700134277,3.0,197.0,,,,
121.55327787,560,412,1763200,42.25895,-83.67718,73.0,7.83999967575,1118.0,,7.0,,,150.0,,-24.4700012207,3.0,197.0,,,,
121.55327787,560,412,1764300,42.25895,-83.67718,73.0,7.83999967575,1118.0,,7.0,,,150.0,,-16.6499938965,3.0,197.0,,,,
121.55327787,560,412,1764500,42.25895,-83.67718,73.0,7.83999967575,1127.0,,7.0,,,150.0,,-16.6499938965,3.0,197.0,,,,
121.55327787,560,412,1764600,42.25895,-83.67718,73.0,7.91999959946,1127.0,,7.0,,,150.0,,-16.6499938965,3.0,197.0,,,,
121.55327787,560,412,1764900,42.2589611111,-83.6764441667,73.0,7.91999959946,1127.0,,7.0,,,150.0,,-16.6499938965,3.0,197.0,,,,
121.55327787,560,412,1765300,42.2589611111,-83.6764441667,73.0,7.91999959946,1127.0,,7.0,,,150.0,,-14.2099914551,3.0,197.0,,,,
121.55327787,560,412,1766400,42.2589611111,-83.6764441667,73.0,7.91999959946,1127.0,,7.0,,,150.0,,-9.80999755859,3.0,197.0,,,,
121.55327787,560,412,1766500,42.2589611111,-83.6764441667,73.0,7.91999959946,1449.0,,7.0,,,150.0,,-9.80999755859,3.0,197.0,,,,
121.55327787,560,412,1766600,42.2589611111,-83.6764441667,73.0,10.6499996185,1449.0,,7.0,,,150.0,,-9.80999755859,3.0,197.0,,,,
121.55327787,560,412,1767400,42.2589611111,-83.6764441667,73.0,10.6499996185,1449.0,,7.0,,,150.0,,-4.44000244141,3.0,197.0,,,,
