DayNum,VehId,Trip,Timestamp(ms),Latitude[deg],Longitude[deg],Vehicle Speed[km/h],MAF[g/sec],Engine RPM[RPM],Absolute Load[%],OAT[DegC],Fuel Rate[L/hr],Air Conditioning Power[kW],Air Conditioning Power[Watts],Heater Power[Watts],HV Battery Current[A],HV Battery SOC[%],HV Battery Voltage[V],Short Term Fuel Trim Bank 1[%],Short Term Fuel Trim Bank 2[%],Long Term Fuel Trim Bank 1[%],Long Term Fuel Trim Bank 2[%]
41.8155068148,484,885,0,42.2318697222,-83.7391702778,30.0,4.76999998093,1034.0,15.6862745285,,,,,,,,,-3.125,-1.5625,-3.90625,-7.03125
41.8155068148,484,885,600,42.2318697222,-83.7391702778,30.0,17.5799999237,1625.0,15.6862745285,,,,,,,,,-3.125,-1.5625,-3.90625,-7.03125
41.8155068148,484,885,1800,42.2318697222,-83.7391702778,34.0,17.5799999237,1625.0,15.6862745285,,,,,,,,,-3.125,-1.5625,-3.90625,-7.03125
41.8155068148,484,885,2700,42.2318697222,-83.7391702778,34.0,8.47000026703,1632.0,15.6862745285,,,,,,,,,-3.125,-1.5625,-3.90625,-7.03125
41.8155068148,484,885,3100,42.2319175,-83.7388030556,34.0,8.47000026703,1632.0,15.6862745285,,,,,,,,,-3.125,-1.5625,-3.90625,-7.03125
41.8155068148,484,885,3700,42.2319175,-83.7388030556,34.0,8.47000026703,1632.0,19.2156867981,,,,,,,,,-3.125,-1.5625,-3.90625,-7.03125
41.8155068148,484,885,4700,42.2319175,-83.7388030556,34.0,4.96999979019,987.0,19.2156867981,,,,,,,,,0.0,0.0,-3.90625,-7.03125
41.8155068148,484,885,6100,42.2319794444,-83.7383497222,34.0,4.96999979019,987.0,19.2156867981,,,,,,,,,0.0,0.0,-3.90625,-7.03125
41.8155068148,484,885,6800,42.2319794444,-83.7383497222,34.0,4.76000022888,974.0,19.2156867981,,,,,,,,,0.0,0.0,-3.90625,-7.03125
41.8155068148,484,885,7100,42.2319794444,-83.7383497222,27.0,4.76000022888,974.0,19.2156867981,,,,,,,,,0.0,0.0,-3.90625,-7.03125
41.8155068148,484,885,8900,42.2319794444,-83.7383497222,27.0,4.01000022888,730.0,18.8235301971,,,,,,,,,0.0,0.0,-3.90625,-7.03125
41.8155068148,484,885,9000,42.2320091667,-83.738,27.0,4.01000022888,730.0,18.8235301971,,,,,,,,,0.0,0.0,-3.90625,-7.03125
41.8155068148,484,885,9100,42.2320091667,-83.738,22.0,4.01000022888,730.0,18.8235301971,,,,,,,,,0.0,0.0,-3.90625,-7.03125
41.8155068148,484,885,9900,42.2320091667,-83.738,22.0,4.01000022888,730.0,18.8235301971,,,,,,,,,-3.90625,-3.90625,-3.90625,-7.03125
41.8155068148,484,885,10200,42.2320091667,-83.738,18.0,4.01000022888,730.0,18.8235301971,,,,,,,,,-3.90625,-3.90625,-3.90625,-7.03125
41.8155068148,484,885,11000,42.2320091667,-83.738,18.0,4.01999998093,757.0,18.8235301971,,,,,,,,,-3.90625,-3.90625,-3.90625,-7.03125
41.8155068148,484,885,12300,42.2320091667,-83.738,16.0,4.01999998093,757.0,18.8235301971,,,,,,,,,-3.90625,-3.90625,-3.90625,-7.03125
41.8155068148,484,885,13000,42.2320491667,-83.7376644444,16.0,4.01999998093,757.0,18.8235301971,,,,,,,,,-3.90625,-3.90625,-3.90625,-7.03125
41.8155068148,484,885,13300,42.2320491667,-83.7376644444,16.0,3.91000008583,746.0,18.8235301971,,,,,,,,,-3.90625,-3.90625,-3.90625,-7.03125
41.8155068148,484,885,13900,42.2320491667,-83.7376644444,16.0,3.91000008583,746.0,23.5294113159,,,,,,,,,-3.90625,-3.90625,-3.90625,-7.03125
41.8155068148,484,885,14500,42.2320491667,-83.7376644444,15.0,3.91000008583,746.0,23.5294113159,,,,,,,,,-3.90625,-3.90625,-3.90625,-7.03125
41.8155068148,484,885,15500,42.2320491667,-83.7376644444,16.0,6.75,873.0,23.5294113159,,,,,,,,,-2.34375,-2.34375,-3.90625,-7.03125
41.8155068148,484,885,16100,42.2320577778,-83.7375186111,16.0,6.75,873.0,23.5294113159,,,,,,,,,-2.34375,-2.34375,-3.90625,-7.03125
41.8155068148,484,885,17500,42.2320577778,-83.7375186111,16.0,4.05000019073,797.0,23.5294113159,,,,,,,,,-2.34375,-2.34375,-3.90625,-7.03125
41.8155068148,484,885,17600,42.2320577778,-83.7375186111,17.0,4.05000019073,797.0,23.5294113159,,,,,,,,,-2.34375,-2.34375,-3.90625,-7.03125
41.8155068148,484,885,18900,42.2320577778,-83.7375186111,17.0,4.05000019073,797.0,16.4705886841,,,,,,,,,-2.34375,-2.34375,-3.90625,-7.03125
41.8155068148,484,885,19000,42.2320613889,-83.7374202778,17.0,4.05000019073,797.0,16.4705886841,,,,,,,,,-2.34375,-2.34375,-3.90625,-7.03125
41.8155068148,484,885,19600,42.2320613889,-83.7374202778,17.0,5.30000019073,859.0,16.4705886841,,,,,,,,,-2.34375,-2.34375,-3.90625,-7.03125
41.8155068148,484,885,20600,42.2320613889,-83.7374202778,17.0,5.30000019073,859.0,16.4705886841,,,,,,,,,3.90625,4.6875,-3.90625,-7.03125
41.8155068148,484,885,21700,42.2320613889,-83.7374202778,17.0,13.029999733,1121.0,16.4705886841,,,,,,,,,3.90625,4.6875,-3.90625,-7.03125
41.8155068148,484,885,22000,42.2321166667,-83.7373633333,17.0,13.029999733,1121.0,16.4705886841,,,,,,,,,3.90625,4.6875,-3.90625,-7.03125
41.8155068148,484,885,22800,42.2321166667,-83.7373633333,18.0,13.029999733,1121.0,16.4705886841,,,,,,,,,3.90625,4.6875,-3.90625,-7.03125
41.8155068148,484,885,23700,42.2321166667,-83.7373633333,18.0,13.4499998093,1502.0,16.4705886841,,,,,,,,,3.90625,4.6875,-3.90625,-7.03125
41.8155068148,484,885,23800,42.2321166667,-83.7373633333,20.0,13.4499998093,1502.0,16.4705886841,,,,,,,,,3.90625,4.6875,-3.90625,-7.03125
41.8155068148,484,885,24000,42.2321166667,-83.7373633333,20.0,13.4499998093,1502.0,26.6666679382,,,,,,,,,3.90625,4.6875,-3.90625,-7.03125
41.8155068148,484,885,25100,42.2321327778,-83.7373777778,20.0,13.4499998093,1502.0,26.6666679382,,,,,,,,,3.90625,4.6875,-3.90625,-7.03125
41.8155068148,484,885,25800,42.2321327778,-83.7373777778,20.0,9.48999977112,1166.0,26.6666679382,,,,,,,,,5.46875,6.25,-3.90625,-7.03125
41.8155068148,484,885,26900,42.2321327778,-83.7373777778,21.0,9.48999977112,1166.0,26.6666679382,,,,,,,,,5.46875,6.25,-3.90625,-7.03125
41.8155068148,484,885,27900,42.2321327778,-83.7373777778,21.0,15.4399995804,1502.0,26.6666679382,,,,,,,,,5.46875,6.25,-3.90625,-7.03125
41.8155068148,484,885,28000,42.2319919444,-83.7376369444,23.0,15.4399995804,1502.0,26.6666679382,,,,,,,,,5.46875,6.25,-3.90625,-7.03125
41.8155068148,484,885,29000,42.2319919444,-83.7376369444,24.0,15.4399995804,1502.0,25.490196228,,,,,,,,,5.46875,6.25,-3.90625,-7.03125
41.8155068148,484,885,30000,42.2319919444,-83.7376369444,24.0,5.21999979019,1110.0,25.490196228,,,,,,,,,5.46875,6.25,-3.90625,-7.03125
41.8155068148,484,885,31000,42.2319919444,-83.7376369444,24.0,5.21999979019,1110.0,25.490196228,,,,,,,,,1.5625,0.78125,-3.90625,-7.03125
41.8155068148,484,885,31100,42.2319919444,-83.7376369444,23.0,5.21999979019,1110.0,25.490196228,,,,,,,,,1.5625,0.78125,-3.90625,-7.03125
41.8155068148,484,885,32000,42.2319602778,-83.7381169444,23.0,5.21999979019,1110.0,25.490196228,,,,,,,,,1.5625,0.78125,-3.90625,-7.03125
41.8155068148,484,885,32100,42.2319602778,-83.7381169444,20.0,4.13999986649,781.0,25.490196228,,,,,,,,,1.5625,0.78125,-3.90625,-7.03125
41.8155068148,484,885,33200,42.2319602778,-83.7381169444,14.0,4.13999986649,781.0,25.490196228,,,,,,,,,1.5625,0.78125,-3.90625,-7.03125
41.8155068148,484,885,34100,42.2319602778,-83.7381169444,14.0,4.07999992371,665.0,20.7843132019,,,,,,,,,1.5625,0.78125,-3.90625,-7.03125
41.8155068148,484,885,34200,42.2319602778,-83.7381169444,9.0,4.07999992371,665.0,20.7843132019,,,,,,,,,1.5625,0.78125,-3.90625,-7.03125
41.8155068148,484,885,35100,42.2318758333,-83.738405,9.0,4.07999992371,665.0,20.7843132019,,,,,,,,,1.5625,0.78125,-3.90625,-7.03125
41.8155068148,484,885,35200,42.2318758333,-83.738405,6.0,4.07999992371,665.0,20.7843132019,,,,,,,,,1.5625,0.78125,-3.90625,-7.03125
41.8155068148,484,885,36200,42.2318758333,-83.738405,6.0,4.0,640.0,20.7843132019,,,,,,,,,-7.8125,-7.8125,-3.90625,-7.03125
41.8155068148,484,885,36300,42.2318758333,-83.738405,2.0,4.0,640.0,20.7843132019,,,,,,,,,-7.8125,-7.8125,-3.90625,-7.03125
41.8155068148,484,885,36500,42.2318758333,-83.738405,2.0,4.0,621.0,20.7843132019,,,,,,,,,-7.8125,-7.8125,-3.90625,-7.03125
41.8155068148,484,885,36600,42.2318758333,-83.738405,2.0,4.05000019073,621.0,20.7843132019,,,,,,,,,-7.8125,-7.8125,-3.90625,-7.03125
41.8155068148,484,885,36700,42.2318758333,-83.738405,2.0,4.05000019073,621.0,22.3529415131,,,,,,,,,-7.8125,-7.8125,-3.90625,-7.03125
41.8155068148,484,885,37300,42.2318758333,-83.738405,2.0,4.05000019073,621.0,22.3529415131,,,,,,,,,-3.125,-6.25,-3.90625,-7.03125
41.8155068148,484,885,37400,42.2318758333,-83.738405,2.0,4.05000019073,621.0,22.3529415131,,,,,,,,,-3.125,-6.25,-11.71875,-7.03125
41.8155068148,484,885,37500,42.2318758333,-83.738405,2.0,4.05000019073,621.0,22.3529415131,,,,,,,,,-3.125,-6.25,-11.71875,-8.59375
41.8155068148,484,885,37600,42.2318758333,-83.738405,0.0,4.05000019073,621.0,22.3529415131,,,,,,,,,-3.125,-6.25,-11.71875,-8.59375
41.8155068148,484,885,38500,42.2318758333,-83.738405,0.0,4.05000019073,629.0,22.3529415131,,,,,,,,,-3.125,-6.25,-11.71875,-8.59375
41.8155068148,484,885,40500,42.2318758333,-83.738405,0.0,4.05000019073,645.0,22.3529415131,,,,,,,,,-3.125,-6.25,-11.71875,-8.59375
41.8155068148,484,885,41700,42.2318758333,-83.738405,0.0,4.05000019073,645.0,21.5686283112,,,,,,,,,-3.125,-6.25,-11.71875,-8.59375
41.8155068148,484,885,42500,42.2318758333,-83.738405,0.0,4.05000019073,640.0,21.5686283112,,,,,,,,,-3.125,-6.25,-11.71875,-8.59375
41.8155068148,484,885,44600,42.2318758333,-83.738405,0.0,4.05000019073,642.0,21.5686283112,,,,,,,,,-3.125,-6.25,-11.71875,-8.59375
41.8155068148,484,885,46900,42.2318758333,-83.738405,0.0,4.07999992371,641.0,21.5686283112,,,,,,,,,-3.125,-6.25,-11.71875,-8.59375
41.8155068148,484,885,47200,42.2318758333,-83.738405,0.0,4.07999992371,641.0,21.5686283112,,,,,,,,,-3.125,-6.25,-11.71875,-8.59375
41.8155068148,484,885,48100,42.2318758333,-83.738405,0.0,4.07999992371,641.0,21.5686283112,,,,,,,,,1.5625,2.34375,-11.71875,-8.59375
41.8155068148,484,885,48900,42.2318758333,-83.738405,0.0,4.07999992371,640.0,21.5686283112,,,,,,,,,1.5625,2.34375,-11.71875,-8.59375
41.8155068148,484,885,49100,42.2319786111,-83.7383469444,0.0,4.07999992371,640.0,21.5686283112,,,,,,,,,1.5625,2.34375,-11.71875,-8.59375
41.8155068148,484,885,50000,42.2319786111,-83.7383469444,0.0,4.07999992371,1367.0,21.5686283112,,,,,,,,,1.5625,2.34375,-11.71875,-8.59375
41.8155068148,484,885,50100,42.2319786111,-83.7383469444,0.0,7.19999980927,1367.0,21.5686283112,,,,,,,,,1.5625,2.34375,-11.71875,-8.59375
41.8155068148,484,885,50200,42.2319786111,-83.7383469444,0.0,7.19999980927,1367.0,18.8235301971,,,,,,,,,1.5625,2.34375,-11.71875,-8.59375
41.8155068148,484,885,50700,42.2319786111,-83.7383469444,0.0,7.19999980927,1367.0,18.8235301971,,,,,,,,,4.6875,2.34375,-11.71875,-8.59375
41.8155068148,484,885,50800,42.2319786111,-83.7383469444,0.0,7.19999980927,1367.0,18.8235301971,,,,,,,,,4.6875,6.25,-11.71875,-8.59375
41.8155068148,484,885,50900,42.2319786111,-83.7383469444,0.0,7.19999980927,1367.0,18.8235301971,,,,,,,,,4.6875,6.25,-3.90625,-8.59375
41.8155068148,484,885,51000,42.2319786111,-83.7383469444,5.0,7.19999980927,1367.0,18.8235301971,,,,,,,,,4.6875,6.25,-3.90625,-4.6875
41.8155068148,484,885,52000,42.2319786111,-83.7383469444,5.0,7.19999980927,808.0,18.8235301971,,,,,,,,,4.6875,6.25,-3.90625,-4.6875
41.8155068148,484,885,52100,42.2321075,-83.7382838889,5.0,5.44999980927,808.0,18.8235301971,,,,,,,,,4.6875,6.25,-3.90625,-4.6875
41.8155068148,484,885,54000,42.2321075,-83.7382838889,5.0,5.44999980927,733.0,18.8235301971,,,,,,,,,4.6875,6.25,-3.90625,-4.6875
41.8155068148,484,885,54100,42.2321075,-83.7382838889,5.0,4.26000022888,733.0,18.8235301971,,,,,,,,,4.6875,6.25,-3.90625,-4.6875
41.8155068148,484,885,55100,42.2322369444,-83.7382586111,5.0,4.26000022888,733.0,18.8235301971,,,,,,,,,4.6875,6.25,-3.90625,-4.6875
41.8155068148,484,885,55200,42.2322369444,-83.7382586111,5.0,4.26000022888,733.0,21.1764717102,,,,,,,,,4.6875,6.25,-3.90625,-4.6875
41.8155068148,484,885,56000,42.2322369444,-83.7382586111,5.0,4.26000022888,624.0,21.1764717102,,,,,,,,,4.6875,6.25,-3.90625,-4.6875
41.8155068148,484,885,56100,42.2322369444,-83.7382586111,5.0,4.01999998093,624.0,21.1764717102,,,,,,,,,4.6875,6.25,-3.90625,-4.6875
41.8155068148,484,885,56200,42.2322369444,-83.7382586111,2.0,4.01999998093,624.0,21.1764717102,,,,,,,,,4.6875,6.25,-3.90625,-4.6875
41.8155068148,484,885,56300,42.2322369444,-83.7382586111,2.0,4.01999998093,616.0,21.1764717102,,,,,,,,,4.6875,6.25,-3.90625,-4.6875
41.8155068148,484,885,56400,42.2322369444,-83.7382586111,2.0,4.07000017166,616.0,21.1764717102,,,,,,,,,4.6875,6.25,-3.90625,-4.6875
41.8155068148,484,885,56500,42.2322369444,-83.7382586111,2.0,4.07000017166,616.0,22.3529415131,,,,,,,,,4.6875,6.25,-3.90625,-4.6875
41.8155068148,484,885,57100,42.2322369444,-83.7382586111,2.0,4.07000017166,616.0,22.3529415131,,,,,,,,,0.0,0.0,-3.90625,-4.6875
41.8155068148,484,885,57200,42.2322369444,-83.7382586111,2.0,4.07000017166,616.0,22.3529415131,,,,,,,,,0.0,0.0,-13.28125,-4.6875
41.8155068148,484,885,57300,42.2322369444,-83.7382586111,2.0,4.07000017166,616.0,22.3529415131,,,,,,,,,0.0,0.0,-13.28125,-10.9375
41.8155068148,484,885,57400,42.2322369444,-83.7382586111,0.0,4.07000017166,616.0,22.3529415131,,,,,,,,,0.0,0.0,-13.28125,-10.9375
41.8155068148,484,885,58300,42.2322369444,-83.7382586111,0.0,4.07000017166,633.0,22.3529415131,,,,,,,,,0.0,0.0,-13.28125,-10.9375
41.8155068148,484,885,60300,42.2322369444,-83.7382586111,0.0,4.07000017166,627.0,22.3529415131,,,,,,,,,0.0,0.0,-13.28125,-10.9375
41.8155068148,484,885,61400,42.2322369444,-83.7382586111,0.0,4.09999990463,627.0,22.3529415131,,,,,,,,,0.0,0.0,-13.28125,-10.9375
41.8155068148,484,885,61500,42.2322369444,-83.7382586111,0.0,4.09999990463,627.0,21.5686283112,,,,,,,,,0.0,0.0,-13.28125,-10.9375
41.8155068148,484,885,62300,42.2322369444,-83.7382586111,0.0,4.09999990463,646.0,21.5686283112,,,,,,,,,0.0,0.0,-13.28125,-10.9375
41.8155068148,484,885,64100,42.2323261111,-83.7382025,0.0,4.09999990463,646.0,21.5686283112,,,,,,,,,0.0,0.0,-13.28125,-10.9375
41.8155068148,484,885,64400,42.2323261111,-83.7382025,0.0,4.09999990463,1256.0,21.5686283112,,,,,,,,,0.0,0.0,-13.28125,-10.9375
41.8155068148,484,885,64700,42.2323261111,-83.7382025,0.0,4.09999990463,839.0,21.5686283112,,,,,,,,,0.0,0.0,-13.28125,-10.9375
41.8155068148,484,885,64800,42.2323261111,-83.7382025,0.0,7.76000022888,839.0,21.5686283112,,,,,,,,,0.0,0.0,-13.28125,-10.9375
41.8155068148,484,885,64900,42.2323261111,-83.7382025,0.0,7.76000022888,839.0,32.1568641663,,,,,,,,,0.0,0.0,-13.28125,-10.9375
41.8155068148,484,885,65600,42.2323261111,-83.7382025,0.0,7.76000022888,839.0,32.1568641663,,,,,,,,,0.0,0.0,-0.78125,-10.9375
41.8155068148,484,885,65700,42.2323261111,-83.7382025,0.0,7.76000022888,839.0,32.1568641663,,,,,,,,,0.0,0.0,-0.78125,-1.5625
41.8155068148,484,885,65800,42.2323261111,-83.7382025,7.0,7.76000022888,839.0,32.1568641663,,,,,,,,,0.0,0.0,-0.78125,-1.5625
41.8155068148,484,885,66700,42.2323261111,-83.7382025,7.0,7.76000022888,1070.0,32.1568641663,,,,,,,,,0.0,0.0,-0.78125,-1.5625
41.8155068148,484,885,66800,42.2323261111,-83.7382025,7.0,11.1400003433,1070.0,32.1568641663,,,,,,,,,0.0,0.0,-0.78125,-1.5625
41.8155068148,484,885,67100,42.2323311111,-83.7382633333,7.0,11.1400003433,1070.0,32.1568641663,,,,,,,,,0.0,0.0,-0.78125,-1.5625
41.8155068148,484,885,67800,42.2323311111,-83.7382633333,11.0,11.1400003433,1070.0,32.1568641663,,,,,,,,,0.0,0.0,-0.78125,-1.5625
41.8155068148,484,885,68700,42.2323311111,-83.7382633333,11.0,11.1400003433,1516.0,32.1568641663,,,,,,,,,0.0,0.0,-0.78125,-1.5625
41.8155068148,484,885,68800,42.2323311111,-83.7382633333,11.0,15.7700004578,1516.0,32.1568641663,,,,,,,,,0.0,0.0,-0.78125,-1.5625
41.8155068148,484,885,68900,42.2323311111,-83.7382633333,15.0,15.7700004578,1516.0,32.1568641663,,,,,,,,,0.0,0.0,-0.78125,-1.5625
41.8155068148,484,885,69900,42.2323311111,-83.7382633333,18.0,15.7700004578,1516.0,32.1568641663,,,,,,,,,0.0,0.0,-0.78125,-1.5625
41.8155068148,484,885,70000,42.2323769444,-83.7384419444,18.0,15.7700004578,1516.0,32.1568641663,,,,,,,,,0.0,0.0,-0.78125,-1.5625
41.8155068148,484,885,70700,42.2323769444,-83.7384419444,18.0,15.7700004578,1014.0,32.1568641663,,,,,,,,,0.0,0.0,-0.78125,-1.5625
41.8155068148,484,885,70800,42.2323769444,-83.7384419444,18.0,6.75,1014.0,32.1568641663,,,,,,,,,0.0,0.0,-0.78125,-1.5625
41.8155068148,484,885,71000,42.2323769444,-83.7384419444,20.0,6.75,1014.0,32.1568641663,,,,,,,,,0.0,0.0,-0.78125,-1.5625
41.8155068148,484,885,72800,42.2323769444,-83.7384419444,20.0,7.40999984741,1105.0,32.1568641663,,,,,,,,,0.0,0.0,-0.78125,-1.5625
41.8155068148,484,885,73000,42.2323769444,-83.7384419444,21.0,7.40999984741,1105.0,32.1568641663,,,,,,,,,0.0,0.0,-0.78125,-1.5625
41.8155068148,484,885,73100,42.2323836111,-83.7386466667,21.0,7.40999984741,1105.0,32.1568641663,,,,,,,,,0.0,0.0,-0.78125,-1.5625
41.8155068148,484,885,74900,42.2323836111,-83.7386466667,21.0,24.3600006104,1663.0,32.1568641663,,,,,,,,,0.0,0.0,-0.78125,-1.5625
41.8155068148,484,885,75000,42.2323836111,-83.7386466667,21.0,24.3600006104,1663.0,50.9803924561,,,,,,,,,0.0,0.0,-0.78125,-1.5625
41.8155068148,484,885,75100,42.2323836111,-83.7386466667,23.0,24.3600006104,1663.0,50.9803924561,,,,,,,,,0.0,0.0,-0.78125,-1.5625
41.8155068148,484,885,75900,42.2323836111,-83.7386466667,23.0,24.3600006104,1663.0,50.9803924561,,,,,,,,,-3.125,-6.25,-0.78125,-1.5625
41.8155068148,484,885,76100,42.2324302778,-83.7387844444,23.0,24.3600006104,1663.0,50.9803924561,,,,,,,,,-3.125,-6.25,-0.78125,-1.5625
41.8155068148,484,885,76200,42.2324302778,-83.7387844444,26.0,24.3600006104,1663.0,50.9803924561,,,,,,,,,-3.125,-6.25,-0.78125,-1.5625
41.8155068148,484,885,77000,42.2324302778,-83.7387844444,26.0,36.2099990845,2161.0,50.9803924561,,,,,,,,,-3.125,-6.25,-0.78125,-1.5625
41.8155068148,484,885,77200,42.2324302778,-83.7387844444,31.0,36.2099990845,2161.0,50.9803924561,,,,,,,,,-3.125,-6.25,-0.78125,-1.5625
41.8155068148,484,885,78200,42.2324302778,-83.7387844444,36.0,36.2099990845,2161.0,50.9803924561,,,,,,,,,-3.125,-6.25,-0.78125,-1.5625
41.8155068148,484,885,79100,42.2324302778,-83.7387844444,36.0,39.9099998474,2383.0,50.9803924561,,,,,,,,,-3.125,-6.25,-0.78125,-1.5625
41.8155068148,484,885,79300,42.2324302778,-83.7387844444,41.0,39.9099998474,2383.0,50.9803924561,,,,,,,,,-3.125,-6.25,-0.78125,-1.5625
41.8155068148,484,885,80000,42.2326052778,-83.7389247222,41.0,39.9099998474,2383.0,50.9803924561,,,,,,,,,-3.125,-6.25,-0.78125,-1.5625
41.8155068148,484,885,80100,42.2326052778,-83.7389247222,41.0,39.9099998474,2383.0,52.9411773682,,,,,,,,,-3.125,-6.25,-0.78125,-1.5625
41.8155068148,484,885,80400,42.2326052778,-83.7389247222,46.0,39.9099998474,2383.0,52.9411773682,,,,,,,,,-3.125,-6.25,-0.78125,-1.5625
41.8155068148,484,885,81300,42.2326052778,-83.7389247222,46.0,32.2200012207,2098.0,52.9411773682,,,,,,,,,-2.34375,-1.5625,-0.78125,-1.5625
41.8155068148,484,885,81400,42.2326052778,-83.7389247222,49.0,32.2200012207,2098.0,52.9411773682,,,,,,,,,-2.34375,-1.5625,-0.78125,-1.5625
41.8155068148,484,885,82500,42.2326052778,-83.7389247222,52.0,32.2200012207,2098.0,52.9411773682,,,,,,,,,-2.34375,-1.5625,-0.78125,-1.5625
41.8155068148,484,885,83200,42.2329022222,-83.73898,52.0,32.2200012207,2098.0,52.9411773682,,,,,,,,,-2.34375,-1.5625,-0.78125,-1.5625
41.8155068148,484,885,83600,42.2329022222,-83.73898,55.0,28.8099994659,1816.0,52.9411773682,,,,,,,,,-2.34375,-1.5625,-0.78125,-1.5625
41.8155068148,484,885,84700,42.2329022222,-83.73898,56.0,28.8099994659,1816.0,52.9411773682,,,,,,,,,-2.34375,-1.5625,-0.78125,-1.5625
41.8155068148,484,885,85200,42.2329022222,-83.73898,56.0,28.8099994659,1816.0,40.0,,,,,,,,,-2.34375,-1.5625,-0.78125,-1.5625
41.8155068148,484,885,85700,42.2329022222,-83.73898,59.0,20.7800006866,1618.0,40.0,,,,,,,,,-2.34375,-1.5625,-0.78125,-1.5625
41.8155068148,484,885,86100,42.2333475,-83.7389891667,59.0,20.7800006866,1618.0,40.0,,,,,,,,,-2.34375,-1.5625,-0.78125,-1.5625
41.8155068148,484,885,86800,42.2333475,-83.7389891667,58.0,20.7800006866,1618.0,40.0,,,,,,,,,1.5625,6.25,-0.78125,-1.5625
41.8155068148,484,885,87800,42.2333475,-83.7389891667,58.0,17.5400009155,1757.0,40.0,,,,,,,,,1.5625,6.25,-0.78125,-1.5625
41.8155068148,484,885,89200,42.2337955556,-83.7390016667,58.0,17.5400009155,1757.0,40.0,,,,,,,,,1.5625,6.25,-0.78125,-1.5625
41.8155068148,484,885,89900,42.2337955556,-83.7390016667,58.0,17.5900001526,1673.0,40.0,,,,,,,,,1.5625,6.25,-0.78125,-1.5625
41.8155068148,484,885,90200,42.2337955556,-83.7390016667,58.0,17.5900001526,1673.0,36.4705886841,,,,,,,,,1.5625,6.25,-0.78125,-1.5625
41.8155068148,484,885,90900,42.2337955556,-83.7390016667,59.0,17.5900001526,1673.0,36.4705886841,,,,,,,,,1.5625,6.25,-0.78125,-1.5625
41.8155068148,484,885,92000,42.2337955556,-83.7390016667,59.0,24.6100006104,1797.0,36.4705886841,,,,,,,,,2.34375,5.46875,-0.78125,-1.5625
41.8155068148,484,885,93000,42.2344180556,-83.7389752778,60.0,24.6100006104,1797.0,36.4705886841,,,,,,,,,2.34375,5.46875,-0.78125,-1.5625
41.8155068148,484,885,94100,42.2344180556,-83.7389752778,61.0,21.4300003052,1689.0,36.4705886841,,,,,,,,,2.34375,5.46875,-0.78125,-1.5625
41.8155068148,484,885,95100,42.2344180556,-83.7389752778,62.0,21.4300003052,1689.0,36.4705886841,,,,,,,,,2.34375,5.46875,-0.78125,-1.5625
41.8155068148,484,885,95200,42.2344180556,-83.7389752778,62.0,21.4300003052,1689.0,42.745098114,,,,,,,,,2.34375,5.46875,-0.78125,-1.5625
41.8155068148,484,885,96000,42.2349127778,-83.7389791667,62.0,21.4300003052,1689.0,42.745098114,,,,,,,,,2.34375,5.46875,-0.78125,-1.5625
41.8155068148,484,885,96100,42.2349127778,-83.7389791667,61.0,22.5699996948,1732.0,42.745098114,,,,,,,,,2.34375,5.46875,-0.78125,-1.5625
41.8155068148,484,885,97200,42.2349127778,-83.7389791667,62.0,22.5699996948,1732.0,42.745098114,,,,,,,,,0.0,0.78125,-0.78125,-1.5625
41.8155068148,484,885,98200,42.2349127778,-83.7389791667,63.0,25.2099990845,1739.0,42.745098114,,,,,,,,,0.0,0.78125,-0.78125,-1.5625
41.8155068148,484,885,99100,42.2354322222,-83.7390155556,63.0,25.2099990845,1739.0,42.745098114,,,,,,,,,0.0,0.78125,-0.78125,-1.5625
41.8155068148,484,885,99300,42.2354322222,-83.7390155556,64.0,25.2099990845,1739.0,42.745098114,,,,,,,,,0.0,0.78125,-0.78125,-1.5625
41.8155068148,484,885,100300,42.2354322222,-83.7390155556,65.0,25.7099990845,1788.0,48.6274528503,,,,,,,,,0.0,0.78125,-0.78125,-1.5625
41.8155068148,484,885,102100,42.2359377778,-83.73901,65.0,25.7099990845,1788.0,48.6274528503,,,,,,,,,0.0,0.78125,-0.78125,-1.5625
41.8155068148,484,885,102400,42.2359377778,-83.73901,64.0,18.0499992371,1795.0,48.6274528503,,,,,,,,,-0.78125,-1.5625,-0.78125,-1.5625
41.8155068148,484,885,104500,42.2359377778,-83.73901,64.0,8.43999958038,1357.0,48.6274528503,,,,,,,,,-0.78125,-1.5625,-0.78125,-1.5625
41.8155068148,484,885,105000,42.2364394444,-83.7390105556,64.0,8.43999958038,1357.0,48.6274528503,,,,,,,,,-0.78125,-1.5625,-0.78125,-1.5625
41.8155068148,484,885,105500,42.2364394444,-83.7390105556,62.0,8.43999958038,1357.0,20.7843132019,,,,,,,,,-0.78125,-1.5625,-0.78125,-1.5625
41.8155068148,484,885,106500,42.2364394444,-83.7390105556,61.0,8.18000030518,1240.0,20.7843132019,,,,,,,,,-0.78125,-1.5625,-0.78125,-1.5625
41.8155068148,484,885,107600,42.2364394444,-83.7390105556,60.0,8.18000030518,1240.0,20.7843132019,,,,,,,,,0.78125,0.0,-0.78125,-1.5625
41.8155068148,484,885,108000,42.2368794444,-83.7389911111,60.0,8.18000030518,1240.0,20.7843132019,,,,,,,,,0.78125,0.0,-0.78125,-1.5625
41.8155068148,484,885,108900,42.2368794444,-83.7389911111,59.0,5.30000019073,1124.0,20.7843132019,,,,,,,,,0.78125,0.0,-0.78125,-1.5625
41.8155068148,484,885,110000,42.2368794444,-83.7389911111,55.0,5.30000019073,1124.0,20.7843132019,,,,,,,,,0.78125,0.0,-0.78125,-1.5625
41.8155068148,484,885,110500,42.2368794444,-83.7389911111,55.0,5.30000019073,1124.0,16.0784320831,,,,,,,,,0.78125,0.0,-0.78125,-1.5625
41.8155068148,484,885,110900,42.2368794444,-83.7389911111,55.0,4.11999988556,691.0,16.0784320831,,,,,,,,,0.78125,0.0,-0.78125,-1.5625
41.8155068148,484,885,111000,42.2368794444,-83.7389911111,51.0,4.11999988556,691.0,16.0784320831,,,,,,,,,0.78125,0.0,-0.78125,-1.5625
41.8155068148,484,885,111100,42.2372708333,-83.7389569444,51.0,4.11999988556,691.0,16.0784320831,,,,,,,,,0.78125,0.0,-0.78125,-1.5625
41.8155068148,484,885,112000,42.2372708333,-83.7389569444,46.0,4.11999988556,691.0,16.0784320831,,,,,,,,,0.78125,0.0,-0.78125,-1.5625
41.8155068148,484,885,112600,42.2372708333,-83.7389569444,46.0,4.11999988556,691.0,16.0784320831,,,,,,,,,-6.25,-3.125,-0.78125,-1.5625
41.8155068148,484,885,112900,42.2372708333,-83.7389569444,46.0,3.91000008583,742.0,16.0784320831,,,,,,,,,-6.25,-3.125,-0.78125,-1.5625
41.8155068148,484,885,113100,42.2372708333,-83.7389569444,45.0,3.91000008583,742.0,16.0784320831,,,,,,,,,-6.25,-3.125,-0.78125,-1.5625
41.8155068148,484,885,114100,42.2376469444,-83.7390047222,45.0,3.91000008583,742.0,16.0784320831,,,,,,,,,-6.25,-3.125,-0.78125,-1.5625
41.8155068148,484,885,114600,42.2376469444,-83.7390047222,42.0,3.91000008583,742.0,16.0784320831,,,,,,,,,-6.25,-3.125,-0.78125,-1.5625
41.8155068148,484,885,114900,42.2376469444,-83.7390047222,42.0,3.84999990463,719.0,16.0784320831,,,,,,,,,-6.25,-3.125,-0.78125,-1.5625
41.8155068148,484,885,115700,42.2376469444,-83.7390047222,39.0,3.84999990463,719.0,18.0392150879,,,,,,,,,-6.25,-3.125,-0.78125,-1.5625
41.8155068148,484,885,116700,42.2376469444,-83.7390047222,34.0,3.84999990463,719.0,18.0392150879,,,,,,,,,-6.25,-3.125,-0.78125,-1.5625
41.8155068148,484,885,117000,42.2376469444,-83.7390047222,34.0,3.86999988556,710.0,18.0392150879,,,,,,,,,-6.25,-3.125,-0.78125,-1.5625
41.8155068148,484,885,117800,42.2376469444,-83.7390047222,30.0,3.86999988556,710.0,18.0392150879,,,,,,,,,-5.46875,-3.90625,-0.78125,-1.5625
41.8155068148,484,885,118200,42.2381052778,-83.7389183333,30.0,3.86999988556,710.0,18.0392150879,,,,,,,,,-5.46875,-3.90625,-0.78125,-1.5625
41.8155068148,484,885,119100,42.2381052778,-83.7389183333,24.0,3.88000011444,764.0,18.0392150879,,,,,,,,,-5.46875,-3.90625,-0.78125,-1.5625
41.8155068148,484,885,120200,42.2381052778,-83.7389183333,17.0,3.88000011444,764.0,18.0392150879,,,,,,,,,-5.46875,-3.90625,-0.78125,-1.5625
41.8155068148,484,885,120600,42.2381052778,-83.7389183333,17.0,3.88000011444,764.0,21.9607849121,,,,,,,,,-5.46875,-3.90625,-0.78125,-1.5625
41.8155068148,484,885,121100,42.2384280556,-83.7389611111,17.0,3.88000011444,764.0,21.9607849121,,,,,,,,,-5.46875,-3.90625,-0.78125,-1.5625
41.8155068148,484,885,121200,42.2384280556,-83.7389611111,11.0,3.96000003815,609.0,21.9607849121,,,,,,,,,-5.46875,-3.90625,-0.78125,-1.5625
41.8155068148,484,885,122300,42.2384280556,-83.7389611111,6.0,3.96000003815,609.0,21.9607849121,,,,,,,,,-5.46875,-3.90625,-0.78125,-1.5625
41.8155068148,484,885,122800,42.2384280556,-83.7389611111,6.0,3.96000003815,609.0,21.9607849121,,,,,,,,,1.5625,4.6875,-0.78125,-1.5625
41.8155068148,484,885,123300,42.2384280556,-83.7389611111,3.0,3.94000005722,634.0,21.9607849121,,,,,,,,,1.5625,4.6875,-0.78125,-1.5625
41.8155068148,484,885,124100,42.23861,-83.738895,3.0,3.94000005722,634.0,21.9607849121,,,,,,,,,1.5625,4.6875,-0.78125,-1.5625
41.8155068148,484,885,124300,42.23861,-83.738895,1.0,3.94000005722,634.0,21.9607849121,,,,,,,,,1.5625,4.6875,-0.78125,-1.5625
41.8155068148,484,885,124600,42.23861,-83.738895,1.0,3.94000005722,630.0,21.9607849121,,,,,,,,,1.5625,4.6875,-0.78125,-1.5625
41.8155068148,484,885,124700,42.23861,-83.738895,1.0,3.94000005722,630.0,21.1764717102,,,,,,,,,1.5625,4.6875,-0.78125,-1.5625
41.8155068148,484,885,125300,42.23861,-83.738895,1.0,3.94000005722,630.0,21.1764717102,,,,,,,,,0.0,4.6875,-0.78125,-1.5625
41.8155068148,484,885,125400,42.23861,-83.738895,1.0,3.94000005722,630.0,21.1764717102,,,,,,,,,0.0,0.78125,-9.375,-1.5625
41.8155068148,484,885,125500,42.23861,-83.738895,1.0,3.94000005722,630.0,21.1764717102,,,,,,,,,0.0,0.78125,-9.375,-5.46875
41.8155068148,484,885,125600,42.23861,-83.738895,0.0,3.94000005722,630.0,21.1764717102,,,,,,,,,0.0,0.78125,-9.375,-5.46875
41.8155068148,484,885,126600,42.23861,-83.738895,0.0,3.94000005722,638.0,21.1764717102,,,,,,,,,0.0,0.78125,-9.375,-5.46875
41.8155068148,484,885,128600,42.23861,-83.738895,0.0,3.94000005722,627.0,21.1764717102,,,,,,,,,0.0,0.78125,-9.375,-5.46875
41.8155068148,484,885,129700,42.23861,-83.738895,0.0,3.97000002861,627.0,21.1764717102,,,,,,,,,0.0,0.78125,-9.375,-5.46875
41.8155068148,484,885,129800,42.23861,-83.738895,0.0,3.97000002861,627.0,21.5686283112,,,,,,,,,0.0,0.78125,-9.375,-5.46875
41.8155068148,484,885,130600,42.23861,-83.738895,0.0,3.97000002861,645.0,21.5686283112,,,,,,,,,0.0,0.78125,-9.375,-5.46875
41.8155068148,484,885,132700,42.23861,-83.738895,0.0,3.97000002861,650.0,21.5686283112,,,,,,,,,0.0,0.78125,-9.375,-5.46875
41.8155068148,484,885,134700,42.23861,-83.738895,0.0,4.09000015259,647.0,21.5686283112,,,,,,,,,0.0,0.78125,-9.375,-5.46875
41.8155068148,484,885,135800,42.23861,-83.738895,0.0,4.09000015259,647.0,21.5686283112,,,,,,,,,0.78125,0.0,-9.375,-5.46875
41.8155068148,484,885,136800,42.23861,-83.738895,0.0,4.09000015259,632.0,21.5686283112,,,,,,,,,0.78125,0.0,-9.375,-5.46875
41.8155068148,484,885,138900,42.23861,-83.738895,0.0,4.09000015259,631.0,21.5686283112,,,,,,,,,0.78125,0.0,-9.375,-5.46875
41.8155068148,484,885,139900,42.23861,-83.738895,0.0,4.09999990463,631.0,21.9607849121,,,,,,,,,0.78125,0.0,-9.375,-5.46875
41.8155068148,484,885,141000,42.23861,-83.738895,0.0,4.09999990463,642.0,21.9607849121,,,,,,,,,0.0,0.0,-9.375,-5.46875
41.8155068148,484,885,143100,42.23861,-83.738895,0.0,4.09999990463,635.0,21.9607849121,,,,,,,,,0.0,0.0,-9.375,-5.46875
41.8155068148,484,885,145100,42.23861,-83.738895,0.0,4.05000019073,641.0,21.5686283112,,,,,,,,,0.0,0.0,-9.375,-5.46875
41.8155068148,484,885,146200,42.23861,-83.738895,0.0,4.05000019073,641.0,21.5686283112,,,,,,,,,0.0,-1.5625,-9.375,-5.46875
41.8155068148,484,885,147000,42.2382602778,-83.7388125,0.0,4.05000019073,641.0,21.5686283112,,,,,,,,,0.0,-1.5625,-9.375,-5.46875
41.8155068148,484,885,147200,42.2382602778,-83.7388125,0.0,4.05000019073,651.0,21.5686283112,,,,,,,,,0.0,-1.5625,-9.375,-5.46875
41.8155068148,484,885,147500,42.2382602778,-83.7388125,0.0,4.05000019073,647.0,21.5686283112,,,,,,,,,0.0,-1.5625,-9.375,-5.46875
41.8155068148,484,885,147600,42.2382602778,-83.7388125,0.0,3.98000001907,647.0,21.5686283112,,,,,,,,,0.0,-1.5625,-9.375,-5.46875
41.8155068148,484,885,147700,42.2382602778,-83.7388125,0.0,3.98000001907,647.0,21.1764717102,,,,,,,,,0.0,-1.5625,-9.375,-5.46875
41.8155068148,484,885,148300,42.2382602778,-83.7388125,0.0,3.98000001907,647.0,21.1764717102,,,,,,,,,0.0,0.78125,-9.375,-5.46875
41.8155068148,484,885,148400,42.2382602778,-83.7388125,0.0,3.98000001907,647.0,21.1764717102,,,,,,,,,0.0,0.78125,-0.78125,-5.46875
41.8155068148,484,885,148500,42.2382602778,-83.7388125,0.0,3.98000001907,647.0,21.1764717102,,,,,,,,,0.0,0.78125,-0.78125,-1.5625
41.8155068148,484,885,148600,42.2382602778,-83.7388125,6.0,3.98000001907,647.0,21.1764717102,,,,,,,,,0.0,0.78125,-0.78125,-1.5625
41.8155068148,484,885,149600,42.2382602778,-83.7388125,6.0,17.3400001526,1497.0,21.1764717102,,,,,,,,,0.0,0.78125,-0.78125,-1.5625
41.8155068148,484,885,150100,42.23822,-83.7387666667,6.0,17.3400001526,1497.0,21.1764717102,,,,,,,,,0.0,0.78125,-0.78125,-1.5625
41.8155068148,484,885,150700,42.23822,-83.7387666667,14.0,17.3400001526,1497.0,21.1764717102,,,,,,,,,0.0,0.78125,-0.78125,-1.5625
41.8155068148,484,885,151700,42.23822,-83.7387666667,14.0,32.0299987793,2197.0,21.1764717102,,,,,,,,,0.0,0.78125,-0.78125,-1.5625
41.8155068148,484,885,151800,42.23822,-83.7387666667,21.0,32.0299987793,2197.0,21.1764717102,,,,,,,,,0.0,0.78125,-0.78125,-1.5625
41.8155068148,484,885,152700,42.23822,-83.7387666667,21.0,32.0299987793,2197.0,34.509803772,,,,,,,,,0.0,0.78125,-0.78125,-1.5625
41.8155068148,484,885,152800,42.23822,-83.7387666667,31.0,32.0299987793,2197.0,34.509803772,,,,,,,,,0.0,0.78125,-0.78125,-1.5625
41.8155068148,484,885,153100,42.2382366667,-83.7386702778,31.0,32.0299987793,2197.0,34.509803772,,,,,,,,,0.0,0.78125,-0.78125,-1.5625
41.8155068148,484,885,153800,42.2382366667,-83.7386702778,31.0,26.5900001526,1973.0,34.509803772,,,,,,,,,0.0,0.78125,-0.78125,-1.5625
41.8155068148,484,885,154900,42.2382366667,-83.7386702778,35.0,26.5900001526,1973.0,34.509803772,,,,,,,,,0.0,0.78125,-0.78125,-1.5625
41.8155068148,484,885,155900,42.2382366667,-83.7386702778,35.0,20.7000007629,1964.0,34.509803772,,,,,,,,,0.0,0.78125,-0.78125,-1.5625
41.8155068148,484,885,156000,42.2383966667,-83.738595,38.0,20.7000007629,1964.0,34.509803772,,,,,,,,,0.0,0.78125,-0.78125,-1.5625
41.8155068148,484,885,157000,42.2383966667,-83.738595,41.0,20.7000007629,1964.0,34.509803772,,,,,,,,,0.0,0.78125,-0.78125,-1.5625
41.8155068148,484,885,158000,42.2383966667,-83.738595,43.0,21.3099994659,1826.0,37.6470603943,,,,,,,,,0.0,0.78125,-0.78125,-1.5625
41.8155068148,484,885,159000,42.2383966667,-83.738595,43.0,21.3099994659,1826.0,37.6470603943,,,,,,,,,3.125,1.5625,-0.78125,-1.5625
41.8155068148,484,885,159100,42.2383966667,-83.738595,46.0,21.3099994659,1826.0,37.6470603943,,,,,,,,,3.125,1.5625,-0.78125,-1.5625
41.8155068148,484,885,160000,42.2388152778,-83.7384872222,46.0,21.3099994659,1826.0,37.6470603943,,,,,,,,,3.125,1.5625,-0.78125,-1.5625
41.8155068148,484,885,160100,42.2388152778,-83.7384872222,46.0,6.01999998093,1284.0,37.6470603943,,,,,,,,,3.125,1.5625,-0.78125,-1.5625
41.8155068148,484,885,161200,42.2388152778,-83.7384872222,44.0,6.01999998093,1284.0,37.6470603943,,,,,,,,,3.125,1.5625,-0.78125,-1.5625
41.8155068148,484,885,162100,42.2388152778,-83.7384872222,44.0,13.8500003815,1607.0,37.6470603943,,,,,,,,,3.125,1.5625,-0.78125,-1.5625
41.8155068148,484,885,162200,42.2388152778,-83.7384872222,46.0,13.8500003815,1607.0,37.6470603943,,,,,,,,,3.125,1.5625,-0.78125,-1.5625
41.8155068148,484,885,163100,42.2391175,-83.7384116667,46.0,13.8500003815,1607.0,37.6470603943,,,,,,,,,3.125,1.5625,-0.78125,-1.5625
41.8155068148,484,885,163200,42.2391175,-83.7384116667,47.0,13.8500003815,1607.0,16.862745285,,,,,,,,,3.125,1.5625,-0.78125,-1.5625
41.8155068148,484,885,164200,42.2391175,-83.7384116667,47.0,6.13999986649,1250.0,16.862745285,,,,,,,,,1.5625,4.6875,-0.78125,-1.5625
41.8155068148,484,885,164300,42.2391175,-83.7384116667,44.0,6.13999986649,1250.0,16.862745285,,,,,,,,,1.5625,4.6875,-0.78125,-1.5625
41.8155068148,484,885,165300,42.2391175,-83.7384116667,37.0,6.13999986649,1250.0,16.862745285,,,,,,,,,1.5625,4.6875,-0.78125,-1.5625
41.8155068148,484,885,166100,42.239405,-83.7383894444,37.0,6.13999986649,1250.0,16.862745285,,,,,,,,,1.5625,4.6875,-0.78125,-1.5625
41.8155068148,484,885,166300,42.239405,-83.7383894444,37.0,4.09999990463,803.0,16.862745285,,,,,,,,,1.5625,4.6875,-0.78125,-1.5625
41.8155068148,484,885,166400,42.239405,-83.7383894444,32.0,4.09999990463,803.0,16.862745285,,,,,,,,,1.5625,4.6875,-0.78125,-1.5625
41.8155068148,484,885,167400,42.239405,-83.7383894444,26.0,4.09999990463,803.0,16.862745285,,,,,,,,,1.5625,4.6875,-0.78125,-1.5625
41.8155068148,484,885,167600,42.239405,-83.7383894444,26.0,4.09999990463,803.0,16.862745285,,,,,,,,,1.5625,4.6875,-0.78125,-1.5625
41.8155068148,484,885,168400,42.239405,-83.7383894444,20.0,3.94000005722,753.0,18.0392150879,,,,,,,,,1.5625,4.6875,-0.78125,-1.5625
41.8155068148,484,885,170100,42.2396369444,-83.7383791667,20.0,3.94000005722,753.0,18.0392150879,,,,,,,,,1.5625,4.6875,-0.78125,-1.5625
41.8155068148,484,885,170200,42.2396369444,-83.7383791667,18.0,3.94000005722,753.0,18.0392150879,,,,,,,,,-2.34375,3.90625,-0.78125,-1.5625
41.8155068148,484,885,170400,42.2396369444,-83.7383791667,18.0,17.3199996948,1531.0,18.0392150879,,,,,,,,,-2.34375,3.90625,-0.78125,-1.5625
41.8155068148,484,885,171200,42.2396369444,-83.7383791667,25.0,17.3199996948,1531.0,18.0392150879,,,,,,,,,-2.34375,3.90625,-0.78125,-1.5625
41.8155068148,484,885,172300,42.2396369444,-83.7383791667,31.0,17.3199996948,1531.0,18.0392150879,,,,,,,,,-2.34375,3.90625,-0.78125,-1.5625
41.8155068148,484,885,172400,42.2396369444,-83.7383791667,31.0,35.4199981689,2161.0,18.0392150879,,,,,,,,,-2.34375,3.90625,-0.78125,-1.5625
41.8155068148,484,885,173000,42.2398575,-83.7383569444,31.0,35.4199981689,2161.0,18.0392150879,,,,,,,,,-2.34375,3.90625,-0.78125,-1.5625
41.8155068148,484,885,173300,42.2398575,-83.7383569444,36.0,35.4199981689,2161.0,18.0392150879,,,,,,,,,-2.34375,3.90625,-0.78125,-1.5625
41.8155068148,484,885,173400,42.2398575,-83.7383569444,36.0,35.4199981689,2161.0,51.764705658,,,,,,,,,-2.34375,3.90625,-0.78125,-1.5625
41.8155068148,484,885,174400,42.2398575,-83.7383569444,40.0,25.9699993134,2119.0,51.764705658,,,,,,,,,-2.34375,3.90625,-0.78125,-1.5625
41.8155068148,484,885,175300,42.2398575,-83.7383569444,40.0,25.9699993134,2119.0,51.764705658,,,,,,,,,-5.46875,-6.25,-0.78125,-1.5625
41.8155068148,484,885,175400,42.2398575,-83.7383569444,43.0,25.9699993134,2119.0,51.764705658,,,,,,,,,-5.46875,-6.25,-0.78125,-1.5625
41.8155068148,484,885,176000,42.2401925,-83.7383747222,43.0,25.9699993134,2119.0,51.764705658,,,,,,,,,-5.46875,-6.25,-0.78125,-1.5625
41.8155068148,484,885,176400,42.2401925,-83.7383747222,47.0,31.8199996948,2397.0,51.764705658,,,,,,,,,-5.46875,-6.25,-0.78125,-1.5625
41.8155068148,484,885,177500,42.2401925,-83.7383747222,49.0,31.8199996948,2397.0,51.764705658,,,,,,,,,-5.46875,-6.25,-0.78125,-1.5625
41.8155068148,484,885,178500,42.2401925,-83.7383747222,52.0,25.4099998474,1984.0,43.9215698242,,,,,,,,,-5.46875,-6.25,-0.78125,-0.78125
41.8155068148,484,885,179100,42.2405908333,-83.7384238889,52.0,25.4099998474,1984.0,43.9215698242,,,,,,,,,-5.46875,-6.25,-0.78125,-0.78125
41.8155068148,484,885,179600,42.2405908333,-83.7384238889,53.0,25.4099998474,1984.0,43.9215698242,,,,,,,,,-5.46875,-6.25,-0.78125,-0.78125
41.8155068148,484,885,180500,42.2405908333,-83.7384238889,53.0,21.9400005341,1604.0,43.9215698242,,,,,,,,,3.90625,4.6875,-0.78125,-0.78125
41.8155068148,484,885,180600,42.2405908333,-83.7384238889,55.0,21.9400005341,1604.0,43.9215698242,,,,,,,,,3.90625,4.6875,-0.78125,-0.78125
41.8155068148,484,885,181600,42.2405908333,-83.7384238889,56.0,21.9400005341,1604.0,43.9215698242,,,,,,,,,3.90625,4.6875,-0.78125,-0.78125
41.8155068148,484,885,182000,42.2409841667,-83.738425,56.0,21.9400005341,1604.0,43.9215698242,,,,,,,,,3.90625,4.6875,-0.78125,-0.78125
41.8155068148,484,885,182600,42.2409841667,-83.738425,56.0,23.0400009155,1589.0,43.9215698242,,,,,,,,,3.90625,4.6875,-0.78125,-0.78125
41.8155068148,484,885,182700,42.2409841667,-83.738425,57.0,23.0400009155,1589.0,43.9215698242,,,,,,,,,3.90625,4.6875,-0.78125,-0.78125
41.8155068148,484,885,183700,42.2409841667,-83.738425,58.0,23.0400009155,1589.0,36.8627471924,,,,,,,,,3.90625,4.6875,-0.78125,-0.78125
41.8155068148,484,885,184800,42.2409841667,-83.738425,59.0,15.529999733,1644.0,36.8627471924,,,,,,,,,3.90625,4.6875,-0.78125,-0.78125
41.8155068148,484,885,185000,42.2414272222,-83.7384494444,59.0,15.529999733,1644.0,36.8627471924,,,,,,,,,3.90625,4.6875,-0.78125,-0.78125
41.8155068148,484,885,185900,42.2414272222,-83.7384494444,58.0,15.529999733,1644.0,36.8627471924,,,,,,,,,6.25,7.8125,-0.78125,-0.78125
41.8155068148,484,885,187100,42.2414272222,-83.7384494444,60.0,13.0799999237,1638.0,36.8627471924,,,,,,,,,6.25,7.8125,-0.78125,-0.78125
41.8155068148,484,885,188100,42.2414272222,-83.7384494444,59.0,13.0799999237,1638.0,36.8627471924,,,,,,,,,6.25,7.8125,-0.78125,-0.78125
41.8155068148,484,885,189100,42.2420655556,-83.7385569444,58.0,6.78000020981,1592.0,14.509803772,,,,,,,,,6.25,7.8125,-0.78125,-0.78125
41.8155068148,484,885,190200,42.2420655556,-83.7385569444,56.0,6.78000020981,1592.0,14.509803772,,,,,,,,,6.25,7.8125,-0.78125,-0.78125
41.8155068148,484,885,191200,42.2420655556,-83.7385569444,55.0,5.19999980927,1214.0,14.509803772,,,,,,,,,1.5625,0.78125,-0.78125,-0.78125
41.8155068148,484,885,192100,42.2425022222,-83.7385911111,55.0,5.19999980927,1214.0,14.509803772,,,,,,,,,1.5625,0.78125,-0.78125,-0.78125
41.8155068148,484,885,192300,42.2425022222,-83.7385911111,51.0,5.19999980927,1214.0,14.509803772,,,,,,,,,1.5625,0.78125,-0.78125,-0.78125
41.8155068148,484,885,193300,42.2425022222,-83.7385911111,48.0,4.09999990463,695.0,14.509803772,,,,,,,,,1.5625,0.78125,-0.78125,-0.78125
41.8155068148,484,885,194300,42.2425022222,-83.7385911111,43.0,4.09999990463,695.0,17.6470584869,,,,,,,,,1.5625,0.78125,-0.78125,-0.78125
41.8155068148,484,885,195000,42.2429108333,-83.7386544444,43.0,4.09999990463,695.0,17.6470584869,,,,,,,,,1.5625,0.78125,-0.78125,-0.78125
41.8155068148,484,885,195400,42.2429108333,-83.7386544444,38.0,3.93000006676,704.0,17.6470584869,,,,,,,,,1.5625,0.78125,-0.78125,-0.78125
41.8155068148,484,885,196400,42.2429108333,-83.7386544444,32.0,3.93000006676,704.0,17.6470584869,,,,,,,,,-5.46875,-10.9375,-0.78125,-0.78125
41.8155068148,484,885,197500,42.2429108333,-83.7386544444,25.0,3.92000007629,718.0,17.6470584869,,,,,,,,,-5.46875,-10.9375,-0.78125,-0.78125
41.8155068148,484,885,198000,42.2432097222,-83.73868,25.0,3.92000007629,718.0,17.6470584869,,,,,,,,,-5.46875,-10.9375,-0.78125,-0.78125
41.8155068148,484,885,198500,42.2432097222,-83.73868,18.0,3.92000007629,718.0,17.6470584869,,,,,,,,,-5.46875,-10.9375,-0.78125,-0.78125
41.8155068148,484,885,199500,42.2432097222,-83.73868,12.0,3.90000009537,644.0,21.1764717102,,,,,,,,,-5.46875,-10.9375,-0.78125,-0.78125
41.8155068148,484,885,200600,42.2432097222,-83.73868,7.0,3.90000009537,644.0,21.1764717102,,,,,,,,,-5.46875,-10.9375,-0.78125,-0.78125
41.8155068148,484,885,201100,42.2432908333,-83.7387133333,7.0,3.90000009537,644.0,21.1764717102,,,,,,,,,-5.46875,-10.9375,-0.78125,-0.78125
41.8155068148,484,885,201600,42.2432908333,-83.7387133333,2.0,3.98000001907,640.0,21.1764717102,,,,,,,,,-0.78125,-3.125,-0.78125,-0.78125
41.8155068148,484,885,201800,42.2432908333,-83.7387133333,2.0,3.98000001907,625.0,21.1764717102,,,,,,,,,-0.78125,-3.125,-0.78125,-0.78125
41.8155068148,484,885,202000,42.2432908333,-83.7387133333,2.0,3.98000001907,625.0,21.5686283112,,,,,,,,,-0.78125,-3.125,-0.78125,-0.78125
41.8155068148,484,885,202600,42.2432908333,-83.7387133333,2.0,3.98000001907,625.0,21.5686283112,,,,,,,,,-3.90625,-1.5625,-0.78125,-0.78125
41.8155068148,484,885,202700,42.2432908333,-83.7387133333,2.0,3.98000001907,625.0,21.5686283112,,,,,,,,,-3.90625,-1.5625,-7.8125,-0.78125
41.8155068148,484,885,202800,42.2432908333,-83.7387133333,2.0,3.98000001907,625.0,21.5686283112,,,,,,,,,-3.90625,-1.5625,-7.8125,-7.8125
41.8155068148,484,885,202900,42.2432908333,-83.7387133333,0.0,3.98000001907,625.0,21.5686283112,,,,,,,,,-3.90625,-1.5625,-7.8125,-7.8125
41.8155068148,484,885,203800,42.2432908333,-83.7387133333,0.0,3.98000001907,616.0,21.5686283112,,,,,,,,,-3.90625,-1.5625,-7.8125,-7.8125
41.8155068148,484,885,205800,42.2432908333,-83.7387133333,0.0,3.98000001907,645.0,21.5686283112,,,,,,,,,-3.90625,-1.5625,-7.8125,-7.8125
41.8155068148,484,885,207000,42.2432908333,-83.7387133333,0.0,4.03999996185,645.0,21.1764717102,,,,,,,,,-3.90625,-1.5625,-7.8125,-7.8125
41.8155068148,484,885,207900,42.2432908333,-83.7387133333,0.0,4.03999996185,632.0,21.1764717102,,,,,,,,,-3.90625,-1.5625,-7.8125,-7.8125
41.8155068148,484,885,209900,42.2432908333,-83.7387133333,0.0,4.03999996185,635.0,21.1764717102,,,,,,,,,-3.90625,-1.5625,-7.8125,-7.8125
41.8155068148,484,885,212000,42.2432908333,-83.7387133333,0.0,4.03999996185,621.0,21.1764717102,,,,,,,,,-3.90625,-1.5625,-7.8125,-7.8125
41.8155068148,484,885,212100,42.2432908333,-83.7387133333,0.0,4.03999996185,621.0,21.9607849121,,,,,,,,,-3.90625,-1.5625,-7.8125,-7.8125
41.8155068148,484,885,213100,42.2432908333,-83.7387133333,0.0,4.03999996185,621.0,21.9607849121,,,,,,,,,0.0,-0.78125,-7.8125,-7.8125
41.8155068148,484,885,214100,42.2432908333,-83.7387133333,0.0,4.03999996185,630.0,21.9607849121,,,,,,,,,0.0,-0.78125,-7.8125,-7.8125
41.8155068148,484,885,216200,42.2432908333,-83.7387133333,0.0,4.03999996185,636.0,21.9607849121,,,,,,,,,0.0,-0.78125,-7.8125,-7.8125
41.8155068148,484,885,217200,42.2432908333,-83.7387133333,0.0,4.09999990463,636.0,21.9607849121,,,,,,,,,0.0,-0.78125,-7.8125,-7.8125
41.8155068148,484,885,218300,42.2432908333,-83.7387133333,0.0,4.09999990463,636.0,21.9607849121,,,,,,,,,-0.78125,-1.5625,-7.8125,-7.8125
41.8155068148,484,885,220400,42.2432908333,-83.7387133333,0.0,4.09999990463,619.0,21.9607849121,,,,,,,,,-0.78125,-1.5625,-7.8125,-7.8125
41.8155068148,484,885,222600,42.2432908333,-83.7387133333,0.0,4.09999990463,643.0,21.5686283112,,,,,,,,,-0.78125,-1.5625,-7.8125,-7.8125
41.8155068148,484,885,223700,42.2432908333,-83.7387133333,0.0,4.09999990463,643.0,21.5686283112,,,,,,,,,-0.78125,0.0,-7.8125,-7.8125
41.8155068148,484,885,224700,42.2432908333,-83.7387133333,0.0,4.09999990463,639.0,21.5686283112,,,,,,,,,-0.78125,0.0,-7.8125,-7.8125
41.8155068148,484,885,226800,42.2432908333,-83.7387133333,0.0,4.09999990463,648.0,21.5686283112,,,,,,,,,-0.78125,0.0,-7.8125,-7.8125
41.8155068148,484,885,227800,42.2432908333,-83.7387133333,0.0,4.09999990463,648.0,21.9607849121,,,,,,,,,-0.78125,0.0,-7.8125,-7.8125
41.8155068148,484,885,228900,42.2432908333,-83.7387133333,0.0,4.09999990463,645.0,21.9607849121,,,,,,,,,0.0,0.0,-7.8125,-7.8125
41.8155068148,484,885,231000,42.2436202778,-83.7391261111,0.0,4.09999990463,639.0,21.9607849121,,,,,,,,,0.0,0.0,-7.8125,-7.8125
41.8155068148,484,885,232800,42.2436202778,-83.7391261111,0.0,4.03000020981,639.0,21.5686283112,,,,,,,,,0.0,0.0,-7.8125,-7.8125
41.8155068148,484,885,233000,42.2436202778,-83.7391261111,0.0,4.03000020981,621.0,21.5686283112,,,,,,,,,0.0,0.0,-7.8125,-7.8125
41.8155068148,484,885,233900,42.2436202778,-83.7391261111,0.0,4.03000020981,621.0,21.5686283112,,,,,,,,,0.0,-0.78125,-7.8125,-7.8125
41.8155068148,484,885,235000,42.2436202778,-83.7391261111,0.0,4.03000020981,639.0,21.5686283112,,,,,,,,,0.0,-0.78125,-7.8125,-7.8125
41.8155068148,484,885,237000,42.2436202778,-83.7391261111,0.0,4.03000020981,633.0,21.5686283112,,,,,,,,,0.0,-0.78125,-7.8125,-7.8125
41.8155068148,484,885,237900,42.2436202778,-83.7391261111,0.0,4.07999992371,633.0,21.9607849121,,,,,,,,,0.0,-0.78125,-7.8125,-7.8125
41.8155068148,484,885,238900,42.2436202778,-83.7391261111,0.0,4.07999992371,633.0,21.9607849121,,,,,,,,,0.0,0.0,-7.8125,-7.8125
41.8155068148,484,885,239000,42.2436202778,-83.7391261111,0.0,4.07999992371,630.0,21.9607849121,,,,,,,,,0.0,0.0,-7.8125,-7.8125
41.8155068148,484,885,241000,42.2436202778,-83.7391261111,0.0,4.07999992371,635.0,21.9607849121,,,,,,,,,0.0,0.0,-7.8125,-7.8125
41.8155068148,484,885,243000,42.2436202778,-83.7391261111,0.0,4.01999998093,623.0,21.1764717102,,,,,,,,,0.0,0.0,-7.8125,-7.8125
41.8155068148,484,885,245100,42.2436202778,-83.7391261111,0.0,4.01999998093,639.0,21.1764717102,,,,,,,,,0.0,0.0,-7.8125,-7.8125
41.8155068148,484,885,247000,42.2436605556,-83.7391841667,0.0,4.01999998093,639.0,21.1764717102,,,,,,,,,0.0,0.0,-7.8125,-7.8125
41.8155068148,484,885,247200,42.2436605556,-83.7391841667,0.0,4.01999998093,610.0,21.1764717102,,,,,,,,,0.0,0.0,-7.8125,-7.8125
41.8155068148,484,885,247300,42.2436605556,-83.7391841667,0.0,4.03000020981,610.0,21.1764717102,,,,,,,,,0.0,0.0,-7.8125,-7.8125
41.8155068148,484,885,247400,42.2436605556,-83.7391841667,0.0,4.03000020981,610.0,21.9607849121,,,,,,,,,0.0,0.0,-7.8125,-7.8125
41.8155068148,484,885,248000,42.2436605556,-83.7391841667,0.0,4.03000020981,610.0,21.9607849121,,,,,,,,,0.78125,0.0,-7.8125,-7.8125
41.8155068148,484,885,248100,42.2436605556,-83.7391841667,0.0,4.03000020981,610.0,21.9607849121,,,,,,,,,0.78125,0.0,-9.375,-7.8125
41.8155068148,484,885,248200,42.2436605556,-83.7391841667,0.0,4.03000020981,610.0,21.9607849121,,,,,,,,,0.78125,0.0,-9.375,-8.59375
41.8155068148,484,885,248400,42.2436605556,-83.7391841667,0.0,4.0,612.0,21.9607849121,,,,,,,,,0.78125,0.0,-9.375,-8.59375
41.8155068148,484,885,249100,42.2436605556,-83.7391841667,0.0,4.0,612.0,21.9607849121,,,,,,,,,-1.5625,0.0,-9.375,-8.59375
41.8155068148,484,885,249200,42.2436605556,-83.7391841667,0.0,4.0,612.0,21.9607849121,,,,,,,,,-1.5625,-0.78125,-9.375,-8.59375
41.8155068148,484,885,250400,42.2436605556,-83.7391841667,0.0,4.0,646.0,21.9607849121,,,,,,,,,-1.5625,-0.78125,-9.375,-8.59375
41.8155068148,484,885,252400,42.2436605556,-83.7391841667,0.0,4.0,644.0,21.9607849121,,,,,,,,,-1.5625,-0.78125,-9.375,-8.59375
41.8155068148,484,885,253500,42.2436605556,-83.7391841667,0.0,4.07999992371,644.0,21.9607849121,,,,,,,,,-1.5625,-0.78125,-9.375,-8.59375
41.8155068148,484,885,254500,42.2436605556,-83.7391841667,0.0,4.07999992371,640.0,21.9607849121,,,,,,,,,-1.5625,-0.78125,-9.375,-8.59375
41.8155068148,484,885,256800,42.2436605556,-83.7391841667,0.0,4.07999992371,628.0,21.9607849121,,,,,,,,,-1.5625,-0.78125,-9.375,-8.59375
41.8155068148,484,885,258900,42.2436605556,-83.7391841667,0.0,4.07999992371,620.0,21.9607849121,,,,,,,,,-1.5625,-0.78125,-9.375,-8.59375
41.8155068148,484,885,259900,42.2436605556,-83.7391841667,0.0,4.07999992371,620.0,21.9607849121,,,,,,,,,0.0,-0.78125,-9.375,-8.59375
41.8155068148,484,885,261000,42.2436605556,-83.7391841667,0.0,4.07999992371,629.0,21.9607849121,,,,,,,,,0.0,-0.78125,-9.375,-8.59375
41.8155068148,484,885,263100,42.2436605556,-83.7391841667,0.0,4.07999992371,651.0,21.9607849121,,,,,,,,,0.0,-0.78125,-9.375,-8.59375
41.8155068148,484,885,264100,42.2436605556,-83.7391841667,0.0,4.09000015259,651.0,22.3529415131,,,,,,,,,0.0,-0.78125,-9.375,-8.59375
41.8155068148,484,885,265100,42.2436605556,-83.7391841667,0.0,4.09000015259,639.0,22.3529415131,,,,,,,,,-1.5625,-2.34375,-9.375,-8.59375
41.8155068148,484,885,267200,42.2436605556,-83.7391841667,0.0,4.09000015259,636.0,22.3529415131,,,,,,,,,-1.5625,-2.34375,-9.375,-8.59375
41.8155068148,484,885,269300,42.2436605556,-83.7391841667,0.0,4.07000017166,640.0,21.1764717102,,,,,,,,,-1.5625,-2.34375,-9.375,-8.59375
41.8155068148,484,885,270300,42.2436605556,-83.7391841667,0.0,4.07000017166,640.0,21.1764717102,,,,,,,,,-1.5625,0.0,-9.375,-8.59375
41.8155068148,484,885,271400,42.2436605556,-83.7391841667,0.0,4.07000017166,631.0,21.1764717102,,,,,,,,,-1.5625,0.0,-9.375,-8.59375
41.8155068148,484,885,273500,42.2436605556,-83.7391841667,0.0,4.07000017166,633.0,21.1764717102,,,,,,,,,-1.5625,0.0,-9.375,-8.59375
41.8155068148,484,885,274500,42.2436605556,-83.7391841667,0.0,4.09000015259,633.0,21.9607849121,,,,,,,,,-1.5625,0.0,-9.375,-8.59375
41.8155068148,484,885,275500,42.2436605556,-83.7391841667,0.0,4.09000015259,639.0,21.9607849121,,,,,,,,,1.5625,1.5625,-9.375,-8.59375
41.8155068148,484,885,277000,42.2434719444,-83.7389363889,0.0,4.09000015259,639.0,21.9607849121,,,,,,,,,1.5625,1.5625,-9.375,-8.59375
41.8155068148,484,885,277600,42.2434719444,-83.7389363889,0.0,4.09000015259,637.0,21.9607849121,,,,,,,,,1.5625,1.5625,-9.375,-8.59375
41.8155068148,484,885,279700,42.2434719444,-83.7389363889,0.0,4.0,625.0,21.5686283112,,,,,,,,,1.5625,1.5625,-9.375,-8.59375
41.8155068148,484,885,280700,42.2434719444,-83.7389363889,0.0,4.0,625.0,21.5686283112,,,,,,,,,0.0,-0.78125,-9.375,-8.59375
41.8155068148,484,885,281800,42.2434719444,-83.7389363889,0.0,4.0,636.0,21.5686283112,,,,,,,,,0.0,-0.78125,-9.375,-8.59375
41.8155068148,484,885,283000,42.2434416667,-83.7389427778,0.0,4.0,636.0,21.5686283112,,,,,,,,,0.0,-0.78125,-9.375,-8.59375
41.8155068148,484,885,283900,42.2434416667,-83.7389427778,0.0,4.0,700.0,21.5686283112,,,,,,,,,0.0,-0.78125,-9.375,-8.59375
41.8155068148,484,885,284100,42.2434416667,-83.7389427778,0.0,4.0,1498.0,21.5686283112,,,,,,,,,0.0,-0.78125,-9.375,-8.59375
41.8155068148,484,885,284200,42.2434416667,-83.7389427778,0.0,19.4200000763,1498.0,44.3137245178,,,,,,,,,0.0,-0.78125,-9.375,-8.59375
41.8155068148,484,885,284800,42.2434416667,-83.7389427778,0.0,19.4200000763,1498.0,44.3137245178,,,,,,,,,-3.125,-0.78125,-9.375,-8.59375
41.8155068148,484,885,284900,42.2434416667,-83.7389427778,0.0,19.4200000763,1498.0,44.3137245178,,,,,,,,,-3.125,-5.46875,-9.375,-8.59375
41.8155068148,484,885,285000,42.2434416667,-83.7389427778,0.0,19.4200000763,1498.0,44.3137245178,,,,,,,,,-3.125,-5.46875,-3.125,-3.125
41.8155068148,484,885,285100,42.2434416667,-83.7389427778,12.0,19.4200000763,1498.0,44.3137245178,,,,,,,,,-3.125,-5.46875,-3.125,-3.125
41.8155068148,484,885,286100,42.2434416667,-83.7389427778,12.0,19.4200000763,1801.0,44.3137245178,,,,,,,,,-3.125,-5.46875,-3.125,-3.125
41.8155068148,484,885,286200,42.2434416667,-83.7389427778,12.0,23.7399997711,1801.0,44.3137245178,,,,,,,,,-3.125,-5.46875,-3.125,-3.125
41.8155068148,484,885,287000,42.2434316667,-83.7389325,12.0,23.7399997711,1801.0,44.3137245178,,,,,,,,,-3.125,-5.46875,-3.125,-3.125
41.8155068148,484,885,287200,42.2434316667,-83.7389325,19.0,23.7399997711,1801.0,44.3137245178,,,,,,,,,-3.125,-5.46875,-3.125,-3.125
41.8155068148,484,885,288000,42.2434316667,-83.7389325,19.0,23.7399997711,1801.0,44.3137245178,,,,,,,,,-3.125,-5.46875,-3.125,-3.125
41.8155068148,484,885,288100,42.2434316667,-83.7389325,19.0,23.7399997711,2303.0,44.3137245178,,,,,,,,,-3.125,-5.46875,-3.125,-3.125
41.8155068148,484,885,288200,42.2434316667,-83.7389325,25.0,30.3999996185,2303.0,44.3137245178,,,,,,,,,-3.125,-5.46875,-3.125,-3.125
41.8155068148,484,885,289300,42.2434316667,-83.7389325,29.0,30.3999996185,2303.0,43.9215698242,,,,,,,,,-3.125,-5.46875,-3.125,-3.125
41.8155068148,484,885,290100,42.2436397222,-83.73897,29.0,30.3999996185,2303.0,43.9215698242,,,,,,,,,-3.125,-5.46875,-3.125,-3.125
41.8155068148,484,885,290300,42.2436397222,-83.73897,29.0,28.2099990845,1964.0,43.9215698242,,,,,,,,,-3.125,-5.46875,-3.125,-3.125
41.8155068148,484,885,290400,42.2436397222,-83.73897,32.0,28.2099990845,1964.0,43.9215698242,,,,,,,,,-3.125,-5.46875,-3.125,-3.125
41.8155068148,484,885,292300,42.2436397222,-83.73897,37.0,31.1299991608,2161.0,43.9215698242,,,,,,,,,-3.125,-5.46875,-3.125,-3.125
41.8155068148,484,885,293100,42.243965,-83.7390125,37.0,31.1299991608,2161.0,43.9215698242,,,,,,,,,-3.125,-5.46875,-3.125,-3.125
41.8155068148,484,885,293300,42.243965,-83.7390125,44.0,31.1299991608,2161.0,43.9215698242,,,,,,,,,-3.125,-5.46875,-3.125,-3.125
41.8155068148,484,885,294300,42.243965,-83.7390125,44.0,31.5599994659,2370.0,50.5882377625,,,,,,,,,-3.125,-5.46875,-3.125,-3.125
41.8155068148,484,885,294400,42.243965,-83.7390125,47.0,31.5599994659,2370.0,50.5882377625,,,,,,,,,-3.125,-5.46875,-3.125,-3.125
41.8155068148,484,885,295300,42.243965,-83.7390125,47.0,31.5599994659,2370.0,50.5882377625,,,,,,,,,1.5625,3.90625,-3.125,-3.125
41.8155068148,484,885,295400,42.243965,-83.7390125,50.0,31.5599994659,2370.0,50.5882377625,,,,,,,,,1.5625,3.90625,-3.125,-3.125
41.8155068148,484,885,296000,42.2443255556,-83.7389919444,50.0,31.5599994659,2370.0,50.5882377625,,,,,,,,,1.5625,3.90625,-3.125,-3.125
41.8155068148,484,885,296300,42.2443255556,-83.7389919444,50.0,35.2999992371,2183.0,50.5882377625,,,,,,,,,1.5625,3.90625,-3.125,-3.125
41.8155068148,484,885,296400,42.2443255556,-83.7389919444,53.0,35.2999992371,2183.0,50.5882377625,,,,,,,,,1.5625,3.90625,-3.125,-3.125
41.8155068148,484,885,297500,42.2443255556,-83.7389919444,56.0,35.2999992371,2183.0,50.5882377625,,,,,,,,,1.5625,3.90625,-3.125,-3.125
41.8155068148,484,885,298400,42.2443255556,-83.7389919444,56.0,25.7199993134,1716.0,50.5882377625,,,,,,,,,1.5625,3.90625,-3.125,-3.125
41.8155068148,484,885,298500,42.2443255556,-83.7389919444,59.0,25.7199993134,1716.0,50.5882377625,,,,,,,,,1.5625,3.90625,-3.125,-3.125
41.8155068148,484,885,299000,42.2447577778,-83.7389911111,59.0,25.7199993134,1716.0,50.5882377625,,,,,,,,,1.5625,3.90625,-3.125,-3.125
41.8155068148,484,885,299400,42.2447577778,-83.7389911111,59.0,25.7199993134,1716.0,42.745098114,,,,,,,,,1.5625,3.90625,-3.125,-3.125
41.8155068148,484,885,299600,42.2447577778,-83.7389911111,60.0,25.7199993134,1716.0,42.745098114,,,,,,,,,1.5625,3.90625,-3.125,-3.125
41.8155068148,484,885,300500,42.2447577778,-83.7389911111,60.0,22.0499992371,1775.0,42.745098114,,,,,,,,,7.03125,5.46875,-3.125,-3.125
41.8155068148,484,885,300600,42.2447577778,-83.7389911111,61.0,22.0499992371,1775.0,42.745098114,,,,,,,,,7.03125,5.46875,-3.125,-3.125
41.8155068148,484,885,301600,42.2447577778,-83.7389911111,62.0,22.0499992371,1775.0,42.745098114,,,,,,,,,7.03125,5.46875,-3.125,-3.125
41.8155068148,484,885,302100,42.2452186111,-83.7390036111,62.0,22.0499992371,1775.0,42.745098114,,,,,,,,,7.03125,5.46875,-3.125,-3.125
41.8155068148,484,885,302500,42.2452186111,-83.7390036111,62.0,8.67000007629,1729.0,42.745098114,,,,,,,,,7.03125,5.46875,-3.125,-3.125
41.8155068148,484,885,304600,42.2452186111,-83.7390036111,62.0,16.5699996948,1576.0,39.6078453064,,,,,,,,,7.03125,5.46875,-3.125,-3.125
41.8155068148,484,885,304800,42.2452186111,-83.7390036111,61.0,16.5699996948,1576.0,39.6078453064,,,,,,,,,7.03125,5.46875,-3.125,-3.125
41.8155068148,484,885,305100,42.2456652778,-83.7390105556,61.0,16.5699996948,1576.0,39.6078453064,,,,,,,,,7.03125,5.46875,-3.125,-3.125
41.8155068148,484,885,305700,42.2456652778,-83.7390105556,61.0,16.5699996948,1576.0,39.6078453064,,,,,,,,,2.34375,0.78125,-3.125,-3.125
41.8155068148,484,885,306700,42.2456652778,-83.7390105556,61.0,21.3899993896,1856.0,39.6078453064,,,,,,,,,2.34375,0.78125,-3.125,-3.125
41.8155068148,484,885,307900,42.2456652778,-83.7390105556,62.0,21.3899993896,1856.0,39.6078453064,,,,,,,,,2.34375,0.78125,-3.125,-3.125
41.8155068148,484,885,308000,42.2461175,-83.7390197222,62.0,21.3899993896,1856.0,39.6078453064,,,,,,,,,2.34375,0.78125,-3.125,-3.125
41.8155068148,484,885,308800,42.2461175,-83.7390197222,62.0,20.8700008392,1741.0,39.6078453064,,,,,,,,,2.34375,0.78125,-3.125,-3.125
41.8155068148,484,885,308900,42.2461175,-83.7390197222,61.0,20.8700008392,1741.0,39.6078453064,,,,,,,,,2.34375,0.78125,-3.125,-3.125
41.8155068148,484,885,309800,42.2461175,-83.7390197222,61.0,20.8700008392,1741.0,38.4313735962,,,,,,,,,2.34375,0.78125,-3.125,-3.125
41.8155068148,484,885,310900,42.2461175,-83.7390197222,61.0,7.25,1486.0,38.4313735962,,,,,,,,,0.0,5.46875,-3.125,-3.125
41.8155068148,484,885,311000,42.2461175,-83.7390197222,60.0,7.25,1486.0,38.4313735962,,,,,,,,,0.0,5.46875,-3.125,-3.125
41.8155068148,484,885,311200,42.2466027778,-83.7390602778,60.0,7.25,1486.0,38.4313735962,,,,,,,,,0.0,5.46875,-3.125,-3.125
41.8155068148,484,885,312000,42.2466027778,-83.7390602778,58.0,7.25,1486.0,38.4313735962,,,,,,,,,0.0,5.46875,-3.125,-3.125
41.8155068148,484,885,312900,42.2466027778,-83.7390602778,58.0,9.09000015259,1217.0,38.4313735962,,,,,,,,,0.0,5.46875,-3.125,-3.125
41.8155068148,484,885,313100,42.2466027778,-83.7390602778,56.0,9.09000015259,1217.0,38.4313735962,,,,,,,,,0.0,5.46875,-3.125,-3.125
41.8155068148,484,885,314000,42.2470686111,-83.7391027778,56.0,9.09000015259,1217.0,38.4313735962,,,,,,,,,0.0,5.46875,-3.125,-3.125
41.8155068148,484,885,314100,42.2470686111,-83.7391027778,55.0,9.09000015259,1217.0,38.4313735962,,,,,,,,,0.0,5.46875,-3.125,-3.125
41.8155068148,484,885,315000,42.2470686111,-83.7391027778,55.0,16.5100002289,1597.0,35.2941169739,,,,,,,,,0.0,5.46875,-3.125,-3.125
41.8155068148,484,885,315100,42.2470686111,-83.7391027778,55.0,16.5100002289,1597.0,35.2941169739,,,,,,,,,0.0,5.46875,-3.125,-0.78125
41.8155068148,484,885,315200,42.2470686111,-83.7391027778,54.0,16.5100002289,1597.0,35.2941169739,,,,,,,,,0.0,5.46875,-3.125,-0.78125
41.8155068148,484,885,316100,42.2470686111,-83.7391027778,54.0,16.5100002289,1597.0,35.2941169739,,,,,,,,,2.34375,2.34375,-3.125,-0.78125
41.8155068148,484,885,317100,42.2470686111,-83.7391027778,54.0,21.8799991608,1615.0,35.2941169739,,,,,,,,,2.34375,2.34375,-3.125,-0.78125
41.8155068148,484,885,317200,42.2470686111,-83.7391027778,53.0,21.8799991608,1615.0,35.2941169739,,,,,,,,,2.34375,2.34375,-3.125,-0.78125
41.8155068148,484,885,318100,42.2476111111,-83.7391241667,53.0,21.8799991608,1615.0,35.2941169739,,,,,,,,,2.34375,2.34375,-3.125,-0.78125
41.8155068148,484,885,319200,42.2476111111,-83.7391241667,53.0,19.7399997711,1553.0,35.2941169739,,,,,,,,,2.34375,2.34375,-3.125,-0.78125
41.8155068148,484,885,319300,42.2476111111,-83.7391241667,55.0,19.7399997711,1553.0,35.2941169739,,,,,,,,,2.34375,2.34375,-3.125,-0.78125
41.8155068148,484,885,320200,42.2476111111,-83.7391241667,55.0,19.7399997711,1553.0,40.3921585083,,,,,,,,,2.34375,2.34375,-3.125,-0.78125
41.8155068148,484,885,320400,42.2476111111,-83.7391241667,56.0,19.7399997711,1553.0,40.3921585083,,,,,,,,,2.34375,2.34375,-3.125,-0.78125
41.8155068148,484,885,321000,42.2480427778,-83.7391513889,56.0,19.7399997711,1553.0,40.3921585083,,,,,,,,,2.34375,2.34375,-3.125,-0.78125
41.8155068148,484,885,321300,42.2480427778,-83.7391513889,56.0,17.7099990845,1586.0,40.3921585083,,,,,,,,,-0.78125,0.0,-3.125,-0.78125
41.8155068148,484,885,323400,42.2480427778,-83.7391513889,56.0,20.3899993896,1616.0,40.3921585083,,,,,,,,,-0.78125,0.0,-3.125,-0.78125
41.8155068148,484,885,323500,42.2480427778,-83.7391513889,57.0,20.3899993896,1616.0,40.3921585083,,,,,,,,,-0.78125,0.0,-3.125,-0.78125
41.8155068148,484,885,324200,42.2484786111,-83.7391866667,57.0,20.3899993896,1616.0,40.3921585083,,,,,,,,,-0.78125,0.0,-3.125,-0.78125
41.8155068148,484,885,324600,42.2484786111,-83.7391866667,59.0,20.3899993896,1616.0,40.3921585083,,,,,,,,,-0.78125,0.0,-3.125,-0.78125
41.8155068148,484,885,325700,42.2484786111,-83.7391866667,61.0,23.7999992371,1676.0,48.235294342,,,,,,,,,-0.78125,0.0,-3.125,-0.78125
41.8155068148,484,885,326700,42.2484786111,-83.7391866667,62.0,23.7999992371,1676.0,48.235294342,,,,,,,,,0.0,0.0,-3.125,-0.78125
41.8155068148,484,885,327200,42.2489383333,-83.7392166667,62.0,23.7999992371,1676.0,48.235294342,,,,,,,,,0.0,0.0,-3.125,-0.78125
41.8155068148,484,885,327900,42.2489383333,-83.7392166667,63.0,17.5699996948,1766.0,48.235294342,,,,,,,,,0.0,0.0,-3.125,-0.78125
41.8155068148,484,885,328900,42.2489383333,-83.7392166667,64.0,17.5699996948,1766.0,48.235294342,,,,,,,,,0.0,0.0,-3.125,-0.78125
41.8155068148,484,885,329900,42.2489383333,-83.7392166667,64.0,14.8599996567,1227.0,48.235294342,,,,,,,,,0.0,0.0,-3.125,-0.78125
41.8155068148,484,885,330000,42.2494258333,-83.7392461111,64.0,14.8599996567,1227.0,48.235294342,,,,,,,,,0.0,0.0,-3.125,-0.78125
41.8155068148,484,885,331000,42.2494258333,-83.7392461111,66.0,14.8599996567,1227.0,47.4509811401,,,,,,,,,0.0,0.0,-3.125,-0.78125
41.8155068148,484,885,332000,42.2494258333,-83.7392461111,66.0,12.7700004578,1241.0,47.4509811401,,,,,,,,,-1.5625,0.0,-3.125,-0.78125
41.8155068148,484,885,334100,42.2500672222,-83.7392627778,66.0,9.67000007629,1255.0,47.4509811401,,,,,,,,,-1.5625,0.0,-3.125,-0.78125
41.8155068148,484,885,336200,42.2500672222,-83.7392627778,65.0,9.14000034332,1330.0,21.1764717102,,,,,,,,,-1.5625,0.0,-3.125,-0.78125
41.8155068148,484,885,337100,42.2505616667,-83.7392933333,65.0,9.14000034332,1330.0,21.1764717102,,,,,,,,,-1.5625,0.0,-3.125,-0.78125
41.8155068148,484,885,337200,42.2505616667,-83.7392933333,65.0,9.14000034332,1330.0,21.1764717102,,,,,,,,,2.34375,0.0,-3.125,-0.78125
41.8155068148,484,885,338300,42.2505616667,-83.7392933333,64.0,5.98999977112,1221.0,21.1764717102,,,,,,,,,2.34375,0.0,-3.125,-0.78125
41.8155068148,484,885,339300,42.2505616667,-83.7392933333,63.0,5.98999977112,1221.0,21.1764717102,,,,,,,,,2.34375,0.0,-3.125,-0.78125
41.8155068148,484,885,340000,42.2510538889,-83.7393375,63.0,5.98999977112,1221.0,21.1764717102,,,,,,,,,2.34375,0.0,-3.125,-0.78125
41.8155068148,484,885,340300,42.2510538889,-83.7393375,63.0,5.44999980927,1141.0,21.1764717102,,,,,,,,,2.34375,0.0,-3.125,-0.78125
41.8155068148,484,885,341400,42.2510538889,-83.7393375,61.0,5.44999980927,1141.0,14.117647171,,,,,,,,,2.34375,0.0,-3.125,-0.78125
41.8155068148,484,885,342400,42.2510538889,-83.7393375,60.0,4.38999986649,957.0,14.117647171,,,,,,,,,-5.46875,-6.25,-3.125,-0.78125
41.8155068148,484,885,343000,42.2515441667,-83.7393725,60.0,4.38999986649,957.0,14.117647171,,,,,,,,,-5.46875,-6.25,-3.125,-0.78125
41.8155068148,484,885,343500,42.2515441667,-83.7393725,59.0,4.38999986649,957.0,14.117647171,,,,,,,,,-5.46875,-6.25,-3.125,-0.78125
41.8155068148,484,885,344500,42.2515441667,-83.7393725,59.0,10.9300003052,1708.0,14.117647171,,,,,,,,,-5.46875,-6.25,-3.125,-0.78125
41.8155068148,484,885,345500,42.2515441667,-83.7393725,59.0,10.9300003052,1708.0,14.117647171,,,,,,,,,-5.46875,-6.25,0.78125,-0.78125
41.8155068148,484,885,346100,42.2520030556,-83.739405,59.0,10.9300003052,1708.0,14.117647171,,,,,,,,,-5.46875,-6.25,0.78125,-0.78125
41.8155068148,484,885,346600,42.2520030556,-83.739405,59.0,6.59999990463,1351.0,16.4705886841,,,,,,,,,-5.46875,-6.25,0.78125,-0.78125
41.8155068148,484,885,347600,42.2520030556,-83.739405,58.0,6.59999990463,1351.0,16.4705886841,,,,,,,,,1.5625,3.125,0.78125,-0.78125
41.8155068148,484,885,348000,42.2520030556,-83.739405,58.0,6.59999990463,1351.0,16.4705886841,,,,,,,,,1.5625,3.125,0.78125,-0.78125
41.8155068148,484,885,348700,42.2520030556,-83.739405,59.0,8.0,1603.0,16.4705886841,,,,,,,,,1.5625,3.125,0.78125,-0.78125
41.8155068148,484,885,349100,42.2524658333,-83.7394286111,59.0,8.0,1603.0,16.4705886841,,,,,,,,,1.5625,3.125,0.78125,-0.78125
41.8155068148,484,885,350700,42.2524658333,-83.7394286111,59.0,4.28000020981,1094.0,16.4705886841,,,,,,,,,1.5625,3.125,0.78125,-0.78125
41.8155068148,484,885,351800,42.2524658333,-83.7394286111,58.0,4.28000020981,1094.0,12.5490198135,,,,,,,,,1.5625,3.125,0.78125,-0.78125
41.8155068148,484,885,353100,42.2530366667,-83.7394311111,58.0,4.28000020981,1094.0,12.5490198135,,,,,,,,,1.5625,3.125,0.78125,-0.78125
41.8155068148,484,885,353600,42.2530366667,-83.7394311111,57.0,3.93000006676,1053.0,12.5490198135,,,,,,,,,0.0,0.78125,0.78125,-0.78125
41.8155068148,484,885,354600,42.2530366667,-83.7394311111,54.0,3.93000006676,1053.0,12.5490198135,,,,,,,,,0.0,0.78125,0.78125,-0.78125
41.8155068148,484,885,355600,42.2530366667,-83.7394311111,54.0,5.09999990463,1072.0,12.5490198135,,,,,,,,,0.0,0.78125,0.78125,-0.78125
41.8155068148,484,885,355700,42.2530366667,-83.7394311111,53.0,5.09999990463,1072.0,12.5490198135,,,,,,,,,0.0,0.78125,0.78125,-0.78125
41.8155068148,484,885,356000,42.2534333333,-83.7394261111,53.0,5.09999990463,1072.0,12.5490198135,,,,,,,,,0.0,0.78125,0.78125,-0.78125
41.8155068148,484,885,356700,42.2534333333,-83.7394261111,52.0,5.09999990463,1072.0,12.5490198135,,,,,,,,,0.0,0.78125,0.78125,-0.78125
41.8155068148,484,885,356800,42.2534333333,-83.7394261111,52.0,5.09999990463,1072.0,17.6470584869,,,,,,,,,0.0,0.78125,0.78125,-0.78125
41.8155068148,484,885,357700,42.2534333333,-83.7394261111,52.0,8.18000030518,1025.0,17.6470584869,,,,,,,,,0.0,0.78125,0.78125,-0.78125
41.8155068148,484,885,357800,42.2534333333,-83.7394261111,50.0,8.18000030518,1025.0,17.6470584869,,,,,,,,,0.0,0.78125,0.78125,-0.78125
41.8155068148,484,885,358900,42.2534333333,-83.7394261111,50.0,8.18000030518,1025.0,17.6470584869,,,,,,,,,-15.625,-11.71875,0.78125,-0.78125
41.8155068148,484,885,359200,42.2537980556,-83.7394080556,50.0,8.18000030518,1025.0,17.6470584869,,,,,,,,,-15.625,-11.71875,0.78125,-0.78125
41.8155068148,484,885,360100,42.2537980556,-83.7394080556,50.0,6.03999996185,1209.0,17.6470584869,,,,,,,,,-15.625,-11.71875,0.78125,-0.78125
41.8155068148,484,885,362300,42.2537980556,-83.7394080556,51.0,13.1700000763,1573.0,21.9607849121,,,,,,,,,-15.625,-11.71875,0.78125,-0.78125
41.8155068148,484,885,363000,42.2542733333,-83.7393955556,51.0,13.1700000763,1573.0,21.9607849121,,,,,,,,,-15.625,-11.71875,0.78125,-0.78125
41.8155068148,484,885,363300,42.2542733333,-83.7393955556,53.0,13.1700000763,1573.0,21.9607849121,,,,,,,,,-15.625,-11.71875,0.78125,-0.78125
41.8155068148,484,885,364300,42.2542733333,-83.7393955556,53.0,15.2399997711,1703.0,21.9607849121,,,,,,,,,-7.03125,-5.46875,0.78125,-0.78125
41.8155068148,484,885,365400,42.2542733333,-83.7393955556,55.0,15.2399997711,1703.0,21.9607849121,,,,,,,,,-7.03125,-5.46875,0.78125,-0.78125
41.8155068148,484,885,366100,42.25466,-83.7393838889,55.0,15.2399997711,1703.0,21.9607849121,,,,,,,,,-7.03125,-5.46875,0.78125,-0.78125
41.8155068148,484,885,366400,42.25466,-83.7393838889,56.0,6.71000003815,1438.0,21.9607849121,,,,,,,,,-7.03125,-5.46875,0.78125,-0.78125
41.8155068148,484,885,367400,42.25466,-83.7393838889,56.0,6.71000003815,1438.0,17.6470584869,,,,,,,,,-7.03125,-5.46875,0.78125,-0.78125
41.8155068148,484,885,367500,42.25466,-83.7393838889,57.0,6.71000003815,1438.0,17.6470584869,,,,,,,,,-7.03125,-5.46875,0.78125,-0.78125
41.8155068148,484,885,368500,42.25466,-83.7393838889,58.0,6.32000017166,1298.0,17.6470584869,,,,,,,,,-7.03125,-5.46875,0.78125,-0.78125
41.8155068148,484,885,369100,42.2550619444,-83.7393866667,58.0,6.32000017166,1298.0,17.6470584869,,,,,,,,,-7.03125,-5.46875,0.78125,-0.78125
41.8155068148,484,885,369500,42.2550619444,-83.7393866667,58.0,6.32000017166,1298.0,17.6470584869,,,,,,,,,0.0,-3.125,0.78125,-0.78125
41.8155068148,484,885,369600,42.2550619444,-83.7393866667,59.0,6.32000017166,1298.0,17.6470584869,,,,,,,,,0.0,-3.125,0.78125,-0.78125
41.8155068148,484,885,370500,42.2550619444,-83.7393866667,59.0,7.94999980927,1451.0,17.6470584869,,,,,,,,,0.0,-3.125,0.78125,-0.78125
41.8155068148,484,885,371600,42.2550619444,-83.7393866667,60.0,7.94999980927,1451.0,17.6470584869,,,,,,,,,0.0,-3.125,0.78125,-0.78125
41.8155068148,484,885,372000,42.2554975,-83.7394111111,60.0,7.94999980927,1451.0,17.6470584869,,,,,,,,,0.0,-3.125,0.78125,-0.78125
41.8155068148,484,885,372600,42.2554975,-83.7394111111,60.0,11.1099996567,1191.0,32.1568641663,,,,,,,,,0.0,-3.125,0.78125,-0.78125
41.8155068148,484,885,373700,42.2554975,-83.7394111111,61.0,11.1099996567,1191.0,32.1568641663,,,,,,,,,0.0,-3.125,0.78125,-0.78125
41.8155068148,484,885,374700,42.2554975,-83.7394111111,61.0,4.88000011444,1103.0,32.1568641663,,,,,,,,,2.34375,2.34375,0.78125,-0.78125
41.8155068148,484,885,375000,42.2559511111,-83.7394577778,61.0,4.88000011444,1103.0,32.1568641663,,,,,,,,,2.34375,2.34375,0.78125,-0.78125
41.8155068148,484,885,375700,42.2559511111,-83.7394577778,61.0,4.88000011444,1103.0,32.1568641663,,,,,,,,,2.34375,2.34375,-2.34375,-3.125
41.8155068148,484,885,375800,42.2559511111,-83.7394577778,60.0,4.88000011444,1103.0,32.1568641663,,,,,,,,,2.34375,2.34375,-2.34375,-3.125
41.8155068148,484,885,376800,42.2559511111,-83.7394577778,60.0,12.5799999237,1760.0,32.1568641663,,,,,,,,,2.34375,2.34375,-2.34375,-3.125
41.8155068148,484,885,377800,42.2559511111,-83.7394577778,60.0,12.5799999237,1760.0,29.8039226532,,,,,,,,,2.34375,2.34375,-2.34375,-3.125
41.8155068148,484,885,378000,42.2563811111,-83.7395263889,60.0,12.5799999237,1760.0,29.8039226532,,,,,,,,,2.34375,2.34375,-2.34375,-3.125
41.8155068148,484,885,378900,42.2563811111,-83.7395263889,60.0,6.34999990463,1203.0,29.8039226532,,,,,,,,,2.34375,2.34375,-2.34375,-3.125
41.8155068148,484,885,379900,42.2563811111,-83.7395263889,60.0,6.34999990463,1203.0,29.8039226532,,,,,,,,,-2.34375,-2.34375,-2.34375,-3.125
41.8155068148,484,885,380900,42.2563811111,-83.7395263889,60.0,8.10000038147,1223.0,29.8039226532,,,,,,,,,-2.34375,-2.34375,-2.34375,-3.125
41.8155068148,484,885,381000,42.2563811111,-83.7395263889,59.0,8.10000038147,1223.0,29.8039226532,,,,,,,,,-2.34375,-2.34375,-2.34375,-3.125
41.8155068148,484,885,381100,42.2568044444,-83.7396194444,59.0,8.10000038147,1223.0,29.8039226532,,,,,,,,,-2.34375,-2.34375,-2.34375,-3.125
41.8155068148,484,885,382000,42.2568044444,-83.7396194444,58.0,8.10000038147,1223.0,29.8039226532,,,,,,,,,-2.34375,-2.34375,-2.34375,-3.125
41.8155068148,484,885,383000,42.2568044444,-83.7396194444,58.0,4.17000007629,950.0,15.2941179276,,,,,,,,,-2.34375,-2.34375,-2.34375,-3.125
41.8155068148,484,885,383100,42.2568044444,-83.7396194444,56.0,4.17000007629,950.0,15.2941179276,,,,,,,,,-2.34375,-2.34375,-2.34375,-3.125
41.8155068148,484,885,384100,42.2568044444,-83.7396194444,54.0,4.17000007629,950.0,15.2941179276,,,,,,,,,-2.34375,-2.34375,-2.34375,-3.125
41.8155068148,484,885,385000,42.2573325,-83.7397605556,54.0,4.17000007629,950.0,15.2941179276,,,,,,,,,-2.34375,-2.34375,-2.34375,-3.125
41.8155068148,484,885,385100,42.2573325,-83.7397605556,54.0,3.92000007629,662.0,15.2941179276,,,,,,,,,0.0,0.78125,-2.34375,-3.125
41.8155068148,484,885,385200,42.2573325,-83.7397605556,51.0,3.92000007629,662.0,15.2941179276,,,,,,,,,0.0,0.78125,-2.34375,-3.125
41.8155068148,484,885,386200,42.2573325,-83.7397605556,49.0,3.92000007629,662.0,15.2941179276,,,,,,,,,0.0,0.78125,-2.34375,-3.125
41.8155068148,484,885,387200,42.2573325,-83.7397605556,47.0,3.72000002861,730.0,15.2941179276,,,,,,,,,0.0,0.78125,-2.34375,-3.125
41.8155068148,484,885,388000,42.2576836111,-83.7398461111,47.0,3.72000002861,730.0,15.2941179276,,,,,,,,,0.0,0.78125,-2.34375,-3.125
41.8155068148,484,885,388200,42.2576836111,-83.7398461111,47.0,3.72000002861,730.0,16.0784320831,,,,,,,,,0.0,0.78125,-2.34375,-3.125
41.8155068148,484,885,388300,42.2576836111,-83.7398461111,46.0,3.72000002861,730.0,16.0784320831,,,,,,,,,0.0,0.78125,-2.34375,-3.125
41.8155068148,484,885,389300,42.2576836111,-83.7398461111,45.0,3.68000006676,695.0,16.0784320831,,,,,,,,,0.0,0.78125,-2.34375,-3.125
41.8155068148,484,885,390300,42.2576836111,-83.7398461111,45.0,3.68000006676,695.0,16.0784320831,,,,,,,,,-10.9375,-7.8125,-2.34375,-3.125
41.8155068148,484,885,390400,42.2576836111,-83.7398461111,43.0,3.68000006676,695.0,16.0784320831,,,,,,,,,-10.9375,-7.8125,-2.34375,-3.125
41.8155068148,484,885,391100,42.2580363889,-83.7399091667,43.0,3.68000006676,695.0,16.0784320831,,,,,,,,,-10.9375,-7.8125,-2.34375,-3.125
41.8155068148,484,885,391300,42.2580363889,-83.7399091667,43.0,3.67000007629,733.0,16.0784320831,,,,,,,,,-10.9375,-7.8125,-2.34375,-3.125
41.8155068148,484,885,391400,42.2580363889,-83.7399091667,42.0,3.67000007629,733.0,16.0784320831,,,,,,,,,-10.9375,-7.8125,-2.34375,-3.125
41.8155068148,484,885,392500,42.2580363889,-83.7399091667,40.0,3.67000007629,733.0,16.0784320831,,,,,,,,,-10.9375,-7.8125,-2.34375,-3.125
41.8155068148,484,885,393500,42.2580363889,-83.7399091667,40.0,3.66000008583,722.0,16.862745285,,,,,,,,,-10.9375,-7.8125,-2.34375,-3.125
41.8155068148,484,885,393600,42.2580363889,-83.7399091667,39.0,3.66000008583,722.0,16.862745285,,,,,,,,,-10.9375,-7.8125,-2.34375,-3.125
41.8155068148,484,885,394000,42.2583244444,-83.7399408333,39.0,3.66000008583,722.0,16.862745285,,,,,,,,,-10.9375,-7.8125,-2.34375,-3.125
41.8155068148,484,885,394600,42.2583244444,-83.7399408333,34.0,3.66000008583,722.0,16.862745285,,,,,,,,,-10.9375,-7.8125,-2.34375,-3.125
41.8155068148,484,885,395600,42.2583244444,-83.7399408333,34.0,3.68000006676,671.0,16.862745285,,,,,,,,,5.46875,5.46875,-2.34375,-3.125
41.8155068148,484,885,395700,42.2583244444,-83.7399408333,28.0,3.68000006676,671.0,16.862745285,,,,,,,,,5.46875,5.46875,-2.34375,-3.125
41.8155068148,484,885,396800,42.2583244444,-83.7399408333,22.0,3.68000006676,671.0,16.862745285,,,,,,,,,5.46875,5.46875,-2.34375,-3.125
41.8155068148,484,885,397100,42.2585486111,-83.7400047222,22.0,3.68000006676,671.0,16.862745285,,,,,,,,,5.46875,5.46875,-2.34375,-3.125
41.8155068148,484,885,397900,42.2585486111,-83.7400047222,19.0,3.65000009537,714.0,16.862745285,,,,,,,,,5.46875,5.46875,-2.34375,-3.125
41.8155068148,484,885,398900,42.2585486111,-83.7400047222,17.0,3.65000009537,714.0,16.862745285,,,,,,,,,5.46875,5.46875,-2.34375,-3.125
41.8155068148,484,885,399900,42.2585486111,-83.7400047222,13.0,3.75,654.0,16.862745285,,,,,,,,,5.46875,5.46875,-2.34375,-3.125
41.8155068148,484,885,400100,42.2587072222,-83.7400330556,13.0,3.75,654.0,16.862745285,,,,,,,,,5.46875,5.46875,-2.34375,-3.125
41.8155068148,484,885,401000,42.2587072222,-83.7400330556,10.0,3.75,654.0,16.862745285,,,,,,,,,5.46875,0.78125,-2.34375,-3.125
41.8155068148,484,885,402000,42.2587072222,-83.7400330556,7.0,3.75999999046,699.0,16.862745285,,,,,,,,,5.46875,0.78125,-2.34375,-3.125
41.8155068148,484,885,404100,42.2588369444,-83.7400708333,8.0,15.3800001144,1203.0,39.2156867981,,,,,,,,,5.46875,0.78125,-2.34375,-3.125
41.8155068148,484,885,405100,42.2588369444,-83.7400708333,13.0,15.3800001144,1203.0,39.2156867981,,,,,,,,,5.46875,0.78125,-2.34375,-3.125
41.8155068148,484,885,406200,42.2588369444,-83.7400708333,19.0,24.3299999237,1973.0,39.2156867981,,,,,,,,,3.90625,0.78125,-5.46875,-3.90625
41.8155068148,484,885,407100,42.2589402778,-83.74007,19.0,24.3299999237,1973.0,39.2156867981,,,,,,,,,3.90625,0.78125,-5.46875,-3.90625
41.8155068148,484,885,407300,42.2589402778,-83.74007,25.0,24.3299999237,1973.0,39.2156867981,,,,,,,,,3.90625,0.78125,-5.46875,-3.90625
41.8155068148,484,885,408300,42.2589402778,-83.74007,27.0,5.30999994278,1333.0,39.2156867981,,,,,,,,,3.90625,0.78125,-5.46875,-3.90625
41.8155068148,484,885,409400,42.2589402778,-83.74007,28.0,5.30999994278,1333.0,51.764705658,,,,,,,,,3.90625,0.78125,-5.46875,-3.90625
41.8155068148,484,885,410000,42.2591558333,-83.7401286111,28.0,5.30999994278,1333.0,51.764705658,,,,,,,,,3.90625,0.78125,-5.46875,-3.90625
41.8155068148,484,885,410400,42.2591558333,-83.7401286111,32.0,31.25,1980.0,51.764705658,,,,,,,,,3.90625,0.78125,-5.46875,-3.90625
41.8155068148,484,885,411500,42.2591558333,-83.7401286111,36.0,31.25,1980.0,51.764705658,,,,,,,,,-6.25,-7.03125,-5.46875,-3.90625
41.8155068148,484,885,412500,42.2591558333,-83.7401286111,38.0,24.8400001526,1841.0,51.764705658,,,,,,,,,-6.25,-7.03125,-5.46875,-3.90625
41.8155068148,484,885,413000,42.2594111111,-83.7401333333,38.0,24.8400001526,1841.0,51.764705658,,,,,,,,,-6.25,-7.03125,-5.46875,-3.90625
41.8155068148,484,885,413500,42.2594111111,-83.7401333333,41.0,24.8400001526,1841.0,51.764705658,,,,,,,,,-6.25,-7.03125,-5.46875,-3.90625
41.8155068148,484,885,414400,42.2594111111,-83.7401333333,41.0,24.8400001526,1841.0,44.7058830261,,,,,,,,,-6.25,-7.03125,-5.46875,-3.90625
41.8155068148,484,885,414500,42.2594111111,-83.7401333333,41.0,17.4899997711,1739.0,44.7058830261,,,,,,,,,-6.25,-7.03125,-5.46875,-3.90625
41.8155068148,484,885,415600,42.2594111111,-83.7401333333,45.0,17.4899997711,1739.0,44.7058830261,,,,,,,,,-6.25,-7.03125,-5.46875,-3.90625
41.8155068148,484,885,416000,42.2597483333,-83.7401625,45.0,17.4899997711,1739.0,44.7058830261,,,,,,,,,-6.25,-7.03125,-5.46875,-3.90625
41.8155068148,484,885,416500,42.2597483333,-83.7401625,45.0,7.03000020981,1327.0,44.7058830261,,,,,,,,,3.125,1.5625,-5.46875,-3.90625
41.8155068148,484,885,416600,42.2597483333,-83.7401625,44.0,7.03000020981,1327.0,44.7058830261,,,,,,,,,3.125,1.5625,-5.46875,-3.90625
41.8155068148,484,885,417700,42.2597483333,-83.7401625,43.0,7.03000020981,1327.0,44.7058830261,,,,,,,,,3.125,1.5625,-5.46875,-3.90625
41.8155068148,484,885,418500,42.2597483333,-83.7401625,43.0,5.51000022888,978.0,44.7058830261,,,,,,,,,3.125,1.5625,-5.46875,-3.90625
41.8155068148,484,885,418700,42.2597483333,-83.7401625,41.0,5.51000022888,978.0,44.7058830261,,,,,,,,,3.125,1.5625,-5.46875,-3.90625
41.8155068148,484,885,419000,42.2600769444,-83.7401872222,41.0,5.51000022888,978.0,44.7058830261,,,,,,,,,3.125,1.5625,-5.46875,-3.90625
41.8155068148,484,885,419500,42.2600769444,-83.7401872222,41.0,5.51000022888,978.0,24.7058830261,,,,,,,,,3.125,1.5625,-5.46875,-3.90625
41.8155068148,484,885,419800,42.2600769444,-83.7401872222,42.0,5.51000022888,978.0,24.7058830261,,,,,,,,,3.125,1.5625,-5.46875,-3.90625
41.8155068148,484,885,420500,42.2600769444,-83.7401872222,42.0,15.0900001526,1330.0,24.7058830261,,,,,,,,,3.125,1.5625,-5.46875,-3.90625
41.8155068148,484,885,421500,42.2600769444,-83.7401872222,42.0,15.0900001526,1330.0,24.7058830261,,,,,,,,,7.8125,6.25,-5.46875,-3.90625
41.8155068148,484,885,422100,42.2604052778,-83.7402027778,42.0,15.0900001526,1330.0,24.7058830261,,,,,,,,,7.8125,6.25,-5.46875,-3.90625
41.8155068148,484,885,422600,42.2604052778,-83.7402027778,42.0,10.0699996948,1258.0,24.7058830261,,,,,,,,,7.8125,6.25,-5.46875,-3.90625
41.8155068148,484,885,422900,42.2604052778,-83.7402027778,43.0,10.0699996948,1258.0,24.7058830261,,,,,,,,,7.8125,6.25,-5.46875,-3.90625
41.8155068148,484,885,423900,42.2604052778,-83.7402027778,42.0,10.0699996948,1258.0,24.7058830261,,,,,,,,,7.8125,6.25,-5.46875,-3.90625
41.8155068148,484,885,424700,42.2604052778,-83.7402027778,42.0,13.3500003815,1436.0,32.5490188599,,,,,,,,,7.8125,6.25,-5.46875,-3.90625
41.8155068148,484,885,425000,42.2604052778,-83.7402027778,43.0,13.3500003815,1436.0,32.5490188599,,,,,,,,,7.8125,6.25,-5.46875,-3.90625
41.8155068148,484,885,425100,42.260735,-83.7402033333,43.0,13.3500003815,1436.0,32.5490188599,,,,,,,,,7.8125,6.25,-5.46875,-3.90625
41.8155068148,484,885,426000,42.260735,-83.7402033333,44.0,13.3500003815,1436.0,32.5490188599,,,,,,,,,7.8125,6.25,-5.46875,-3.90625
41.8155068148,484,885,426700,42.260735,-83.7402033333,44.0,9.47000026703,1268.0,32.5490188599,,,,,,,,,-3.125,-3.125,-5.46875,-3.90625
41.8155068148,484,885,428000,42.2610925,-83.7402175,44.0,9.47000026703,1268.0,32.5490188599,,,,,,,,,-3.125,-3.125,-5.46875,-3.90625
41.8155068148,484,885,428100,42.2610925,-83.7402175,43.0,9.47000026703,1268.0,32.5490188599,,,,,,,,,-3.125,-3.125,-5.46875,-3.90625
41.8155068148,484,885,429000,42.2610925,-83.7402175,43.0,8.10000038147,1503.0,32.5490188599,,,,,,,,,-3.125,-3.125,-5.46875,-3.90625
41.8155068148,484,885,429200,42.2610925,-83.7402175,42.0,8.10000038147,1503.0,32.5490188599,,,,,,,,,-3.125,-3.125,-5.46875,-3.90625
41.8155068148,484,885,430100,42.2610925,-83.7402175,42.0,8.10000038147,1503.0,14.509803772,,,,,,,,,-3.125,-3.125,-5.46875,-3.90625
41.8155068148,484,885,431100,42.2610925,-83.7402175,42.0,4.09999990463,926.0,14.509803772,,,,,,,,,-3.125,-3.125,-5.46875,-3.90625
41.8155068148,484,885,431300,42.2610925,-83.7402175,41.0,4.09999990463,926.0,14.509803772,,,,,,,,,-3.125,-3.125,-5.46875,-3.90625
41.8155068148,484,885,432000,42.2615861111,-83.7402536111,41.0,4.09999990463,926.0,14.509803772,,,,,,,,,-3.125,-3.125,-5.46875,-3.90625
41.8155068148,484,885,432100,42.2615861111,-83.7402536111,41.0,4.09999990463,926.0,14.509803772,,,,,,,,,3.90625,3.125,-5.46875,-3.90625
41.8155068148,484,885,432400,42.2615861111,-83.7402536111,40.0,4.09999990463,926.0,14.509803772,,,,,,,,,3.90625,3.125,-5.46875,-3.90625
41.8155068148,484,885,433200,42.2615861111,-83.7402536111,40.0,11.3699998856,1937.0,14.509803772,,,,,,,,,3.90625,3.125,-5.46875,-3.90625
41.8155068148,484,885,433400,42.2615861111,-83.7402536111,41.0,11.3699998856,1937.0,14.509803772,,,,,,,,,3.90625,3.125,-5.46875,-3.90625
41.8155068148,484,885,434400,42.2615861111,-83.7402536111,40.0,11.3699998856,1937.0,14.509803772,,,,,,,,,3.90625,3.125,-5.46875,-3.90625
41.8155068148,484,885,435000,42.2619113889,-83.7402583333,40.0,11.3699998856,1937.0,14.509803772,,,,,,,,,3.90625,3.125,-5.46875,-3.90625
41.8155068148,484,885,435300,42.2619113889,-83.7402583333,40.0,5.92999982834,1141.0,17.254901886,,,,,,,,,3.90625,3.125,-5.46875,-3.90625
41.8155068148,484,885,436300,42.2619113889,-83.7402583333,40.0,5.92999982834,1141.0,17.254901886,,,,,,,,,3.90625,3.125,-0.78125,-3.90625
41.8155068148,484,885,437300,42.2619113889,-83.7402583333,40.0,16.1900005341,1512.0,17.254901886,,,,,,,,,-4.6875,-0.78125,-0.78125,-3.90625
41.8155068148,484,885,438100,42.2622247222,-83.7402672222,40.0,16.1900005341,1512.0,17.254901886,,,,,,,,,-4.6875,-0.78125,-0.78125,-3.90625
41.8155068148,484,885,438600,42.2622247222,-83.7402672222,41.0,16.1900005341,1512.0,17.254901886,,,,,,,,,-4.6875,-0.78125,-0.78125,-3.90625
41.8155068148,484,885,439400,42.2622247222,-83.7402672222,41.0,12.8999996185,1247.0,17.254901886,,,,,,,,,-4.6875,-0.78125,-0.78125,-3.90625
41.8155068148,484,885,439600,42.2622247222,-83.7402672222,42.0,12.8999996185,1247.0,17.254901886,,,,,,,,,-4.6875,-0.78125,-0.78125,-3.90625
41.8155068148,484,885,440500,42.2622247222,-83.7402672222,42.0,12.8999996185,1247.0,36.0784301758,,,,,,,,,-4.6875,-0.78125,-0.78125,-3.90625
41.8155068148,484,885,440700,42.2622247222,-83.7402672222,43.0,12.8999996185,1247.0,36.0784301758,,,,,,,,,-4.6875,-0.78125,-0.78125,-3.90625
41.8155068148,484,885,441100,42.2625069444,-83.7402277778,43.0,12.8999996185,1247.0,36.0784301758,,,,,,,,,-4.6875,-0.78125,-0.78125,-3.90625
41.8155068148,484,885,441500,42.2625069444,-83.7402277778,43.0,14.8900003433,1347.0,36.0784301758,,,,,,,,,-4.6875,-0.78125,-0.78125,-3.90625
41.8155068148,484,885,441700,42.2625069444,-83.7402277778,44.0,14.8900003433,1347.0,36.0784301758,,,,,,,,,-4.6875,-0.78125,-0.78125,-3.90625
41.8155068148,484,885,442500,42.2625069444,-83.7402277778,44.0,14.8900003433,1347.0,36.0784301758,,,,,,,,,-0.78125,0.0,-0.78125,-3.90625
41.8155068148,484,885,442800,42.2625069444,-83.7402277778,43.0,14.8900003433,1347.0,36.0784301758,,,,,,,,,-0.78125,0.0,-0.78125,-3.90625
41.8155068148,484,885,443600,42.2625069444,-83.7402277778,43.0,4.28000020981,963.0,36.0784301758,,,,,,,,,-0.78125,0.0,-0.78125,-3.90625
41.8155068148,484,885,443800,42.2625069444,-83.7402277778,37.0,4.28000020981,963.0,36.0784301758,,,,,,,,,-0.78125,0.0,-0.78125,-3.90625
41.8155068148,484,885,444100,42.2628127778,-83.7402044444,37.0,4.28000020981,963.0,36.0784301758,,,,,,,,,-0.78125,0.0,-0.78125,-3.90625
41.8155068148,484,885,444800,42.2628127778,-83.7402044444,26.0,4.28000020981,963.0,36.0784301758,,,,,,,,,-0.78125,0.0,-0.78125,-3.90625
41.8155068148,484,885,445700,42.2628127778,-83.7402044444,26.0,3.79999995232,730.0,18.0392150879,,,,,,,,,-0.78125,0.0,-0.78125,-3.90625
41.8155068148,484,885,445900,42.2628127778,-83.7402044444,18.0,3.79999995232,730.0,18.0392150879,,,,,,,,,-0.78125,0.0,-0.78125,-3.90625
41.8155068148,484,885,446900,42.2628127778,-83.7402044444,12.0,3.79999995232,730.0,18.0392150879,,,,,,,,,-0.78125,0.0,-0.78125,-3.90625
41.8155068148,484,885,447000,42.2630341667,-83.740185,12.0,3.79999995232,730.0,18.0392150879,,,,,,,,,-0.78125,0.0,-0.78125,-3.90625
41.8155068148,484,885,447700,42.2630341667,-83.740185,12.0,3.84999990463,617.0,18.0392150879,,,,,,,,,-0.78125,0.0,-0.78125,-3.90625
41.8155068148,484,885,448000,42.2630341667,-83.740185,8.0,3.84999990463,617.0,18.0392150879,,,,,,,,,-0.78125,0.0,-0.78125,-3.90625
41.8155068148,484,885,449000,42.2630341667,-83.740185,6.0,3.84999990463,617.0,18.0392150879,,,,,,,,,-0.78125,0.0,-0.78125,-3.90625
41.8155068148,484,885,449800,42.2630341667,-83.740185,6.0,3.61999988556,650.0,18.0392150879,,,,,,,,,-0.78125,0.0,-0.78125,-3.90625
41.8155068148,484,885,450000,42.2630836111,-83.7402433333,6.0,3.61999988556,650.0,18.0392150879,,,,,,,,,-0.78125,0.0,-0.78125,-3.90625
41.8155068148,484,885,450900,42.2630836111,-83.7402433333,6.0,3.61999988556,650.0,53.7254905701,,,,,,,,,-0.78125,0.0,-0.78125,-3.90625
41.8155068148,484,885,451900,42.2630836111,-83.7402433333,6.0,15.5799999237,1480.0,53.7254905701,,,,,,,,,-0.78125,0.0,-0.78125,-3.90625
41.8155068148,484,885,452100,42.2630836111,-83.7402433333,10.0,15.5799999237,1480.0,53.7254905701,,,,,,,,,-0.78125,0.0,-0.78125,-3.90625
41.8155068148,484,885,452900,42.2630836111,-83.7402433333,10.0,15.5799999237,1480.0,53.7254905701,,,,,,,,,-3.125,-1.5625,-0.78125,-3.90625
41.8155068148,484,885,453000,42.2631647222,-83.7402741667,10.0,15.5799999237,1480.0,53.7254905701,,,,,,,,,-3.125,-1.5625,-0.78125,-3.90625
41.8155068148,484,885,453200,42.2631647222,-83.7402741667,15.0,15.5799999237,1480.0,53.7254905701,,,,,,,,,-3.125,-1.5625,-0.78125,-3.90625
41.8155068148,484,885,454000,42.2631647222,-83.7402741667,15.0,15.529999733,1801.0,53.7254905701,,,,,,,,,-3.125,-1.5625,-0.78125,-3.90625
41.8155068148,484,885,454200,42.2631647222,-83.7402741667,19.0,15.529999733,1801.0,53.7254905701,,,,,,,,,-3.125,-1.5625,-0.78125,-3.90625
41.8155068148,484,885,455200,42.2631647222,-83.7402741667,22.0,15.529999733,1801.0,53.7254905701,,,,,,,,,-3.125,-1.5625,-0.78125,-3.90625
41.8155068148,484,885,456100,42.2631647222,-83.7402741667,22.0,18.3700008392,1650.0,37.254901886,,,,,,,,,-3.125,-1.5625,-0.78125,-3.90625
41.8155068148,484,885,456300,42.2631647222,-83.7402741667,25.0,18.3700008392,1650.0,37.254901886,,,,,,,,,-3.125,-1.5625,-0.78125,-3.90625
41.8155068148,484,885,457000,42.2633716667,-83.740275,25.0,18.3700008392,1650.0,37.254901886,,,,,,,,,-3.125,-1.5625,-0.78125,-3.90625
41.8155068148,484,885,457300,42.2633716667,-83.740275,27.0,18.3700008392,1650.0,37.254901886,,,,,,,,,-3.125,-1.5625,-0.78125,-3.90625
41.8155068148,484,885,458100,42.2633716667,-83.740275,27.0,16.6000003815,1474.0,37.254901886,,,,,,,,,-0.78125,-4.6875,-0.78125,-3.90625
41.8155068148,484,885,458400,42.2633716667,-83.740275,28.0,16.6000003815,1474.0,37.254901886,,,,,,,,,-0.78125,-4.6875,-0.78125,-3.90625
41.8155068148,484,885,459400,42.2633716667,-83.740275,30.0,16.6000003815,1474.0,37.254901886,,,,,,,,,-0.78125,-4.6875,-0.78125,-3.90625
41.8155068148,484,885,460000,42.2635813889,-83.7402725,30.0,16.6000003815,1474.0,37.254901886,,,,,,,,,-0.78125,-4.6875,-0.78125,-3.90625
41.8155068148,484,885,460200,42.2635813889,-83.7402725,30.0,19.7199993134,1624.0,37.254901886,,,,,,,,,-0.78125,-4.6875,-0.78125,-3.90625
41.8155068148,484,885,460400,42.2635813889,-83.7402725,34.0,19.7199993134,1624.0,37.254901886,,,,,,,,,-0.78125,-4.6875,-0.78125,-3.90625
41.8155068148,484,885,461300,42.2635813889,-83.7402725,34.0,19.7199993134,1624.0,38.8235282898,,,,,,,,,-0.78125,-4.6875,-0.78125,-3.90625
41.8155068148,484,885,462500,42.2635813889,-83.7402725,34.0,15.5200004578,1540.0,38.8235282898,,,,,,,,,-0.78125,-4.6875,-0.78125,-3.90625
41.8155068148,484,885,462600,42.2635813889,-83.7402725,38.0,15.5200004578,1540.0,38.8235282898,,,,,,,,,-0.78125,-4.6875,-0.78125,-3.90625
41.8155068148,484,885,463100,42.2638455556,-83.7402725,38.0,15.5200004578,1540.0,38.8235282898,,,,,,,,,-0.78125,-4.6875,-0.78125,-3.90625
41.8155068148,484,885,463500,42.2638455556,-83.7402725,38.0,15.5200004578,1540.0,38.8235282898,,,,,,,,,1.5625,2.34375,-0.78125,-3.90625
41.8155068148,484,885,464700,42.2638455556,-83.7402725,38.0,12.8299999237,1232.0,38.8235282898,,,,,,,,,1.5625,2.34375,-0.78125,-3.90625
41.8155068148,484,885,465800,42.2638455556,-83.7402725,39.0,12.8299999237,1232.0,38.8235282898,,,,,,,,,1.5625,2.34375,-0.78125,-3.90625
41.8155068148,484,885,466000,42.2641447222,-83.7402919444,39.0,12.8299999237,1232.0,38.8235282898,,,,,,,,,1.5625,2.34375,-0.78125,-3.90625
41.8155068148,484,885,466200,42.2641447222,-83.7402919444,39.0,12.8299999237,1232.0,29.4117660522,,,,,,,,,1.5625,2.34375,-0.78125,-3.90625
41.8155068148,484,885,466800,42.2641447222,-83.7402919444,40.0,7.15000009537,1206.0,29.4117660522,,,,,,,,,1.5625,2.34375,-2.34375,-1.5625
41.8155068148,484,885,468300,42.2641447222,-83.7402919444,40.0,7.15000009537,1206.0,29.4117660522,,,,,,,,,1.5625,2.34375,-2.34375,-1.5625
41.8155068148,484,885,468900,42.2641447222,-83.7402919444,40.0,5.75,1096.0,29.4117660522,,,,,,,,,3.125,4.6875,-2.34375,-1.5625
41.8155068148,484,885,469100,42.2644319444,-83.7403022222,40.0,5.75,1096.0,29.4117660522,,,,,,,,,3.125,4.6875,-2.34375,-1.5625
41.8155068148,484,885,469900,42.2644319444,-83.7403022222,39.0,5.75,1096.0,29.4117660522,,,,,,,,,3.125,4.6875,-2.34375,-1.5625
41.8155068148,484,885,471000,42.2644319444,-83.7403022222,39.0,9.10000038147,1331.0,29.4117660522,,,,,,,,,3.125,4.6875,-2.34375,-1.5625
41.8155068148,484,885,471300,42.2644319444,-83.7403022222,39.0,9.10000038147,1331.0,22.745098114,,,,,,,,,3.125,4.6875,-2.34375,-1.5625
41.8155068148,484,885,472000,42.2644319444,-83.7403022222,40.0,9.10000038147,1331.0,22.745098114,,,,,,,,,3.125,4.6875,-2.34375,-1.5625
41.8155068148,484,885,472100,42.2646780556,-83.7402744444,40.0,9.10000038147,1331.0,22.745098114,,,,,,,,,3.125,4.6875,-2.34375,-1.5625
41.8155068148,484,885,473100,42.2646780556,-83.7402744444,40.0,6.75,1294.0,22.745098114,,,,,,,,,3.125,4.6875,-2.34375,-1.5625
41.8155068148,484,885,474100,42.2646780556,-83.7402744444,40.0,6.75,1294.0,22.745098114,,,,,,,,,0.0,0.0,-2.34375,-1.5625
41.8155068148,484,885,475200,42.2646780556,-83.7402744444,39.0,4.34000015259,1072.0,22.745098114,,,,,,,,,0.0,0.0,-2.34375,-1.5625
41.8155068148,484,885,476000,42.2650216667,-83.7402733333,39.0,4.34000015259,1072.0,22.745098114,,,,,,,,,0.0,0.0,-2.34375,-1.5625
41.8155068148,484,885,476200,42.2650216667,-83.7402733333,37.0,4.34000015259,1072.0,22.745098114,,,,,,,,,0.0,0.0,-2.34375,-1.5625
41.8155068148,484,885,476800,42.2650216667,-83.7402733333,37.0,4.34000015259,1072.0,16.4705886841,,,,,,,,,0.0,0.0,-2.34375,-1.5625
41.8155068148,484,885,477200,42.2650216667,-83.7402733333,37.0,3.84999990463,770.0,16.4705886841,,,,,,,,,0.0,0.0,-2.34375,-1.5625
41.8155068148,484,885,477300,42.2650216667,-83.7402733333,32.0,3.84999990463,770.0,16.4705886841,,,,,,,,,0.0,0.0,-2.34375,-1.5625
41.8155068148,484,885,478100,42.2652133333,-83.7402822222,32.0,3.84999990463,770.0,16.4705886841,,,,,,,,,0.0,0.0,-2.34375,-1.5625
41.8155068148,484,885,478300,42.2652133333,-83.7402822222,27.0,3.84999990463,770.0,16.4705886841,,,,,,,,,0.0,0.0,-2.34375,-1.5625
41.8155068148,484,885,479100,42.2652133333,-83.7402822222,27.0,3.84999990463,770.0,16.4705886841,,,,,,,,,2.34375,0.78125,-2.34375,-1.5625
41.8155068148,484,885,479200,42.2652133333,-83.7402822222,27.0,3.70000004768,721.0,16.4705886841,,,,,,,,,2.34375,0.78125,-2.34375,-1.5625
41.8155068148,484,885,479400,42.2652133333,-83.7402822222,25.0,3.70000004768,721.0,16.4705886841,,,,,,,,,2.34375,0.78125,-2.34375,-1.5625
41.8155068148,484,885,480400,42.2652133333,-83.7402822222,23.0,3.70000004768,721.0,16.4705886841,,,,,,,,,2.34375,0.78125,-2.34375,-1.5625
41.8155068148,484,885,481200,42.2652133333,-83.7402822222,23.0,3.75,721.0,16.4705886841,,,,,,,,,2.34375,0.78125,-2.34375,-1.5625
41.8155068148,484,885,481400,42.2652133333,-83.7402822222,15.0,3.75,721.0,16.4705886841,,,,,,,,,2.34375,0.78125,-2.34375,-1.5625
41.8155068148,484,885,482000,42.2655044444,-83.7402569444,15.0,3.75,721.0,19.2156867981,,,,,,,,,2.34375,0.78125,-2.34375,-1.5625
41.8155068148,484,885,482500,42.2655044444,-83.7402569444,10.0,3.75,721.0,19.2156867981,,,,,,,,,2.34375,0.78125,-2.34375,-1.5625
41.8155068148,484,885,483200,42.2655044444,-83.7402569444,10.0,3.80999994278,703.0,19.2156867981,,,,,,,,,2.34375,0.78125,-2.34375,-1.5625
41.8155068148,484,885,483500,42.2655044444,-83.7402569444,8.0,3.80999994278,703.0,19.2156867981,,,,,,,,,2.34375,0.78125,-2.34375,-1.5625
41.8155068148,484,885,484200,42.2655044444,-83.7402569444,8.0,3.80999994278,703.0,19.2156867981,,,,,,,,,-7.8125,-6.25,-2.34375,-1.5625
41.8155068148,484,885,484600,42.2655044444,-83.7402569444,7.0,3.80999994278,703.0,19.2156867981,,,,,,,,,-7.8125,-6.25,-2.34375,-1.5625
41.8155068148,484,885,485100,42.2657144444,-83.7402675,7.0,3.80999994278,703.0,19.2156867981,,,,,,,,,-7.8125,-6.25,-2.34375,-1.5625
41.8155068148,484,885,485200,42.2657144444,-83.7402675,7.0,3.77999997139,619.0,19.2156867981,,,,,,,,,-7.8125,-6.25,-2.34375,-1.5625
41.8155068148,484,885,485600,42.2657144444,-83.7402675,6.0,3.77999997139,619.0,19.2156867981,,,,,,,,,-7.8125,-6.25,-2.34375,-1.5625
41.8155068148,484,885,486600,42.2657144444,-83.7402675,4.0,3.77999997139,619.0,19.2156867981,,,,,,,,,-7.8125,-6.25,-2.34375,-1.5625
41.8155068148,484,885,487200,42.2657144444,-83.7402675,4.0,3.67000007629,628.0,19.2156867981,,,,,,,,,-7.8125,-6.25,-2.34375,-1.5625
41.8155068148,484,885,488000,42.26586,-83.7403008333,4.0,3.67000007629,628.0,19.2156867981,,,,,,,,,-7.8125,-6.25,-2.34375,-1.5625
41.8155068148,484,885,488700,42.26586,-83.7403008333,3.0,3.67000007629,628.0,19.2156867981,,,,,,,,,-7.8125,-6.25,-2.34375,-1.5625
41.8155068148,484,885,489300,42.26586,-83.7403008333,3.0,3.65000009537,623.0,19.2156867981,,,,,,,,,4.6875,3.125,-2.34375,-1.5625
41.8155068148,484,885,489800,42.26586,-83.7403008333,1.0,3.65000009537,623.0,19.2156867981,,,,,,,,,4.6875,3.125,-2.34375,-1.5625
41.8155068148,484,885,490400,42.26586,-83.7403008333,1.0,3.65000009537,626.0,19.2156867981,,,,,,,,,4.6875,3.125,-2.34375,-1.5625
41.8155068148,484,885,490500,42.26586,-83.7403008333,1.0,3.78999996185,626.0,19.2156867981,,,,,,,,,4.6875,3.125,-2.34375,-1.5625
41.8155068148,484,885,490600,42.26586,-83.7403008333,1.0,3.78999996185,626.0,20.392156601,,,,,,,,,4.6875,3.125,-2.34375,-1.5625
41.8155068148,484,885,491100,42.26586,-83.7403008333,1.0,3.78999996185,626.0,20.392156601,,,,,,,,,-3.125,3.125,-2.34375,-1.5625
41.8155068148,484,885,491200,42.26586,-83.7403008333,1.0,3.78999996185,626.0,20.392156601,,,,,,,,,-3.125,-3.90625,-2.34375,-1.5625
41.8155068148,484,885,491300,42.26586,-83.7403008333,1.0,3.78999996185,626.0,20.392156601,,,,,,,,,-3.125,-3.90625,-11.71875,-1.5625
41.8155068148,484,885,491400,42.26586,-83.7403008333,0.0,3.78999996185,626.0,20.392156601,,,,,,,,,-3.125,-3.90625,-11.71875,-10.15625
41.8155068148,484,885,493000,42.2658472222,-83.7403630556,0.0,3.78999996185,626.0,20.392156601,,,,,,,,,-3.125,-3.90625,-11.71875,-10.15625
41.8155068148,484,885,493600,42.2658472222,-83.7403630556,0.0,3.78999996185,958.0,20.392156601,,,,,,,,,-3.125,-3.90625,-11.71875,-10.15625
41.8155068148,484,885,493700,42.2658472222,-83.7403630556,0.0,8.23999977112,958.0,20.392156601,,,,,,,,,-3.125,-3.90625,-11.71875,-10.15625
41.8155068148,484,885,493800,42.2658472222,-83.7403630556,0.0,8.23999977112,958.0,29.0196075439,,,,,,,,,-3.125,-3.90625,-11.71875,-10.15625
41.8155068148,484,885,494300,42.2658472222,-83.7403630556,0.0,8.23999977112,958.0,29.0196075439,,,,,,,,,3.125,-3.90625,-11.71875,-10.15625
41.8155068148,484,885,494400,42.2658472222,-83.7403630556,0.0,8.23999977112,958.0,29.0196075439,,,,,,,,,3.125,4.6875,-11.71875,-10.15625
41.8155068148,484,885,494500,42.2658472222,-83.7403630556,0.0,8.23999977112,958.0,29.0196075439,,,,,,,,,3.125,4.6875,-1.5625,-10.15625
41.8155068148,484,885,494600,42.2658472222,-83.7403630556,6.0,8.23999977112,958.0,29.0196075439,,,,,,,,,3.125,4.6875,-1.5625,-3.125
41.8155068148,484,885,495600,42.2658472222,-83.7403630556,6.0,8.23999977112,1292.0,29.0196075439,,,,,,,,,3.125,4.6875,-1.5625,-3.125
41.8155068148,484,885,495700,42.2658472222,-83.7403630556,6.0,12.5100002289,1292.0,29.0196075439,,,,,,,,,3.125,4.6875,-1.5625,-3.125
41.8155068148,484,885,496000,42.2659186111,-83.7403705556,6.0,12.5100002289,1292.0,29.0196075439,,,,,,,,,3.125,4.6875,-1.5625,-3.125
41.8155068148,484,885,496800,42.2659186111,-83.7403705556,10.0,12.5100002289,1292.0,29.0196075439,,,,,,,,,3.125,4.6875,-1.5625,-3.125
41.8155068148,484,885,497700,42.2659186111,-83.7403705556,10.0,8.0,1204.0,29.0196075439,,,,,,,,,3.125,4.6875,-1.5625,-3.125
41.8155068148,484,885,497800,42.2659186111,-83.7403705556,12.0,8.0,1204.0,29.0196075439,,,,,,,,,3.125,4.6875,-1.5625,-3.125
41.8155068148,484,885,498800,42.2659186111,-83.7403705556,12.0,8.0,1204.0,14.9019613266,,,,,,,,,3.125,4.6875,-1.5625,-3.125
41.8155068148,484,885,498900,42.2659186111,-83.7403705556,13.0,8.0,1204.0,14.9019613266,,,,,,,,,3.125,4.6875,-1.5625,-3.125
41.8155068148,484,885,499200,42.2660044444,-83.7404177778,13.0,8.0,1204.0,14.9019613266,,,,,,,,,3.125,4.6875,-1.5625,-3.125
41.8155068148,484,885,499900,42.2660044444,-83.7404177778,13.0,4.19999980927,800.0,14.9019613266,,,,,,,,,3.125,4.6875,-1.5625,-3.125
41.8155068148,484,885,501100,42.2660044444,-83.7404177778,11.0,4.19999980927,800.0,14.9019613266,,,,,,,,,3.125,4.6875,-1.5625,-3.125
41.8155068148,484,885,502100,42.2660044444,-83.7404177778,11.0,3.91000008583,706.0,14.9019613266,,,,,,,,,3.125,4.6875,-1.5625,-3.125
41.8155068148,484,885,503100,42.2660736111,-83.7404355556,11.0,3.91000008583,706.0,14.9019613266,,,,,,,,,3.125,4.6875,-1.5625,-3.125
41.8155068148,484,885,504200,42.2660736111,-83.7404355556,11.0,3.84999990463,741.0,19.2156867981,,,,,,,,,3.125,4.6875,-1.5625,-3.125
41.8155068148,484,885,504400,42.2660736111,-83.7404355556,11.0,3.84999990463,741.0,19.2156867981,,,,,,,,,-10.9375,-9.375,-1.5625,-3.125
41.8155068148,484,885,506000,42.2660991667,-83.7404133333,11.0,3.84999990463,741.0,19.2156867981,,,,,,,,,-10.9375,-9.375,-1.5625,-3.125
41.8155068148,484,885,506300,42.2660991667,-83.7404133333,10.0,4.0,713.0,19.2156867981,,,,,,,,,-10.9375,-9.375,-1.5625,-3.125
41.8155068148,484,885,508400,42.2660991667,-83.7404133333,9.0,3.86999988556,733.0,19.2156867981,,,,,,,,,-10.9375,-9.375,-1.5625,-3.125
41.8155068148,484,885,509000,42.2661433333,-83.7403788889,9.0,3.86999988556,733.0,19.2156867981,,,,,,,,,-10.9375,-9.375,-1.5625,-3.125
41.8155068148,484,885,509400,42.2661433333,-83.7403788889,6.0,3.86999988556,733.0,20.392156601,,,,,,,,,-10.9375,-9.375,-1.5625,-3.125
41.8155068148,484,885,509500,42.2661433333,-83.7403788889,6.0,3.86999988556,733.0,20.392156601,,,,,,,,,-0.78125,2.34375,-1.5625,-3.125
41.8155068148,484,885,510500,42.2661433333,-83.7403788889,5.0,3.80999994278,621.0,20.392156601,,,,,,,,,-0.78125,2.34375,-1.5625,-3.125
41.8155068148,484,885,511500,42.2661433333,-83.7403788889,3.0,3.80999994278,621.0,20.392156601,,,,,,,,,-0.78125,2.34375,-1.5625,-3.125
41.8155068148,484,885,512100,42.2660661111,-83.7403477778,3.0,3.80999994278,621.0,20.392156601,,,,,,,,,-0.78125,2.34375,-1.5625,-3.125
41.8155068148,484,885,512500,42.2660661111,-83.7403477778,2.0,3.79999995232,613.0,20.392156601,,,,,,,,,-0.78125,2.34375,-1.5625,-3.125
41.8155068148,484,885,513600,42.2660661111,-83.7403477778,1.0,3.79999995232,613.0,20.392156601,,,,,,,,,-0.78125,2.34375,-1.5625,-3.125
41.8155068148,484,885,513800,42.2660661111,-83.7403477778,1.0,3.79999995232,622.0,20.392156601,,,,,,,,,-0.78125,2.34375,-1.5625,-3.125
41.8155068148,484,885,513900,42.2660661111,-83.7403477778,1.0,3.81999993324,622.0,20.392156601,,,,,,,,,-0.78125,2.34375,-1.5625,-3.125
41.8155068148,484,885,514000,42.2660661111,-83.7403477778,1.0,3.81999993324,622.0,20.7843132019,,,,,,,,,-0.78125,2.34375,-1.5625,-3.125
41.8155068148,484,885,514500,42.2660661111,-83.7403477778,1.0,3.81999993324,622.0,20.7843132019,,,,,,,,,0.78125,2.34375,-1.5625,-3.125
41.8155068148,484,885,514600,42.2660661111,-83.7403477778,1.0,3.81999993324,622.0,20.7843132019,,,,,,,,,0.78125,0.0,-1.5625,-3.125
41.8155068148,484,885,514700,42.2660661111,-83.7403477778,1.0,3.81999993324,622.0,20.7843132019,,,,,,,,,0.78125,0.0,-12.5,-3.125
41.8155068148,484,885,514800,42.2660661111,-83.7403477778,0.0,3.81999993324,622.0,20.7843132019,,,,,,,,,0.78125,0.0,-12.5,-10.9375
41.8155068148,484,885,515800,42.2660661111,-83.7403477778,0.0,3.81999993324,637.0,20.7843132019,,,,,,,,,0.78125,0.0,-12.5,-10.9375
41.8155068148,484,885,517000,42.2660255556,-83.7403402778,0.0,3.81999993324,637.0,20.7843132019,,,,,,,,,0.78125,0.0,-12.5,-10.9375
41.8155068148,484,885,517800,42.2660255556,-83.7403402778,0.0,3.81999993324,639.0,20.7843132019,,,,,,,,,0.78125,0.0,-12.5,-10.9375
41.8155068148,484,885,518000,42.2660255556,-83.7403402778,0.0,3.81999993324,1066.0,20.7843132019,,,,,,,,,0.78125,0.0,-12.5,-10.9375
41.8155068148,484,885,518100,42.2660255556,-83.7403402778,0.0,10.0699996948,1066.0,20.7843132019,,,,,,,,,0.78125,0.0,-12.5,-10.9375
41.8155068148,484,885,518200,42.2660255556,-83.7403402778,0.0,10.0699996948,1066.0,30.5882358551,,,,,,,,,0.78125,0.0,-12.5,-10.9375
41.8155068148,484,885,518800,42.2660255556,-83.7403402778,0.0,10.0699996948,1066.0,30.5882358551,,,,,,,,,6.25,7.8125,-12.5,-10.9375
41.8155068148,484,885,518900,42.2660255556,-83.7403402778,0.0,10.0699996948,1066.0,30.5882358551,,,,,,,,,6.25,7.8125,-1.5625,-10.9375
41.8155068148,484,885,519000,42.2660255556,-83.7403402778,0.0,10.0699996948,1066.0,30.5882358551,,,,,,,,,6.25,7.8125,-1.5625,-2.34375
41.8155068148,484,885,519100,42.2660255556,-83.7403402778,6.0,10.0699996948,1066.0,30.5882358551,,,,,,,,,6.25,7.8125,-1.5625,-2.34375
41.8155068148,484,885,520000,42.2660255556,-83.7403402778,6.0,10.0699996948,1230.0,30.5882358551,,,,,,,,,6.25,7.8125,-1.5625,-2.34375
41.8155068148,484,885,520100,42.2660308333,-83.7403363889,6.0,10.9899997711,1230.0,30.5882358551,,,,,,,,,6.25,7.8125,-1.5625,-2.34375
41.8155068148,484,885,521200,42.2660308333,-83.7403363889,10.0,10.9899997711,1230.0,30.5882358551,,,,,,,,,6.25,7.8125,-1.5625,-2.34375
41.8155068148,484,885,522000,42.2660308333,-83.7403363889,10.0,10.9899997711,1229.0,30.5882358551,,,,,,,,,6.25,7.8125,-1.5625,-2.34375
41.8155068148,484,885,522100,42.2660308333,-83.7403363889,10.0,5.09999990463,1229.0,30.5882358551,,,,,,,,,6.25,7.8125,-1.5625,-2.34375
41.8155068148,484,885,522200,42.2660308333,-83.7403363889,14.0,5.09999990463,1229.0,30.5882358551,,,,,,,,,6.25,7.8125,-1.5625,-2.34375
41.8155068148,484,885,523200,42.2660308333,-83.7403363889,14.0,5.09999990463,1229.0,14.509803772,,,,,,,,,6.25,7.8125,-1.5625,-2.34375
41.8155068148,484,885,524000,42.2661794444,-83.7403263889,14.0,5.09999990463,1229.0,14.509803772,,,,,,,,,6.25,7.8125,-1.5625,-2.34375
41.8155068148,484,885,524100,42.2661794444,-83.7403263889,14.0,4.26000022888,816.0,14.509803772,,,,,,,,,6.25,7.8125,-1.5625,-2.34375
41.8155068148,484,885,524300,42.2661794444,-83.7403263889,12.0,4.26000022888,816.0,14.509803772,,,,,,,,,6.25,7.8125,-1.5625,-2.34375
41.8155068148,484,885,526100,42.2661794444,-83.7403263889,12.0,3.93000006676,683.0,14.509803772,,,,,,,,,6.25,7.8125,-1.5625,-2.34375
41.8155068148,484,885,526400,42.2661794444,-83.7403263889,8.0,3.93000006676,683.0,14.509803772,,,,,,,,,6.25,7.8125,-1.5625,-2.34375
41.8155068148,484,885,527100,42.2663188889,-83.7403177778,8.0,3.93000006676,683.0,14.509803772,,,,,,,,,6.25,7.8125,-1.5625,-2.34375
41.8155068148,484,885,527400,42.2663188889,-83.7403177778,5.0,3.93000006676,683.0,14.509803772,,,,,,,,,6.25,7.8125,-1.5625,-2.34375
41.8155068148,484,885,528200,42.2663188889,-83.7403177778,5.0,3.83999991417,599.0,14.509803772,,,,,,,,,6.25,7.8125,-1.5625,-2.34375
41.8155068148,484,885,528300,42.2663188889,-83.7403177778,5.0,3.83999991417,599.0,21.5686283112,,,,,,,,,6.25,7.8125,-1.5625,-2.34375
41.8155068148,484,885,528400,42.2663188889,-83.7403177778,2.0,3.83999991417,599.0,21.5686283112,,,,,,,,,6.25,7.8125,-1.5625,-2.34375
41.8155068148,484,885,528500,42.2663188889,-83.7403177778,2.0,3.83999991417,619.0,21.5686283112,,,,,,,,,6.25,7.8125,-1.5625,-2.34375
41.8155068148,484,885,528600,42.2663188889,-83.7403177778,2.0,3.84999990463,619.0,21.5686283112,,,,,,,,,6.25,7.8125,-1.5625,-2.34375
41.8155068148,484,885,528700,42.2663188889,-83.7403177778,2.0,3.84999990463,619.0,21.1764717102,,,,,,,,,6.25,7.8125,-1.5625,-2.34375
41.8155068148,484,885,529300,42.2663188889,-83.7403177778,2.0,3.84999990463,619.0,21.1764717102,,,,,,,,,-2.34375,-0.78125,-1.5625,-2.34375
41.8155068148,484,885,529400,42.2663188889,-83.7403177778,2.0,3.84999990463,619.0,21.1764717102,,,,,,,,,-2.34375,-0.78125,-15.625,-2.34375
41.8155068148,484,885,529500,42.2663188889,-83.7403177778,2.0,3.84999990463,619.0,21.1764717102,,,,,,,,,-2.34375,-0.78125,-15.625,-13.28125
41.8155068148,484,885,529600,42.2663188889,-83.7403177778,0.0,3.84999990463,619.0,21.1764717102,,,,,,,,,-2.34375,-0.78125,-15.625,-13.28125
41.8155068148,484,885,530100,42.2664405556,-83.7403608333,0.0,3.84999990463,619.0,21.1764717102,,,,,,,,,-2.34375,-0.78125,-15.625,-13.28125
41.8155068148,484,885,530500,42.2664405556,-83.7403608333,0.0,3.84999990463,979.0,21.1764717102,,,,,,,,,-2.34375,-0.78125,-15.625,-13.28125
41.8155068148,484,885,530700,42.2664405556,-83.7403608333,0.0,3.84999990463,1118.0,21.1764717102,,,,,,,,,-2.34375,-0.78125,-15.625,-13.28125
41.8155068148,484,885,530800,42.2664405556,-83.7403608333,0.0,8.64999961853,1118.0,26.2745094299,,,,,,,,,-2.34375,-0.78125,-15.625,-13.28125
41.8155068148,484,885,531500,42.2664405556,-83.7403608333,0.0,8.64999961853,1118.0,26.2745094299,,,,,,,,,0.78125,-0.78125,-15.625,-13.28125
41.8155068148,484,885,531600,42.2664405556,-83.7403608333,0.0,8.64999961853,1118.0,26.2745094299,,,,,,,,,0.78125,2.34375,-15.625,-13.28125
41.8155068148,484,885,531700,42.2664405556,-83.7403608333,0.0,8.64999961853,1118.0,26.2745094299,,,,,,,,,0.78125,2.34375,-4.6875,-13.28125
41.8155068148,484,885,531800,42.2664405556,-83.7403608333,0.0,8.64999961853,1118.0,26.2745094299,,,,,,,,,0.78125,2.34375,-4.6875,-4.6875
41.8155068148,484,885,531900,42.2664405556,-83.7403608333,8.0,8.64999961853,1118.0,26.2745094299,,,,,,,,,0.78125,2.34375,-4.6875,-4.6875
41.8155068148,484,885,532900,42.2664405556,-83.7403608333,8.0,5.13999986649,933.0,26.2745094299,,,,,,,,,0.78125,2.34375,-4.6875,-4.6875
41.8155068148,484,885,533100,42.2667244444,-83.7403916667,8.0,5.13999986649,933.0,26.2745094299,,,,,,,,,0.78125,2.34375,-4.6875,-4.6875
41.8155068148,484,885,534100,42.2667244444,-83.7403916667,6.0,5.13999986649,933.0,26.2745094299,,,,,,,,,0.78125,2.34375,-4.6875,-4.6875
41.8155068148,484,885,535100,42.2667244444,-83.7403916667,6.0,4.03000020981,631.0,26.2745094299,,,,,,,,,0.78125,2.34375,-4.6875,-4.6875
41.8155068148,484,885,535200,42.2667244444,-83.7403916667,3.0,4.03000020981,631.0,26.2745094299,,,,,,,,,0.78125,2.34375,-4.6875,-4.6875
41.8155068148,484,885,536100,42.2667244444,-83.7403916667,3.0,4.03000020981,631.0,21.1764717102,,,,,,,,,0.78125,2.34375,-4.6875,-4.6875
41.8155068148,484,885,536200,42.2667244444,-83.7403916667,2.0,4.03000020981,631.0,21.1764717102,,,,,,,,,0.78125,2.34375,-4.6875,-4.6875
41.8155068148,484,885,537000,42.2669919444,-83.7403591667,2.0,3.94000005722,623.0,21.1764717102,,,,,,,,,0.78125,2.34375,-4.6875,-4.6875
41.8155068148,484,885,538200,42.2669919444,-83.7403591667,1.0,3.94000005722,623.0,21.1764717102,,,,,,,,,0.78125,2.34375,-4.6875,-4.6875
41.8155068148,484,885,539000,42.2669919444,-83.7403591667,1.0,3.96000003815,1316.0,21.1764717102,,,,,,,,,0.78125,2.34375,-4.6875,-4.6875
41.8155068148,484,885,539300,42.2669919444,-83.7403591667,2.0,3.96000003815,1316.0,21.1764717102,,,,,,,,,0.78125,2.34375,-4.6875,-4.6875
41.8155068148,484,885,540100,42.2670552778,-83.7403938889,2.0,3.96000003815,1316.0,21.1764717102,,,,,,,,,0.78125,2.34375,-4.6875,-4.6875
41.8155068148,484,885,540300,42.2670552778,-83.7403938889,8.0,3.96000003815,1316.0,21.1764717102,,,,,,,,,0.78125,2.34375,-4.6875,-4.6875
41.8155068148,484,885,541000,42.2670552778,-83.7403938889,8.0,15.6199998856,1439.0,21.1764717102,,,,,,,,,0.78125,2.34375,-4.6875,-4.6875
41.8155068148,484,885,541100,42.2670552778,-83.7403938889,8.0,15.6199998856,1439.0,36.4705886841,,,,,,,,,0.78125,2.34375,-4.6875,-4.6875
41.8155068148,484,885,541400,42.2670552778,-83.7403938889,12.0,15.6199998856,1439.0,36.4705886841,,,,,,,,,0.78125,2.34375,-4.6875,-4.6875
41.8155068148,484,885,541900,42.2670552778,-83.7403938889,12.0,15.6199998856,1439.0,36.4705886841,,,,,,,,,-3.90625,-2.34375,-4.6875,-4.6875
41.8155068148,484,885,542400,42.2670552778,-83.7403938889,11.0,15.6199998856,1439.0,36.4705886841,,,,,,,,,-3.90625,-2.34375,-4.6875,-4.6875
41.8155068148,484,885,543000,42.2670552778,-83.7403938889,11.0,4.65999984741,977.0,36.4705886841,,,,,,,,,-3.90625,-2.34375,-4.6875,-4.6875
41.8155068148,484,885,543100,42.2669083333,-83.7404391667,11.0,4.65999984741,977.0,36.4705886841,,,,,,,,,-3.90625,-2.34375,-4.6875,-4.6875
41.8155068148,484,885,543400,42.2669083333,-83.7404391667,6.0,4.65999984741,977.0,36.4705886841,,,,,,,,,-3.90625,-2.34375,-4.6875,-4.6875
41.8155068148,484,885,545100,42.2669083333,-83.7404391667,6.0,3.84999990463,623.0,36.4705886841,,,,,,,,,-3.90625,-2.34375,-4.6875,-4.6875
41.8155068148,484,885,545500,42.2669083333,-83.7404391667,4.0,3.84999990463,623.0,36.4705886841,,,,,,,,,-3.90625,-2.34375,-4.6875,-4.6875
41.8155068148,484,885,546000,42.2667447222,-83.740535,4.0,3.84999990463,623.0,36.4705886841,,,,,,,,,-3.90625,-2.34375,-4.6875,-4.6875
41.8155068148,484,885,546200,42.2667447222,-83.740535,4.0,3.84999990463,623.0,20.392156601,,,,,,,,,-3.90625,-2.34375,-4.6875,-4.6875
41.8155068148,484,885,546600,42.2667447222,-83.740535,3.0,3.84999990463,623.0,20.392156601,,,,,,,,,-3.90625,-2.34375,-4.6875,-4.6875
41.8155068148,484,885,547100,42.2667447222,-83.740535,3.0,3.75999999046,616.0,20.392156601,,,,,,,,,-3.90625,-3.90625,-4.6875,-4.6875
41.8155068148,484,885,547600,42.2667447222,-83.740535,2.0,3.75999999046,616.0,20.392156601,,,,,,,,,-3.90625,-3.90625,-4.6875,-4.6875
41.8155068148,484,885,548400,42.2667447222,-83.740535,2.0,3.75999999046,610.0,20.392156601,,,,,,,,,-3.90625,-3.90625,-4.6875,-4.6875
41.8155068148,484,885,548500,42.2667447222,-83.740535,2.0,3.84999990463,610.0,20.392156601,,,,,,,,,-3.90625,-3.90625,-4.6875,-4.6875
41.8155068148,484,885,548600,42.2667447222,-83.740535,2.0,3.84999990463,610.0,20.7843132019,,,,,,,,,-3.90625,-3.90625,-4.6875,-4.6875
41.8155068148,484,885,549100,42.2667447222,-83.740535,2.0,3.84999990463,610.0,20.7843132019,,,,,,,,,1.5625,-3.90625,-4.6875,-4.6875
41.8155068148,484,885,549200,42.2667447222,-83.740535,2.0,3.84999990463,610.0,20.7843132019,,,,,,,,,1.5625,0.78125,-4.6875,-4.6875
41.8155068148,484,885,549300,42.2667447222,-83.740535,2.0,3.84999990463,610.0,20.7843132019,,,,,,,,,1.5625,0.78125,-16.40625,-4.6875
41.8155068148,484,885,549400,42.2667447222,-83.740535,0.0,3.84999990463,610.0,20.7843132019,,,,,,,,,1.5625,0.78125,-16.40625,-14.84375
41.8155068148,484,885,550400,42.2667447222,-83.740535,0.0,3.84999990463,635.0,20.7843132019,,,,,,,,,1.5625,0.78125,-16.40625,-14.84375
41.8155068148,484,885,552100,42.2666388889,-83.740575,0.0,3.84999990463,635.0,20.7843132019,,,,,,,,,1.5625,0.78125,-16.40625,-14.84375
41.8155068148,484,885,552400,42.2666388889,-83.740575,0.0,3.84999990463,627.0,20.7843132019,,,,,,,,,1.5625,0.78125,-16.40625,-14.84375
41.8155068148,484,885,552600,42.2666388889,-83.740575,0.0,3.84999990463,1281.0,20.7843132019,,,,,,,,,1.5625,0.78125,-16.40625,-14.84375
41.8155068148,484,885,552700,42.2666388889,-83.740575,0.0,11.779999733,1281.0,20.7843132019,,,,,,,,,1.5625,0.78125,-16.40625,-14.84375
41.8155068148,484,885,552800,42.2666388889,-83.740575,0.0,11.779999733,1281.0,31.372549057,,,,,,,,,1.5625,0.78125,-16.40625,-14.84375
41.8155068148,484,885,553400,42.2666388889,-83.740575,0.0,11.779999733,1281.0,31.372549057,,,,,,,,,3.90625,2.34375,-16.40625,-14.84375
41.8155068148,484,885,553500,42.2666388889,-83.740575,0.0,11.779999733,1281.0,31.372549057,,,,,,,,,3.90625,2.34375,-1.5625,-14.84375
41.8155068148,484,885,553600,42.2666388889,-83.740575,0.0,11.779999733,1281.0,31.372549057,,,,,,,,,3.90625,2.34375,-1.5625,-2.34375
41.8155068148,484,885,553700,42.2666388889,-83.740575,7.0,11.779999733,1281.0,31.372549057,,,,,,,,,3.90625,2.34375,-1.5625,-2.34375
41.8155068148,484,885,554600,42.2666388889,-83.740575,7.0,11.779999733,828.0,31.372549057,,,,,,,,,3.90625,2.34375,-1.5625,-2.34375
41.8155068148,484,885,554700,42.2666388889,-83.740575,7.0,4.51000022888,828.0,31.372549057,,,,,,,,,3.90625,2.34375,-1.5625,-2.34375
41.8155068148,484,885,555000,42.2666541667,-83.7405644444,7.0,4.51000022888,828.0,31.372549057,,,,,,,,,3.90625,2.34375,-1.5625,-2.34375
41.8155068148,484,885,556600,42.2666541667,-83.7405644444,7.0,4.51000022888,666.0,31.372549057,,,,,,,,,3.90625,2.34375,-1.5625,-2.34375
41.8155068148,484,885,556700,42.2666541667,-83.7405644444,7.0,3.69000005722,666.0,31.372549057,,,,,,,,,3.90625,2.34375,-1.5625,-2.34375
41.8155068148,484,885,557800,42.2666541667,-83.7405644444,6.0,3.69000005722,666.0,19.2156867981,,,,,,,,,3.90625,2.34375,-1.5625,-2.34375
41.8155068148,484,885,558000,42.2666636111,-83.7405255556,6.0,3.69000005722,666.0,19.2156867981,,,,,,,,,3.90625,2.34375,-1.5625,-2.34375
41.8155068148,484,885,558700,42.2666636111,-83.7405255556,6.0,3.63000011444,609.0,19.2156867981,,,,,,,,,3.90625,2.34375,-1.5625,-2.34375
41.8155068148,484,885,558900,42.2666636111,-83.7405255556,4.0,3.63000011444,609.0,19.2156867981,,,,,,,,,3.90625,2.34375,-1.5625,-2.34375
41.8155068148,484,885,560700,42.2666636111,-83.7405255556,4.0,6.09999990463,842.0,19.2156867981,,,,,,,,,3.90625,2.34375,-1.5625,-2.34375
41.8155068148,484,885,561000,42.2666866667,-83.74053,4.0,6.09999990463,842.0,19.2156867981,,,,,,,,,3.90625,2.34375,-1.5625,-2.34375
41.8155068148,484,885,562000,42.2666866667,-83.74053,11.0,6.09999990463,842.0,19.2156867981,,,,,,,,,3.90625,2.34375,-1.5625,-2.34375
41.8155068148,484,885,562800,42.2666866667,-83.74053,11.0,7.48000001907,1390.0,19.2156867981,,,,,,,,,3.90625,2.34375,-1.5625,-2.34375
41.8155068148,484,885,562900,42.2666866667,-83.74053,11.0,7.48000001907,1390.0,15.6862745285,,,,,,,,,3.90625,2.34375,-1.5625,-2.34375
41.8155068148,484,885,563900,42.2666866667,-83.74053,11.0,7.48000001907,1390.0,15.6862745285,,,,,,,,,-5.46875,-2.34375,-1.5625,-2.34375
41.8155068148,484,885,564100,42.2667333333,-83.7405666667,12.0,7.48000001907,1390.0,15.6862745285,,,,,,,,,-5.46875,-2.34375,-1.5625,-2.34375
41.8155068148,484,885,564900,42.2667333333,-83.7405666667,12.0,4.13999986649,891.0,15.6862745285,,,,,,,,,-5.46875,-2.34375,-1.5625,-2.34375
41.8155068148,484,885,566100,42.2667333333,-83.7405666667,10.0,4.13999986649,891.0,15.6862745285,,,,,,,,,-5.46875,-2.34375,-1.5625,-2.34375
41.8155068148,484,885,567100,42.2667333333,-83.7405666667,10.0,3.72000002861,653.0,15.6862745285,,,,,,,,,-5.46875,-2.34375,-1.5625,-2.34375
41.8155068148,484,885,567200,42.2667333333,-83.7405666667,9.0,3.72000002861,653.0,15.6862745285,,,,,,,,,-5.46875,-2.34375,-1.5625,-2.34375
41.8155068148,484,885,568200,42.2668002778,-83.7406091667,9.0,3.72000002861,653.0,19.607843399,,,,,,,,,-5.46875,-2.34375,-1.5625,-2.34375
41.8155068148,484,885,568300,42.2668002778,-83.7406091667,6.0,3.72000002861,653.0,19.607843399,,,,,,,,,-5.46875,-2.34375,-1.5625,-2.34375
41.8155068148,484,885,569300,42.2668002778,-83.7406091667,6.0,3.6099998951,647.0,19.607843399,,,,,,,,,-0.78125,0.0,-1.5625,-2.34375
41.8155068148,484,885,570500,42.2668002778,-83.7406091667,5.0,3.6099998951,647.0,19.607843399,,,,,,,,,-0.78125,0.0,-1.5625,-2.34375
41.8155068148,484,885,571100,42.2668797222,-83.7406027778,5.0,3.6099998951,647.0,19.607843399,,,,,,,,,-0.78125,0.0,-1.5625,-2.34375
41.8155068148,484,885,571500,42.2668797222,-83.7406027778,3.0,3.6400001049,592.0,19.607843399,,,,,,,,,-0.78125,0.0,-1.5625,-2.34375
41.8155068148,484,885,572500,42.2668797222,-83.7406027778,2.0,3.6400001049,592.0,19.607843399,,,,,,,,,-0.78125,0.0,-1.5625,-2.34375
41.8155068148,484,885,573600,42.2668797222,-83.7406027778,1.0,3.6400001049,598.0,20.392156601,,,,,,,,,-0.78125,0.0,-1.5625,-2.34375
41.8155068148,484,885,573700,42.2668797222,-83.7406027778,1.0,3.6400001049,607.0,20.392156601,,,,,,,,,-0.78125,0.0,-1.5625,-2.34375
41.8155068148,484,885,573800,42.2668797222,-83.7406027778,1.0,3.69000005722,607.0,20.392156601,,,,,,,,,-0.78125,0.0,-1.5625,-2.34375
41.8155068148,484,885,573900,42.2668797222,-83.7406027778,1.0,3.69000005722,607.0,20.7843132019,,,,,,,,,-0.78125,0.0,-1.5625,-2.34375
41.8155068148,484,885,574500,42.2668797222,-83.7406027778,1.0,3.69000005722,607.0,20.7843132019,,,,,,,,,0.78125,0.0,-1.5625,-2.34375
41.8155068148,484,885,574600,42.2668797222,-83.7406027778,1.0,3.69000005722,607.0,20.7843132019,,,,,,,,,0.78125,0.0,-13.28125,-2.34375
41.8155068148,484,885,574700,42.2668797222,-83.7406027778,1.0,3.69000005722,607.0,20.7843132019,,,,,,,,,0.78125,0.0,-13.28125,-11.71875
41.8155068148,484,885,574800,42.2668797222,-83.7406027778,0.0,3.69000005722,607.0,20.7843132019,,,,,,,,,0.78125,0.0,-13.28125,-11.71875
41.8155068148,484,885,577700,42.2668797222,-83.7406027778,0.0,3.69000005722,617.0,20.7843132019,,,,,,,,,0.78125,0.0,-13.28125,-11.71875
41.8155068148,484,885,578800,42.2668797222,-83.7406027778,0.0,3.72000002861,617.0,20.7843132019,,,,,,,,,0.78125,0.0,-13.28125,-11.71875
41.8155068148,484,885,579700,42.2668797222,-83.7406027778,0.0,3.72000002861,632.0,20.7843132019,,,,,,,,,0.78125,0.0,-13.28125,-11.71875
41.8155068148,484,885,581000,42.2669575,-83.7405633333,0.0,3.72000002861,632.0,20.7843132019,,,,,,,,,0.78125,0.0,-13.28125,-11.71875
41.8155068148,484,885,581100,42.2669575,-83.7405633333,0.0,3.72000002861,1515.0,20.7843132019,,,,,,,,,0.78125,0.0,-13.28125,-11.71875
41.8155068148,484,885,581200,42.2669575,-83.7405633333,0.0,18.9400005341,1515.0,42.3529434204,,,,,,,,,0.78125,0.0,-13.28125,-11.71875
41.8155068148,484,885,581800,42.2669575,-83.7405633333,0.0,18.9400005341,1515.0,42.3529434204,,,,,,,,,-8.59375,0.0,-13.28125,-11.71875
41.8155068148,484,885,582000,42.2669575,-83.7405633333,0.0,18.9400005341,1515.0,42.3529434204,,,,,,,,,-8.59375,0.0,-0.78125,0.0
41.8155068148,484,885,582100,42.2669575,-83.7405633333,11.0,18.9400005341,1515.0,42.3529434204,,,,,,,,,-8.59375,0.0,-0.78125,0.0
41.8155068148,484,885,583100,42.2669575,-83.7405633333,11.0,18.9400005341,1193.0,42.3529434204,,,,,,,,,-8.59375,0.0,-0.78125,0.0
41.8155068148,484,885,583200,42.2669575,-83.7405633333,11.0,6.59000015259,1193.0,42.3529434204,,,,,,,,,-8.59375,0.0,-0.78125,0.0
41.8155068148,484,885,584000,42.2670513889,-83.740575,11.0,6.59000015259,1193.0,42.3529434204,,,,,,,,,-8.59375,0.0,-0.78125,0.0
41.8155068148,484,885,584200,42.2670513889,-83.740575,9.0,6.59000015259,1193.0,42.3529434204,,,,,,,,,-8.59375,0.0,-0.78125,0.0
41.8155068148,484,885,585100,42.2670513889,-83.740575,9.0,6.59000015259,814.0,42.3529434204,,,,,,,,,-8.59375,0.0,-0.78125,0.0
41.8155068148,484,885,585200,42.2670513889,-83.740575,9.0,4.0,814.0,42.3529434204,,,,,,,,,-8.59375,0.0,-0.78125,0.0
41.8155068148,484,885,586300,42.2670513889,-83.740575,8.0,4.0,814.0,18.4313735962,,,,,,,,,-8.59375,0.0,-0.78125,0.0
41.8155068148,484,885,587100,42.2671052778,-83.7405858333,8.0,4.0,623.0,18.4313735962,,,,,,,,,-8.59375,0.0,-0.78125,0.0
41.8155068148,484,885,587200,42.2671052778,-83.7405858333,8.0,3.61999988556,623.0,18.4313735962,,,,,,,,,-8.59375,0.0,-0.78125,0.0
41.8155068148,484,885,587300,42.2671052778,-83.7405858333,6.0,3.61999988556,623.0,18.4313735962,,,,,,,,,-8.59375,0.0,-0.78125,0.0
41.8155068148,484,885,588400,42.2671052778,-83.7405858333,5.0,3.61999988556,623.0,18.4313735962,,,,,,,,,-8.59375,0.0,-0.78125,0.0
41.8155068148,484,885,589200,42.2671052778,-83.7405858333,5.0,7.96999979019,953.0,18.4313735962,,,,,,,,,-8.59375,0.0,-0.78125,0.0
41.8155068148,484,885,589400,42.2671052778,-83.7405858333,4.0,7.96999979019,953.0,18.4313735962,,,,,,,,,-8.59375,0.0,-0.78125,0.0
41.8155068148,484,885,590100,42.26715,-83.7406363889,4.0,7.96999979019,953.0,18.4313735962,,,,,,,,,-8.59375,0.0,-0.78125,0.0
41.8155068148,484,885,590400,42.26715,-83.7406363889,5.0,7.96999979019,953.0,18.4313735962,,,,,,,,,-8.59375,0.0,-0.78125,0.0
41.8155068148,484,885,591300,42.26715,-83.7406363889,5.0,8.09000015259,1341.0,21.9607849121,,,,,,,,,-8.59375,0.0,-0.78125,0.0
41.8155068148,484,885,591500,42.26715,-83.7406363889,9.0,8.09000015259,1341.0,21.9607849121,,,,,,,,,-8.59375,0.0,-0.78125,0.0
41.8155068148,484,885,592300,42.26715,-83.7406363889,9.0,8.09000015259,1341.0,21.9607849121,,,,,,,,,-9.375,-5.46875,-0.78125,0.0
41.8155068148,484,885,592500,42.26715,-83.7406363889,8.0,8.09000015259,1341.0,21.9607849121,,,,,,,,,-9.375,-5.46875,-0.78125,0.0
41.8155068148,484,885,593200,42.2672588889,-83.7406941667,8.0,8.09000015259,1341.0,21.9607849121,,,,,,,,,-9.375,-5.46875,-0.78125,0.0
41.8155068148,484,885,593300,42.2672588889,-83.7406941667,8.0,4.0,673.0,21.9607849121,,,,,,,,,-9.375,-5.46875,-0.78125,0.0
41.8155068148,484,885,593600,42.2672588889,-83.7406941667,3.0,4.0,673.0,21.9607849121,,,,,,,,,-9.375,-5.46875,-0.78125,0.0
41.8155068148,484,885,593700,42.2672588889,-83.7406941667,3.0,3.8599998951,630.0,21.9607849121,,,,,,,,,-9.375,-5.46875,-0.78125,0.0
41.8155068148,484,885,593800,42.2672588889,-83.7406941667,3.0,3.8599998951,630.0,20.7843132019,,,,,,,,,-9.375,-5.46875,-0.78125,0.0
41.8155068148,484,885,594400,42.2672588889,-83.7406941667,3.0,3.8599998951,630.0,20.7843132019,,,,,,,,,-4.6875,-5.46875,-0.78125,0.0
41.8155068148,484,885,594500,42.2672588889,-83.7406941667,3.0,3.8599998951,630.0,20.7843132019,,,,,,,,,-4.6875,-7.03125,-9.375,0.0
41.8155068148,484,885,594600,42.2672588889,-83.7406941667,3.0,3.8599998951,630.0,20.7843132019,,,,,,,,,-4.6875,-7.03125,-9.375,-7.8125
41.8155068148,484,885,594700,42.2672588889,-83.7406941667,0.0,3.8599998951,630.0,20.7843132019,,,,,,,,,-4.6875,-7.03125,-9.375,-7.8125
41.8155068148,484,885,595600,42.2672588889,-83.7406941667,0.0,3.8599998951,599.0,20.7843132019,,,,,,,,,-4.6875,-7.03125,-9.375,-7.8125
41.8155068148,484,885,597600,42.2672588889,-83.7406941667,0.0,3.8599998951,609.0,20.7843132019,,,,,,,,,-4.6875,-7.03125,-9.375,-7.8125
41.8155068148,484,885,599000,42.2672975,-83.7407022222,0.0,3.8599998951,609.0,20.7843132019,,,,,,,,,-4.6875,-7.03125,-9.375,-7.8125
41.8155068148,484,885,599200,42.2672975,-83.7407022222,0.0,14.6400003433,609.0,36.4705886841,,,,,,,,,-4.6875,-7.03125,-9.375,-7.8125
41.8155068148,484,885,599500,42.2672975,-83.7407022222,0.0,14.6400003433,1205.0,36.4705886841,,,,,,,,,-4.6875,-7.03125,-9.375,-7.8125
41.8155068148,484,885,599600,42.2672975,-83.7407022222,0.0,9.27999973297,1205.0,27.4509811401,,,,,,,,,-4.6875,-7.03125,-9.375,-7.8125
41.8155068148,484,885,600200,42.2672975,-83.7407022222,0.0,9.27999973297,1205.0,27.4509811401,,,,,,,,,1.5625,-7.03125,-9.375,-7.8125
41.8155068148,484,885,600300,42.2672975,-83.7407022222,0.0,9.27999973297,1205.0,27.4509811401,,,,,,,,,1.5625,1.5625,-9.375,-7.8125
41.8155068148,484,885,600500,42.2672975,-83.7407022222,0.0,9.27999973297,1205.0,27.4509811401,,,,,,,,,1.5625,1.5625,-3.90625,-7.8125
41.8155068148,484,885,600600,42.2672975,-83.7407022222,0.0,9.27999973297,1205.0,27.4509811401,,,,,,,,,1.5625,1.5625,-3.90625,-3.125
41.8155068148,484,885,600700,42.2672975,-83.7407022222,7.0,9.27999973297,1205.0,27.4509811401,,,,,,,,,1.5625,1.5625,-3.90625,-3.125
41.8155068148,484,885,601700,42.2672975,-83.7407022222,7.0,4.59999990463,810.0,27.4509811401,,,,,,,,,1.5625,1.5625,-3.90625,-3.125
41.8155068148,484,885,602100,42.2673591667,-83.7406977778,7.0,4.59999990463,810.0,27.4509811401,,,,,,,,,1.5625,1.5625,-3.90625,-3.125
41.8155068148,484,885,602800,42.2673591667,-83.7406977778,6.0,4.59999990463,810.0,27.4509811401,,,,,,,,,1.5625,1.5625,-3.90625,-3.125
41.8155068148,484,885,603800,42.2673591667,-83.7406977778,6.0,3.79999995232,682.0,27.4509811401,,,,,,,,,1.5625,1.5625,-3.90625,-3.125
41.8155068148,484,885,604900,42.2673591667,-83.7406977778,6.0,3.79999995232,682.0,20.392156601,,,,,,,,,1.5625,1.5625,-3.90625,-3.125
41.8155068148,484,885,605000,42.2674225,-83.7406936111,5.0,3.79999995232,682.0,20.392156601,,,,,,,,,1.5625,1.5625,-3.90625,-3.125
41.8155068148,484,885,606000,42.2674225,-83.7406936111,4.0,3.66000008583,626.0,20.392156601,,,,,,,,,1.5625,1.5625,-3.90625,-3.125
41.8155068148,484,885,607100,42.2674225,-83.7406936111,3.0,3.66000008583,626.0,20.392156601,,,,,,,,,1.5625,1.5625,-3.90625,-3.125
41.8155068148,484,885,608100,42.2674225,-83.7406936111,2.0,3.72000002861,622.0,20.392156601,,,,,,,,,1.5625,1.5625,-3.90625,-3.125
41.8155068148,484,885,609100,42.2674861111,-83.7406944444,1.0,3.72000002861,622.0,20.392156601,,,,,,,,,1.5625,1.5625,-3.90625,-3.125
41.8155068148,484,885,609200,42.2674861111,-83.7406944444,1.0,3.72000002861,619.0,20.392156601,,,,,,,,,1.5625,1.5625,-3.90625,-3.125
41.8155068148,484,885,609300,42.2674861111,-83.7406944444,1.0,3.6400001049,619.0,20.392156601,,,,,,,,,1.5625,1.5625,-3.90625,-3.125
41.8155068148,484,885,609400,42.2674861111,-83.7406944444,1.0,3.6400001049,619.0,20.0,,,,,,,,,1.5625,1.5625,-3.90625,-3.125
41.8155068148,484,885,609900,42.2674861111,-83.7406944444,1.0,3.6400001049,619.0,20.0,,,,,,,,,3.125,1.5625,-3.90625,-3.125
41.8155068148,484,885,610100,42.2674861111,-83.7406944444,1.0,3.6400001049,619.0,20.0,,,,,,,,,3.125,1.5625,-14.0625,-3.125
41.8155068148,484,885,610200,42.2674861111,-83.7406944444,1.0,3.6400001049,619.0,20.0,,,,,,,,,3.125,1.5625,-14.0625,-12.5
41.8155068148,484,885,610300,42.2674861111,-83.7406944444,0.0,3.6400001049,619.0,20.0,,,,,,,,,3.125,1.5625,-14.0625,-12.5
41.8155068148,484,885,611200,42.2674861111,-83.7406944444,0.0,3.6400001049,609.0,20.0,,,,,,,,,3.125,1.5625,-14.0625,-12.5
41.8155068148,484,885,613200,42.2674861111,-83.7406944444,0.0,3.6400001049,621.0,20.0,,,,,,,,,3.125,1.5625,-14.0625,-12.5
41.8155068148,484,885,614300,42.2674861111,-83.7406944444,0.0,3.67000007629,621.0,20.0,,,,,,,,,3.125,1.5625,-14.0625,-12.5
41.8155068148,484,885,615200,42.2674861111,-83.7406944444,0.0,3.67000007629,589.0,20.0,,,,,,,,,3.125,1.5625,-14.0625,-12.5
41.8155068148,484,885,617000,42.2675275,-83.7406711111,0.0,3.67000007629,589.0,20.0,,,,,,,,,3.125,1.5625,-14.0625,-12.5
41.8155068148,484,885,617300,42.2675275,-83.7406711111,0.0,3.67000007629,621.0,20.0,,,,,,,,,3.125,1.5625,-14.0625,-12.5
41.8155068148,484,885,617600,42.2675275,-83.7406711111,0.0,3.67000007629,1445.0,20.0,,,,,,,,,3.125,1.5625,-14.0625,-12.5
41.8155068148,484,885,617700,42.2675275,-83.7406711111,0.0,17.2099990845,1445.0,20.0,,,,,,,,,3.125,1.5625,-14.0625,-12.5
41.8155068148,484,885,617800,42.2675275,-83.7406711111,0.0,17.2099990845,1445.0,40.0,,,,,,,,,3.125,1.5625,-14.0625,-12.5
41.8155068148,484,885,618300,42.2675275,-83.7406711111,0.0,17.2099990845,1445.0,40.0,,,,,,,,,0.0,1.5625,-14.0625,-12.5
41.8155068148,484,885,618400,42.2675275,-83.7406711111,0.0,17.2099990845,1445.0,40.0,,,,,,,,,0.0,0.0,-14.0625,-12.5
41.8155068148,484,885,618500,42.2675275,-83.7406711111,0.0,17.2099990845,1445.0,40.0,,,,,,,,,0.0,0.0,-1.5625,-12.5
41.8155068148,484,885,618600,42.2675275,-83.7406711111,10.0,17.2099990845,1445.0,40.0,,,,,,,,,0.0,0.0,-1.5625,-1.5625
41.8155068148,484,885,619600,42.2675275,-83.7406711111,10.0,17.2099990845,1741.0,40.0,,,,,,,,,0.0,0.0,-1.5625,-1.5625
41.8155068148,484,885,619700,42.2675275,-83.7406711111,10.0,22.7000007629,1741.0,40.0,,,,,,,,,0.0,0.0,-1.5625,-1.5625
41.8155068148,484,885,620000,42.2675761111,-83.7406347222,10.0,22.7000007629,1741.0,40.0,,,,,,,,,0.0,0.0,-1.5625,-1.5625
41.8155068148,484,885,620700,42.2675761111,-83.7406347222,16.0,22.7000007629,1741.0,40.0,,,,,,,,,0.0,0.0,-1.5625,-1.5625
41.8155068148,484,885,621600,42.2675761111,-83.7406347222,16.0,22.7000007629,851.0,40.0,,,,,,,,,0.0,0.0,-1.5625,-1.5625
41.8155068148,484,885,621700,42.2675761111,-83.7406347222,16.0,4.84000015259,851.0,40.0,,,,,,,,,0.0,0.0,-1.5625,-1.5625
41.8155068148,484,885,621800,42.2675761111,-83.7406347222,17.0,4.84000015259,851.0,40.0,,,,,,,,,0.0,0.0,-1.5625,-1.5625
41.8155068148,484,885,622800,42.2675761111,-83.7406347222,13.0,4.84000015259,851.0,18.8235301971,,,,,,,,,0.0,0.0,-1.5625,-1.5625
41.8155068148,484,885,623000,42.267675,-83.7406244444,13.0,4.84000015259,851.0,18.8235301971,,,,,,,,,0.0,0.0,-1.5625,-1.5625
41.8155068148,484,885,623600,42.267675,-83.7406244444,13.0,4.84000015259,683.0,18.8235301971,,,,,,,,,0.0,0.0,-1.5625,-1.5625
41.8155068148,484,885,623700,42.267675,-83.7406244444,13.0,4.01999998093,683.0,18.8235301971,,,,,,,,,0.0,0.0,-1.5625,-1.5625
41.8155068148,484,885,623800,42.267675,-83.7406244444,12.0,4.01999998093,683.0,18.8235301971,,,,,,,,,0.0,0.0,-1.5625,-1.5625
41.8155068148,484,885,624900,42.267675,-83.7406244444,11.0,4.01999998093,683.0,18.8235301971,,,,,,,,,0.0,0.0,-1.5625,-1.5625
41.8155068148,484,885,625700,42.267675,-83.7406244444,11.0,4.65000009537,1033.0,18.8235301971,,,,,,,,,0.0,0.0,-1.5625,-1.5625
41.8155068148,484,885,625900,42.267675,-83.7406244444,10.0,4.65000009537,1033.0,18.8235301971,,,,,,,,,0.0,0.0,-1.5625,-1.5625
41.8155068148,484,885,626100,42.2677925,-83.740635,10.0,4.65000009537,1033.0,18.8235301971,,,,,,,,,0.0,0.0,-1.5625,-1.5625
41.8155068148,484,885,627000,42.2677925,-83.740635,9.0,4.65000009537,1033.0,18.8235301971,,,,,,,,,0.0,0.0,-1.5625,-1.5625
41.8155068148,484,885,627800,42.2677925,-83.740635,9.0,3.99000000954,680.0,20.0,,,,,,,,,0.0,0.0,-1.5625,-1.5625
41.8155068148,484,885,628000,42.2677925,-83.740635,6.0,3.99000000954,680.0,20.0,,,,,,,,,0.0,0.0,-1.5625,-1.5625
41.8155068148,484,885,628800,42.2677925,-83.740635,6.0,3.99000000954,680.0,20.0,,,,,,,,,-6.25,-3.125,-1.5625,-1.5625
41.8155068148,484,885,629000,42.2677925,-83.740635,3.0,3.99000000954,680.0,20.0,,,,,,,,,-6.25,-3.125,-1.5625,-1.5625
41.8155068148,484,885,629100,42.2677925,-83.740635,3.0,3.99000000954,602.0,20.0,,,,,,,,,-6.25,-3.125,-1.5625,-1.5625
41.8155068148,484,885,629200,42.2677925,-83.740635,3.0,3.83999991417,602.0,20.0,,,,,,,,,-6.25,-3.125,-1.5625,-1.5625
41.8155068148,484,885,629300,42.2677925,-83.740635,3.0,3.83999991417,602.0,21.1764717102,,,,,,,,,-6.25,-3.125,-1.5625,-1.5625
41.8155068148,484,885,629900,42.2677925,-83.740635,3.0,3.83999991417,602.0,21.1764717102,,,,,,,,,0.0,-3.90625,-1.5625,-1.5625
41.8155068148,484,885,630000,42.2677925,-83.740635,3.0,3.83999991417,602.0,21.1764717102,,,,,,,,,0.0,-3.90625,-11.71875,-1.5625
41.8155068148,484,885,630100,42.2677925,-83.740635,3.0,3.83999991417,602.0,21.1764717102,,,,,,,,,0.0,-3.90625,-11.71875,-10.15625
41.8155068148,484,885,630200,42.2677925,-83.740635,0.0,3.83999991417,602.0,21.1764717102,,,,,,,,,0.0,-3.90625,-11.71875,-10.15625
41.8155068148,484,885,631100,42.2677925,-83.740635,0.0,3.83999991417,635.0,21.1764717102,,,,,,,,,0.0,-3.90625,-11.71875,-10.15625
41.8155068148,484,885,633100,42.2677925,-83.740635,0.0,3.83999991417,626.0,21.1764717102,,,,,,,,,0.0,-3.90625,-11.71875,-10.15625
41.8155068148,484,885,634000,42.2679183333,-83.7406572222,0.0,3.83999991417,626.0,21.1764717102,,,,,,,,,0.0,-3.90625,-11.71875,-10.15625
41.8155068148,484,885,634200,42.2679183333,-83.7406572222,0.0,11.25,626.0,21.1764717102,,,,,,,,,0.0,-3.90625,-11.71875,-10.15625
41.8155068148,484,885,634300,42.2679183333,-83.7406572222,0.0,11.25,626.0,49.8039207458,,,,,,,,,0.0,-3.90625,-11.71875,-10.15625
41.8155068148,484,885,634400,42.2679183333,-83.7406572222,0.0,11.25,1398.0,49.8039207458,,,,,,,,,0.0,-3.90625,-11.71875,-10.15625
41.8155068148,484,885,634500,42.2679183333,-83.7406572222,0.0,15.5600004196,1398.0,49.8039207458,,,,,,,,,0.0,-3.90625,-11.71875,-10.15625
41.8155068148,484,885,634600,42.2679183333,-83.7406572222,0.0,15.5600004196,1398.0,37.254901886,,,,,,,,,0.0,-3.90625,-11.71875,-10.15625
41.8155068148,484,885,635200,42.2679183333,-83.7406572222,0.0,15.5600004196,1398.0,37.254901886,,,,,,,,,6.25,-3.90625,-11.71875,-10.15625
41.8155068148,484,885,635300,42.2679183333,-83.7406572222,0.0,15.5600004196,1398.0,37.254901886,,,,,,,,,6.25,5.46875,-11.71875,-10.15625
41.8155068148,484,885,635400,42.2679183333,-83.7406572222,0.0,15.5600004196,1398.0,37.254901886,,,,,,,,,6.25,5.46875,-2.34375,-10.15625
41.8155068148,484,885,635500,42.2679183333,-83.7406572222,0.0,15.5600004196,1398.0,37.254901886,,,,,,,,,6.25,5.46875,-2.34375,-4.6875
41.8155068148,484,885,635600,42.2679183333,-83.7406572222,8.0,15.5600004196,1398.0,37.254901886,,,,,,,,,6.25,5.46875,-2.34375,-4.6875
41.8155068148,484,885,636600,42.2679183333,-83.7406572222,8.0,13.8800001144,1441.0,37.254901886,,,,,,,,,6.25,5.46875,-2.34375,-4.6875
41.8155068148,484,885,637000,42.2679869444,-83.7406619444,8.0,13.8800001144,1441.0,37.254901886,,,,,,,,,6.25,5.46875,-2.34375,-4.6875
41.8155068148,484,885,637800,42.2679869444,-83.7406619444,12.0,13.8800001144,1441.0,37.254901886,,,,,,,,,6.25,5.46875,-2.34375,-4.6875
41.8155068148,484,885,638700,42.2679869444,-83.7406619444,12.0,5.17999982834,1080.0,37.254901886,,,,,,,,,6.25,5.46875,-2.34375,-4.6875
41.8155068148,484,885,639800,42.2679869444,-83.7406619444,12.0,5.17999982834,1080.0,17.6470584869,,,,,,,,,6.25,5.46875,-2.34375,-4.6875
41.8155068148,484,885,639900,42.2679869444,-83.7406619444,10.0,5.17999982834,1080.0,17.6470584869,,,,,,,,,6.25,5.46875,-2.34375,-4.6875
41.8155068148,484,885,640000,42.2680766667,-83.7406752778,10.0,5.17999982834,1080.0,17.6470584869,,,,,,,,,6.25,5.46875,-2.34375,-4.6875
41.8155068148,484,885,640900,42.2680766667,-83.7406752778,9.0,13.3199996948,1099.0,17.6470584869,,,,,,,,,6.25,5.46875,-2.34375,-4.6875
41.8155068148,484,885,642000,42.2680766667,-83.7406752778,12.0,13.3199996948,1099.0,17.6470584869,,,,,,,,,6.25,5.46875,-2.34375,-4.6875
41.8155068148,484,885,643000,42.26816,-83.7406636111,16.0,19.7099990845,1764.0,17.6470584869,,,,,,,,,6.25,5.46875,-2.34375,-4.6875
41.8155068148,484,885,644100,42.26816,-83.7406636111,19.0,19.7099990845,1764.0,17.6470584869,,,,,,,,,6.25,5.46875,-2.34375,-4.6875
41.8155068148,484,885,645100,42.26816,-83.7406636111,18.0,4.75,916.0,17.254901886,,,,,,,,,6.25,5.46875,-2.34375,-4.6875
41.8155068148,484,885,645200,42.26816,-83.7406636111,18.0,4.75,916.0,17.254901886,,,,,,,,,-1.5625,5.46875,-2.34375,-4.6875
41.8155068148,484,885,645300,42.26816,-83.7406636111,18.0,4.75,916.0,17.254901886,,,,,,,,,-1.5625,-1.5625,-2.34375,-4.6875
41.8155068148,484,885,646100,42.26816,-83.7406636111,15.0,4.75,916.0,17.254901886,,,,,,,,,-1.5625,-1.5625,-2.34375,-4.6875
41.8155068148,484,885,647200,42.2683463889,-83.740655,11.0,4.07000017166,655.0,17.254901886,,,,,,,,,-1.5625,-1.5625,-2.34375,-4.6875
41.8155068148,484,885,648200,42.2683463889,-83.740655,7.0,4.07000017166,655.0,17.254901886,,,,,,,,,-1.5625,-1.5625,-2.34375,-4.6875
41.8155068148,484,885,648400,42.2683463889,-83.740655,7.0,4.07000017166,655.0,17.254901886,,,,,,,,,-1.5625,-1.5625,-2.34375,-4.6875
41.8155068148,484,885,649300,42.2683463889,-83.740655,3.0,3.81999993324,621.0,17.254901886,,,,,,,,,-1.5625,-1.5625,-2.34375,-4.6875
41.8155068148,484,885,650000,42.2683777778,-83.7406016667,3.0,3.81999993324,621.0,17.254901886,,,,,,,,,-1.5625,-1.5625,-2.34375,-4.6875
41.8155068148,484,885,650300,42.2683777778,-83.7406016667,2.0,3.81999993324,621.0,36.4705886841,,,,,,,,,-4.6875,-1.5625,-2.34375,-4.6875
41.8155068148,484,885,650400,42.2683777778,-83.7406016667,2.0,3.81999993324,621.0,36.4705886841,,,,,,,,,-4.6875,-3.125,-2.34375,-4.6875
41.8155068148,484,885,651300,42.2683777778,-83.7406016667,7.0,17.1599998474,1466.0,36.4705886841,,,,,,,,,-4.6875,-3.125,-2.34375,-4.6875
41.8155068148,484,885,652400,42.2683777778,-83.7406016667,11.0,17.1599998474,1466.0,36.4705886841,,,,,,,,,-4.6875,-3.125,-2.34375,-4.6875
41.8155068148,484,885,653100,42.2684575,-83.7405672222,11.0,17.1599998474,1466.0,36.4705886841,,,,,,,,,-4.6875,-3.125,-2.34375,-4.6875
41.8155068148,484,885,653400,42.2684575,-83.7405672222,9.0,4.32000017166,844.0,36.4705886841,,,,,,,,,-4.6875,-3.125,-2.34375,-4.6875
41.8155068148,484,885,654500,42.2684575,-83.7405672222,7.0,4.32000017166,844.0,36.4705886841,,,,,,,,,-4.6875,-3.125,-2.34375,-4.6875
41.8155068148,484,885,655500,42.2684575,-83.7405672222,4.0,3.8900001049,648.0,20.392156601,,,,,,,,,3.90625,4.6875,-2.34375,-4.6875
41.8155068148,484,885,656100,42.2684925,-83.7405216667,4.0,3.8900001049,648.0,20.392156601,,,,,,,,,3.90625,4.6875,-2.34375,-4.6875
41.8155068148,484,885,656500,42.2684925,-83.7405216667,2.0,3.8900001049,648.0,20.392156601,,,,,,,,,3.90625,4.6875,-2.34375,-4.6875
41.8155068148,484,885,658400,42.2684925,-83.7405216667,1.0,10.0200004578,823.0,20.392156601,,,,,,,,,3.90625,4.6875,-2.34375,-4.6875
41.8155068148,484,885,659000,42.2685169444,-83.7405013889,1.0,10.0200004578,823.0,20.392156601,,,,,,,,,3.90625,4.6875,-2.34375,-4.6875
41.8155068148,484,885,659400,42.2685169444,-83.7405013889,7.0,10.0200004578,823.0,20.392156601,,,,,,,,,3.90625,4.6875,-2.34375,-4.6875
41.8155068148,484,885,660400,42.2685169444,-83.7405013889,9.0,4.90000009537,955.0,20.392156601,,,,,,,,,3.90625,4.6875,-2.34375,-4.6875
41.8155068148,484,885,660500,42.2685169444,-83.7405013889,9.0,4.90000009537,955.0,17.6470584869,,,,,,,,,-3.90625,-0.78125,-2.34375,-4.6875
41.8155068148,484,885,661500,42.2685169444,-83.7405013889,8.0,4.90000009537,955.0,17.6470584869,,,,,,,,,-3.90625,-0.78125,-2.34375,-4.6875
41.8155068148,484,885,662000,42.2685583333,-83.7405419444,8.0,4.90000009537,955.0,17.6470584869,,,,,,,,,-3.90625,-0.78125,-2.34375,-4.6875
41.8155068148,484,885,662400,42.2685583333,-83.7405419444,8.0,4.55000019073,716.0,17.6470584869,,,,,,,,,-3.90625,-0.78125,-2.34375,-4.6875
41.8155068148,484,885,662500,42.2685583333,-83.7405419444,6.0,4.55000019073,716.0,17.6470584869,,,,,,,,,-3.90625,-0.78125,-2.34375,-4.6875
41.8155068148,484,885,664400,42.2685583333,-83.7405419444,6.0,8.48999977112,1070.0,17.6470584869,,,,,,,,,-3.90625,-0.78125,-2.34375,-4.6875
41.8155068148,484,885,664600,42.2685583333,-83.7405419444,7.0,8.48999977112,1070.0,17.6470584869,,,,,,,,,-3.90625,-0.78125,-2.34375,-4.6875
41.8155068148,484,885,665100,42.2686161111,-83.7406483333,7.0,8.48999977112,1070.0,17.6470584869,,,,,,,,,-3.90625,-0.78125,-2.34375,-4.6875
41.8155068148,484,885,665500,42.2686161111,-83.7406483333,7.0,8.48999977112,1070.0,17.6470584869,,,,,,,,,-3.90625,-0.78125,-2.34375,-6.25
41.8155068148,484,885,665600,42.2686161111,-83.7406483333,7.0,8.48999977112,1070.0,16.0784320831,,,,,,,,,1.5625,2.34375,-2.34375,-6.25
41.8155068148,484,885,666500,42.2686161111,-83.7406483333,7.0,4.01000022888,749.0,16.0784320831,,,,,,,,,1.5625,2.34375,-2.34375,-6.25
41.8155068148,484,885,667800,42.2686161111,-83.7406483333,7.0,4.01000022888,611.0,16.0784320831,,,,,,,,,1.5625,2.34375,-2.34375,-6.25
41.8155068148,484,885,667900,42.2686161111,-83.7406483333,7.0,3.73000001907,611.0,16.0784320831,,,,,,,,,1.5625,2.34375,-2.34375,-6.25
41.8155068148,484,885,668000,42.2686161111,-83.7406483333,7.0,3.73000001907,611.0,20.7843132019,,,,,,,,,1.5625,2.34375,-2.34375,-6.25
41.8155068148,484,885,668500,42.2686161111,-83.7406483333,7.0,3.73000001907,611.0,20.7843132019,,,,,,,,,-3.90625,2.34375,-2.34375,-6.25
41.8155068148,484,885,668600,42.2686161111,-83.7406483333,7.0,3.73000001907,611.0,20.7843132019,,,,,,,,,-3.90625,-2.34375,-2.34375,-6.25
41.8155068148,484,885,668700,42.2686161111,-83.7406483333,7.0,3.73000001907,611.0,20.7843132019,,,,,,,,,-3.90625,-2.34375,-11.71875,-6.25
41.8155068148,484,885,668800,42.2686161111,-83.7406483333,7.0,3.73000001907,611.0,20.7843132019,,,,,,,,,-3.90625,-2.34375,-11.71875,-11.71875
41.8155068148,484,885,668900,42.2686161111,-83.7406483333,0.0,3.73000001907,611.0,20.7843132019,,,,,,,,,-3.90625,-2.34375,-11.71875,-11.71875
41.8155068148,484,885,671900,42.2686161111,-83.7406483333,0.0,3.73000001907,620.0,20.7843132019,,,,,,,,,-3.90625,-2.34375,-11.71875,-11.71875
41.8155068148,484,885,672900,42.2686161111,-83.7406483333,0.0,3.66000008583,620.0,20.7843132019,,,,,,,,,-3.90625,-2.34375,-11.71875,-11.71875
41.8155068148,484,885,673000,42.2686161111,-83.7406483333,0.0,3.66000008583,620.0,20.392156601,,,,,,,,,-3.90625,-2.34375,-11.71875,-11.71875
41.8155068148,484,885,674000,42.2686161111,-83.7406483333,0.0,3.66000008583,599.0,20.392156601,,,,,,,,,-3.90625,-2.34375,-11.71875,-11.71875
41.8155068148,484,885,675100,42.2686141667,-83.7407083333,0.0,3.66000008583,599.0,20.392156601,,,,,,,,,-3.90625,-2.34375,-11.71875,-11.71875
41.8155068148,484,885,675300,42.2686141667,-83.7407083333,0.0,3.66000008583,1191.0,20.392156601,,,,,,,,,-3.90625,-2.34375,-11.71875,-11.71875
41.8155068148,484,885,675400,42.2686141667,-83.7407083333,0.0,10.7100000381,1191.0,30.5882358551,,,,,,,,,-3.90625,-2.34375,-11.71875,-11.71875
41.8155068148,484,885,676000,42.2686141667,-83.7407083333,0.0,10.7100000381,1191.0,30.5882358551,,,,,,,,,3.90625,-2.34375,-11.71875,-11.71875
41.8155068148,484,885,676100,42.2686141667,-83.7407083333,0.0,10.7100000381,1191.0,30.5882358551,,,,,,,,,3.90625,3.125,-11.71875,-11.71875
41.8155068148,484,885,676200,42.2686141667,-83.7407083333,0.0,10.7100000381,1191.0,30.5882358551,,,,,,,,,3.90625,3.125,-2.34375,-2.34375
41.8155068148,484,885,676300,42.2686141667,-83.7407083333,7.0,10.7100000381,1191.0,30.5882358551,,,,,,,,,3.90625,3.125,-2.34375,-2.34375
41.8155068148,484,885,677300,42.2686141667,-83.7407083333,7.0,10.7100000381,1239.0,30.5882358551,,,,,,,,,3.90625,3.125,-2.34375,-2.34375
41.8155068148,484,885,677400,42.2686141667,-83.7407083333,7.0,4.57000017166,1239.0,30.5882358551,,,,,,,,,3.90625,3.125,-2.34375,-2.34375
41.8155068148,484,885,678100,42.2686561111,-83.7407036111,7.0,4.57000017166,1239.0,30.5882358551,,,,,,,,,3.90625,3.125,-2.34375,-2.34375
41.8155068148,484,885,678400,42.2686561111,-83.7407036111,6.0,4.57000017166,1239.0,30.5882358551,,,,,,,,,3.90625,3.125,-2.34375,-2.34375
41.8155068148,484,885,679300,42.2686561111,-83.7407036111,6.0,4.57000017166,633.0,30.5882358551,,,,,,,,,3.90625,3.125,-2.34375,-2.34375
41.8155068148,484,885,679400,42.2686561111,-83.7407036111,3.0,3.86999988556,633.0,30.5882358551,,,,,,,,,3.90625,3.125,-2.34375,-2.34375
41.8155068148,484,885,679500,42.2686561111,-83.7407036111,3.0,3.86999988556,624.0,30.5882358551,,,,,,,,,3.90625,3.125,-2.34375,-2.34375
41.8155068148,484,885,679600,42.2686561111,-83.7407036111,3.0,3.73000001907,624.0,30.5882358551,,,,,,,,,3.90625,3.125,-2.34375,-2.34375
41.8155068148,484,885,679700,42.2686561111,-83.7407036111,3.0,3.73000001907,624.0,20.392156601,,,,,,,,,3.90625,3.125,-2.34375,-2.34375
41.8155068148,484,885,680300,42.2686561111,-83.7407036111,3.0,3.73000001907,624.0,20.392156601,,,,,,,,,-3.90625,-3.125,-2.34375,-2.34375
41.8155068148,484,885,680400,42.2686561111,-83.7407036111,3.0,3.73000001907,624.0,20.392156601,,,,,,,,,-3.90625,-3.125,-10.9375,-2.34375
41.8155068148,484,885,680500,42.2686561111,-83.7407036111,3.0,3.73000001907,624.0,20.392156601,,,,,,,,,-3.90625,-3.125,-10.9375,-10.9375
41.8155068148,484,885,680600,42.2686561111,-83.7407036111,0.0,3.73000001907,624.0,20.392156601,,,,,,,,,-3.90625,-3.125,-10.9375,-10.9375
41.8155068148,484,885,681500,42.2686561111,-83.7407036111,0.0,3.73000001907,620.0,20.392156601,,,,,,,,,-3.90625,-3.125,-10.9375,-10.9375
41.8155068148,484,885,683500,42.2686561111,-83.7407036111,0.0,3.73000001907,584.0,20.392156601,,,,,,,,,-3.90625,-3.125,-10.9375,-10.9375
41.8155068148,484,885,684600,42.2686561111,-83.7407036111,0.0,3.70000004768,584.0,20.392156601,,,,,,,,,-3.90625,-3.125,-10.9375,-10.9375
41.8155068148,484,885,685000,42.2687125,-83.7407002778,0.0,3.70000004768,584.0,20.392156601,,,,,,,,,-3.90625,-3.125,-10.9375,-10.9375
41.8155068148,484,885,685500,42.2687125,-83.7407002778,0.0,3.70000004768,951.0,20.392156601,,,,,,,,,-3.90625,-3.125,-10.9375,-10.9375
41.8155068148,484,885,685800,42.2687125,-83.7407002778,0.0,3.70000004768,1317.0,20.392156601,,,,,,,,,-3.90625,-3.125,-10.9375,-10.9375
41.8155068148,484,885,685900,42.2687125,-83.7407002778,0.0,12.8900003433,1317.0,20.392156601,,,,,,,,,-3.90625,-3.125,-10.9375,-10.9375
41.8155068148,484,885,686000,42.2687125,-83.7407002778,0.0,12.8900003433,1317.0,32.9411773682,,,,,,,,,-3.90625,-3.125,-10.9375,-10.9375
41.8155068148,484,885,686600,42.2687125,-83.7407002778,0.0,12.8900003433,1317.0,32.9411773682,,,,,,,,,-0.78125,-2.34375,-10.9375,-10.9375
41.8155068148,484,885,686700,42.2687125,-83.7407002778,0.0,12.8900003433,1317.0,32.9411773682,,,,,,,,,-0.78125,-2.34375,-2.34375,-10.9375
41.8155068148,484,885,686800,42.2687125,-83.7407002778,0.0,12.8900003433,1317.0,32.9411773682,,,,,,,,,-0.78125,-2.34375,-2.34375,-2.34375
41.8155068148,484,885,686900,42.2687125,-83.7407002778,9.0,12.8900003433,1317.0,32.9411773682,,,,,,,,,-0.78125,-2.34375,-2.34375,-2.34375
41.8155068148,484,885,687800,42.2687125,-83.7407002778,9.0,12.8900003433,1508.0,32.9411773682,,,,,,,,,-0.78125,-2.34375,-2.34375,-2.34375
41.8155068148,484,885,687900,42.2687125,-83.7407002778,13.0,17.25,1508.0,32.9411773682,,,,,,,,,-0.78125,-2.34375,-2.34375,-2.34375
41.8155068148,484,885,688000,42.2687725,-83.740715,13.0,17.25,1508.0,32.9411773682,,,,,,,,,-0.78125,-2.34375,-2.34375,-2.34375
41.8155068148,484,885,689800,42.2687725,-83.740715,13.0,17.25,1151.0,32.9411773682,,,,,,,,,-0.78125,-2.34375,-2.34375,-2.34375
41.8155068148,484,885,689900,42.2687725,-83.740715,13.0,5.34999990463,1151.0,32.9411773682,,,,,,,,,-0.78125,-2.34375,-2.34375,-2.34375
41.8155068148,484,885,691000,42.2688688889,-83.7407186111,12.0,5.34999990463,1151.0,16.862745285,,,,,,,,,-0.78125,-2.34375,-2.34375,-2.34375
41.8155068148,484,885,691900,42.2688688889,-83.7407186111,12.0,5.90000009537,799.0,16.862745285,,,,,,,,,-0.78125,-2.34375,-2.34375,-2.34375
41.8155068148,484,885,692100,42.2688688889,-83.7407186111,11.0,5.90000009537,799.0,16.862745285,,,,,,,,,-0.78125,-2.34375,-2.34375,-2.34375
41.8155068148,484,885,693100,42.2688688889,-83.7407186111,14.0,5.90000009537,799.0,16.862745285,,,,,,,,,-0.78125,-2.34375,-2.34375,-2.34375
41.8155068148,484,885,693900,42.2688688889,-83.7407186111,14.0,16.0699996948,1680.0,16.862745285,,,,,,,,,-0.78125,-2.34375,-2.34375,-2.34375
41.8155068148,484,885,694100,42.2689561111,-83.7406913889,14.0,16.0699996948,1680.0,16.862745285,,,,,,,,,-0.78125,-2.34375,-2.34375,-2.34375
41.8155068148,484,885,694200,42.2689561111,-83.7406913889,17.0,16.0699996948,1680.0,16.862745285,,,,,,,,,-0.78125,-2.34375,-2.34375,-2.34375
41.8155068148,484,885,695200,42.2689561111,-83.7406913889,19.0,16.0699996948,1680.0,16.862745285,,,,,,,,,-0.78125,-2.34375,-2.34375,-2.34375
41.8155068148,484,885,696000,42.2689561111,-83.7406913889,19.0,12.8400001526,1504.0,16.862745285,,,,,,,,,-0.78125,-2.34375,-2.34375,-2.34375
41.8155068148,484,885,696100,42.2689561111,-83.7406913889,19.0,12.8400001526,1504.0,27.8431377411,,,,,,,,,-0.78125,-2.34375,-2.34375,-2.34375
41.8155068148,484,885,696200,42.2689561111,-83.7406913889,21.0,12.8400001526,1504.0,27.8431377411,,,,,,,,,-0.78125,-2.34375,-2.34375,-2.34375
41.8155068148,484,885,697100,42.2689561111,-83.7406913889,21.0,12.8400001526,1504.0,27.8431377411,,,,,,,,,0.0,3.125,-2.34375,-2.34375
41.8155068148,484,885,697300,42.2689561111,-83.7406913889,22.0,12.8400001526,1504.0,27.8431377411,,,,,,,,,0.0,3.125,-2.34375,-2.34375
41.8155068148,484,885,698100,42.2691738889,-83.7406891667,22.0,5.5,1103.0,27.8431377411,,,,,,,,,0.0,3.125,-2.34375,-2.34375
41.8155068148,484,885,698300,42.2691738889,-83.7406891667,23.0,5.5,1103.0,27.8431377411,,,,,,,,,0.0,3.125,-2.34375,-2.34375
41.8155068148,484,885,699400,42.2691738889,-83.7406891667,22.0,5.5,1103.0,27.8431377411,,,,,,,,,0.0,3.125,-2.34375,-2.34375
41.8155068148,484,885,700200,42.2691738889,-83.7406891667,22.0,4.07999992371,950.0,27.8431377411,,,,,,,,,0.0,3.125,-2.34375,-2.34375
41.8155068148,484,885,700400,42.2691738889,-83.7406891667,21.0,4.07999992371,950.0,27.8431377411,,,,,,,,,0.0,3.125,-2.34375,-2.34375
41.8155068148,484,885,701100,42.2693405556,-83.7406911111,21.0,4.07999992371,950.0,27.8431377411,,,,,,,,,0.0,3.125,-2.34375,-2.34375
41.8155068148,484,885,701200,42.2693405556,-83.7406911111,21.0,4.07999992371,950.0,16.862745285,,,,,,,,,0.0,3.125,-2.34375,-2.34375
41.8155068148,484,885,702300,42.2693405556,-83.7406911111,21.0,5.32000017166,910.0,16.862745285,,,,,,,,,1.5625,1.5625,-2.34375,-2.34375
41.8155068148,484,885,702500,42.2693405556,-83.7406911111,20.0,5.32000017166,910.0,16.862745285,,,,,,,,,1.5625,1.5625,-2.34375,-2.34375
41.8155068148,484,885,704000,42.2694816667,-83.7406930556,20.0,5.32000017166,910.0,16.862745285,,,,,,,,,1.5625,1.5625,-2.34375,-2.34375
41.8155068148,484,885,704400,42.2694816667,-83.7406930556,20.0,5.67000007629,1115.0,16.862745285,,,,,,,,,1.5625,1.5625,-2.34375,-2.34375
41.8155068148,484,885,705700,42.2694816667,-83.7406930556,18.0,5.67000007629,1115.0,16.862745285,,,,,,,,,1.5625,1.5625,-2.34375,-2.34375
41.8155068148,484,885,706700,42.2694816667,-83.7406930556,18.0,14.0,1132.0,34.509803772,,,,,,,,,1.5625,1.5625,-2.34375,-2.34375
41.8155068148,484,885,706800,42.2694816667,-83.7406930556,16.0,14.0,1132.0,34.509803772,,,,,,,,,1.5625,1.5625,-2.34375,-2.34375
41.8155068148,484,885,707200,42.2696141667,-83.7406875,16.0,14.0,1132.0,34.509803772,,,,,,,,,1.5625,1.5625,-2.34375,-2.34375
41.8155068148,484,885,707700,42.2696141667,-83.7406875,16.0,14.0,1132.0,34.509803772,,,,,,,,,-3.90625,-2.34375,-2.34375,-2.34375
41.8155068148,484,885,707800,42.2696141667,-83.7406875,17.0,14.0,1132.0,34.509803772,,,,,,,,,-3.90625,-2.34375,-2.34375,-2.34375
41.8155068148,484,885,708400,42.2696141667,-83.7406875,17.0,14.0,1132.0,34.509803772,,,,,,,,,-3.90625,-2.34375,-2.34375,-2.34375
41.8155068148,484,885,708900,42.2696141667,-83.7406875,20.0,32.5999984741,2005.0,34.509803772,,,,,,,,,-3.90625,-2.34375,-2.34375,-2.34375
41.8155068148,484,885,710000,42.2697794444,-83.7406675,25.0,32.5999984741,2005.0,34.509803772,,,,,,,,,-3.90625,-2.34375,-2.34375,-2.34375
41.8155068148,484,885,711000,42.2697794444,-83.7406675,25.0,5.38000011444,1156.0,34.509803772,,,,,,,,,-3.90625,-2.34375,-2.34375,-2.34375
41.8155068148,484,885,712100,42.2697794444,-83.7406675,23.0,5.38000011444,1156.0,15.2941179276,,,,,,,,,-3.90625,-2.34375,-2.34375,-2.34375
41.8155068148,484,885,713100,42.2697794444,-83.7406675,21.0,4.09999990463,823.0,15.2941179276,,,,,,,,,0.0,1.5625,-2.34375,-2.34375
41.8155068148,484,885,714000,42.2699625,-83.7406144444,21.0,4.09999990463,823.0,15.2941179276,,,,,,,,,0.0,1.5625,-2.34375,-2.34375
41.8155068148,484,885,714100,42.2699625,-83.7406144444,20.0,4.09999990463,823.0,15.2941179276,,,,,,,,,0.0,1.5625,-2.34375,-2.34375
41.8155068148,484,885,715200,42.2699625,-83.7406144444,19.0,17.2199993134,1534.0,15.2941179276,,,,,,,,,0.0,1.5625,-2.34375,-2.34375
41.8155068148,484,885,716200,42.2699625,-83.7406144444,21.0,17.2199993134,1534.0,15.2941179276,,,,,,,,,0.0,1.5625,-2.34375,-2.34375
41.8155068148,484,885,717000,42.2701202778,-83.7405833333,21.0,17.2199993134,1534.0,15.2941179276,,,,,,,,,0.0,1.5625,-2.34375,-2.34375
41.8155068148,484,885,717300,42.2701202778,-83.7405833333,23.0,6.76999998093,1428.0,14.9019613266,,,,,,,,,0.0,1.5625,-2.34375,-2.34375
41.8155068148,484,885,718300,42.2701202778,-83.7405833333,22.0,6.76999998093,1428.0,14.9019613266,,,,,,,,,-8.59375,-8.59375,-2.34375,-2.34375
41.8155068148,484,885,719200,42.2701202778,-83.7405833333,22.0,4.61000013351,1021.0,14.9019613266,,,,,,,,,-8.59375,-8.59375,-2.34375,-2.34375
41.8155068148,484,885,719300,42.2701202778,-83.7405833333,18.0,4.61000013351,1021.0,14.9019613266,,,,,,,,,-8.59375,-8.59375,-2.34375,-2.34375
41.8155068148,484,885,720100,42.2702633333,-83.7405805556,18.0,4.61000013351,1021.0,14.9019613266,,,,,,,,,-8.59375,-8.59375,-2.34375,-2.34375
41.8155068148,484,885,720400,42.2702633333,-83.7405805556,14.0,4.61000013351,1021.0,14.9019613266,,,,,,,,,-8.59375,-8.59375,-2.34375,-2.34375
41.8155068148,484,885,721200,42.2702633333,-83.7405805556,14.0,3.92000007629,687.0,14.9019613266,,,,,,,,,-8.59375,-8.59375,-2.34375,-2.34375
41.8155068148,484,885,721400,42.2702633333,-83.7405805556,8.0,3.92000007629,687.0,14.9019613266,,,,,,,,,-8.59375,-8.59375,-2.34375,-2.34375
41.8155068148,484,885,722300,42.2702633333,-83.7405805556,8.0,3.92000007629,687.0,19.607843399,,,,,,,,,-8.59375,-8.59375,-2.34375,-2.34375
41.8155068148,484,885,722400,42.2702633333,-83.7405805556,7.0,3.92000007629,687.0,19.607843399,,,,,,,,,-8.59375,-8.59375,-2.34375,-2.34375
41.8155068148,484,885,723100,42.2703375,-83.7406019444,7.0,3.92000007629,687.0,19.607843399,,,,,,,,,-8.59375,-8.59375,-2.34375,-2.34375
41.8155068148,484,885,723200,42.2703375,-83.7406019444,7.0,5.03000020981,803.0,19.607843399,,,,,,,,,-8.59375,-8.59375,-2.34375,-2.34375
41.8155068148,484,885,723300,42.2703375,-83.7406019444,7.0,5.03000020981,803.0,19.607843399,,,,,,,,,-2.34375,-3.90625,-2.34375,-2.34375
41.8155068148,484,885,723500,42.2703375,-83.7406019444,6.0,5.03000020981,803.0,19.607843399,,,,,,,,,-2.34375,-3.90625,-2.34375,-2.34375
41.8155068148,484,885,724500,42.2703375,-83.7406019444,5.0,5.03000020981,803.0,19.607843399,,,,,,,,,-2.34375,-3.90625,-2.34375,-2.34375
41.8155068148,484,885,725200,42.2703375,-83.7406019444,5.0,3.72000002861,629.0,19.607843399,,,,,,,,,-2.34375,-3.90625,-2.34375,-2.34375
41.8155068148,484,885,725600,42.2703375,-83.7406019444,4.0,3.72000002861,629.0,19.607843399,,,,,,,,,-2.34375,-3.90625,-2.34375,-2.34375
41.8155068148,484,885,726000,42.2703638889,-83.7405752778,4.0,3.72000002861,629.0,19.607843399,,,,,,,,,-2.34375,-3.90625,-2.34375,-2.34375
41.8155068148,484,885,726600,42.2703638889,-83.7405752778,1.0,3.72000002861,629.0,19.607843399,,,,,,,,,-2.34375,-3.90625,-2.34375,-2.34375
41.8155068148,484,885,727300,42.2703638889,-83.7405752778,1.0,3.6099998951,618.0,20.0,,,,,,,,,-2.34375,-3.90625,-2.34375,-2.34375
41.8155068148,484,885,727600,42.2703638889,-83.7405752778,1.0,3.6400001049,602.0,20.0,,,,,,,,,-2.34375,-3.90625,-2.34375,-2.34375
41.8155068148,484,885,727700,42.2703638889,-83.7405752778,1.0,3.6400001049,602.0,20.392156601,,,,,,,,,-2.34375,-3.90625,-2.34375,-2.34375
41.8155068148,484,885,728300,42.2703638889,-83.7405752778,1.0,3.6400001049,602.0,20.392156601,,,,,,,,,2.34375,-3.90625,-2.34375,-2.34375
41.8155068148,484,885,728400,42.2703638889,-83.7405752778,1.0,3.6400001049,602.0,20.392156601,,,,,,,,,2.34375,2.34375,-14.84375,-2.34375
41.8155068148,484,885,728500,42.2703638889,-83.7405752778,1.0,3.6400001049,602.0,20.392156601,,,,,,,,,2.34375,2.34375,-14.84375,-13.28125
41.8155068148,484,885,728600,42.2703638889,-83.7405752778,0.0,3.6400001049,602.0,20.392156601,,,,,,,,,2.34375,2.34375,-14.84375,-13.28125
41.8155068148,484,885,729600,42.2703638889,-83.7405752778,0.0,3.6400001049,618.0,20.392156601,,,,,,,,,2.34375,2.34375,-14.84375,-13.28125
41.8155068148,484,885,731600,42.2703638889,-83.7405752778,0.0,3.6400001049,612.0,20.392156601,,,,,,,,,2.34375,2.34375,-14.84375,-13.28125
41.8155068148,484,885,732700,42.2703638889,-83.7405752778,0.0,3.63000011444,612.0,20.392156601,,,,,,,,,2.34375,2.34375,-14.84375,-13.28125
41.8155068148,484,885,732800,42.2703638889,-83.7405752778,0.0,3.63000011444,612.0,20.0,,,,,,,,,2.34375,2.34375,-14.84375,-13.28125
41.8155068148,484,885,733600,42.2703638889,-83.7405752778,0.0,3.63000011444,593.0,20.0,,,,,,,,,2.34375,2.34375,-14.84375,-13.28125
41.8155068148,484,885,735700,42.2703638889,-83.7405752778,0.0,3.63000011444,619.0,20.0,,,,,,,,,2.34375,2.34375,-14.84375,-13.28125
41.8155068148,484,885,737700,42.2703638889,-83.7405752778,0.0,3.6400001049,605.0,20.0,,,,,,,,,2.34375,2.34375,-14.84375,-13.28125
41.8155068148,484,885,737800,42.2703638889,-83.7405752778,0.0,3.6400001049,605.0,20.392156601,,,,,,,,,2.34375,2.34375,-14.84375,-13.28125
41.8155068148,484,885,738800,42.2703638889,-83.7405752778,0.0,3.6400001049,605.0,20.392156601,,,,,,,,,2.34375,0.0,-14.84375,-13.28125
41.8155068148,484,885,740000,42.2703638889,-83.7405752778,0.0,3.6400001049,606.0,20.392156601,,,,,,,,,2.34375,0.0,-14.84375,-13.28125
41.8155068148,484,885,742200,42.2703638889,-83.7405752778,0.0,3.6400001049,619.0,20.392156601,,,,,,,,,2.34375,0.0,-14.84375,-13.28125
41.8155068148,484,885,743300,42.2703638889,-83.7405752778,0.0,3.63000011444,619.0,20.0,,,,,,,,,2.34375,0.0,-14.84375,-13.28125
41.8155068148,484,885,744300,42.2703638889,-83.7405752778,0.0,3.63000011444,607.0,20.0,,,,,,,,,0.78125,2.34375,-14.84375,-13.28125
41.8155068148,484,885,746300,42.2703638889,-83.7405752778,0.0,3.63000011444,598.0,20.0,,,,,,,,,0.78125,2.34375,-14.84375,-13.28125
41.8155068148,484,885,748400,42.2703638889,-83.7405752778,0.0,3.59999990463,596.0,20.392156601,,,,,,,,,0.78125,2.34375,-14.84375,-13.28125
41.8155068148,484,885,749500,42.2703638889,-83.7405752778,0.0,3.59999990463,596.0,20.392156601,,,,,,,,,-0.78125,-0.78125,-14.84375,-13.28125
41.8155068148,484,885,750000,42.2703122222,-83.7404233333,0.0,3.59999990463,596.0,20.392156601,,,,,,,,,-0.78125,-0.78125,-14.84375,-13.28125
41.8155068148,484,885,750500,42.2703122222,-83.7404233333,0.0,3.59999990463,602.0,20.392156601,,,,,,,,,-0.78125,-0.78125,-14.84375,-13.28125
41.8155068148,484,885,750700,42.2703122222,-83.7404233333,0.0,3.59999990463,1880.0,20.392156601,,,,,,,,,-0.78125,-0.78125,-14.84375,-13.28125
41.8155068148,484,885,750800,42.2703122222,-83.7404233333,0.0,32.3499984741,1880.0,20.392156601,,,,,,,,,-0.78125,-0.78125,-14.84375,-13.28125
41.8155068148,484,885,750900,42.2703122222,-83.7404233333,0.0,32.3499984741,1880.0,56.0784339905,,,,,,,,,-0.78125,-0.78125,-14.84375,-13.28125
41.8155068148,484,885,751500,42.2703122222,-83.7404233333,0.0,32.3499984741,1880.0,56.0784339905,,,,,,,,,0.0,3.125,-14.84375,-13.28125
41.8155068148,484,885,751600,42.2703122222,-83.7404233333,0.0,32.3499984741,1880.0,56.0784339905,,,,,,,,,0.0,3.125,-1.5625,-13.28125
41.8155068148,484,885,751700,42.2703122222,-83.7404233333,0.0,32.3499984741,1880.0,56.0784339905,,,,,,,,,0.0,3.125,-1.5625,-1.5625
41.8155068148,484,885,751800,42.2703122222,-83.7404233333,15.0,32.3499984741,1880.0,56.0784339905,,,,,,,,,0.0,3.125,-1.5625,-1.5625
41.8155068148,484,885,752700,42.2703122222,-83.7404233333,15.0,32.3499984741,2095.0,56.0784339905,,,,,,,,,0.0,3.125,-1.5625,-1.5625
41.8155068148,484,885,752800,42.2703122222,-83.7404233333,24.0,36.2700004578,2095.0,56.0784339905,,,,,,,,,0.0,3.125,-1.5625,-1.5625
41.8155068148,484,885,753000,42.2703886111,-83.7404413889,24.0,36.2700004578,2095.0,56.0784339905,,,,,,,,,0.0,3.125,-1.5625,-1.5625
41.8155068148,484,885,754700,42.2703886111,-83.7404413889,24.0,36.2700004578,2588.0,56.0784339905,,,,,,,,,0.0,3.125,-1.5625,-1.5625
41.8155068148,484,885,754800,42.2703886111,-83.7404413889,24.0,47.0299987793,2588.0,56.0784339905,,,,,,,,,0.0,3.125,-1.5625,-1.5625
41.8155068148,484,885,754900,42.2703886111,-83.7404413889,31.0,47.0299987793,2588.0,56.0784339905,,,,,,,,,0.0,3.125,-1.5625,-1.5625
41.8155068148,484,885,755900,42.2703886111,-83.7404413889,36.0,47.0299987793,2588.0,38.8235282898,,,,,,,,,0.0,3.125,-1.5625,-1.5625
41.8155068148,484,885,756000,42.2706266667,-83.7404661111,36.0,47.0299987793,2588.0,38.8235282898,,,,,,,,,0.0,3.125,-1.5625,-1.5625
41.8155068148,484,885,756700,42.2706266667,-83.7404661111,36.0,47.0299987793,1698.0,38.8235282898,,,,,,,,,0.0,3.125,-1.5625,-1.5625
41.8155068148,484,885,756800,42.2706266667,-83.7404661111,36.0,7.17000007629,1698.0,38.8235282898,,,,,,,,,0.0,3.125,-1.5625,-1.5625
41.8155068148,484,885,757000,42.2706266667,-83.7404661111,37.0,7.17000007629,1698.0,38.8235282898,,,,,,,,,0.0,3.125,-1.5625,-1.5625
41.8155068148,484,885,758000,42.2706266667,-83.7404661111,36.0,7.17000007629,1698.0,38.8235282898,,,,,,,,,0.0,3.125,-1.5625,-1.5625
41.8155068148,484,885,758800,42.2706266667,-83.7404661111,36.0,4.69999980927,1047.0,38.8235282898,,,,,,,,,0.0,3.125,-1.5625,-1.5625
41.8155068148,484,885,759000,42.2706266667,-83.7404661111,32.0,4.69999980927,1047.0,38.8235282898,,,,,,,,,0.0,3.125,-1.5625,-1.5625
41.8155068148,484,885,759100,42.2708919444,-83.7404925,32.0,4.69999980927,1047.0,38.8235282898,,,,,,,,,0.0,3.125,-1.5625,-1.5625
41.8155068148,484,885,760100,42.2708919444,-83.7404925,30.0,4.69999980927,1047.0,38.8235282898,,,,,,,,,0.0,3.125,-1.5625,-1.5625
41.8155068148,484,885,760900,42.2708919444,-83.7404925,30.0,3.81999993324,768.0,38.8235282898,,,,,,,,,0.0,3.125,-1.5625,-1.5625
41.8155068148,484,885,761000,42.2708919444,-83.7404925,30.0,3.81999993324,768.0,17.254901886,,,,,,,,,0.0,3.125,-1.5625,-1.5625
41.8155068148,484,885,761100,42.2708919444,-83.7404925,28.0,3.81999993324,768.0,17.254901886,,,,,,,,,0.0,3.125,-1.5625,-1.5625
41.8155068148,484,885,761900,42.2708919444,-83.7404925,28.0,3.81999993324,768.0,17.254901886,,,,,,,,,0.0,-3.125,-1.5625,-1.5625
41.8155068148,484,885,762100,42.2711077778,-83.7405741667,28.0,3.81999993324,768.0,17.254901886,,,,,,,,,0.0,-3.125,-1.5625,-1.5625
41.8155068148,484,885,762200,42.2711077778,-83.7405741667,23.0,3.81999993324,768.0,17.254901886,,,,,,,,,0.0,-3.125,-1.5625,-1.5625
41.8155068148,484,885,763000,42.2711077778,-83.7405741667,23.0,3.84999990463,761.0,17.254901886,,,,,,,,,0.0,-3.125,-1.5625,-1.5625
41.8155068148,484,885,763200,42.2711077778,-83.7405741667,14.0,3.84999990463,761.0,17.254901886,,,,,,,,,0.0,-3.125,-1.5625,-1.5625
41.8155068148,484,885,765000,42.2712366667,-83.7406516667,14.0,3.84999990463,761.0,17.254901886,,,,,,,,,0.0,-3.125,-1.5625,-1.5625
41.8155068148,484,885,765100,42.2712366667,-83.7406516667,14.0,8.64000034332,1173.0,17.254901886,,,,,,,,,0.0,-3.125,-1.5625,-1.5625
41.8155068148,484,885,765300,42.2712366667,-83.7406516667,12.0,8.64000034332,1173.0,17.254901886,,,,,,,,,0.0,-3.125,-1.5625,-1.5625
41.8155068148,484,885,766100,42.2712366667,-83.7406516667,12.0,8.64000034332,1173.0,15.2941179276,,,,,,,,,0.0,-3.125,-1.5625,-1.5625
41.8155068148,484,885,767100,42.2712366667,-83.7406516667,12.0,4.03999996185,758.0,15.2941179276,,,,,,,,,-3.90625,-4.6875,-1.5625,-1.5625
41.8155068148,484,885,767400,42.2712366667,-83.7406516667,8.0,4.03999996185,758.0,15.2941179276,,,,,,,,,-3.90625,-4.6875,-1.5625,-1.5625
41.8155068148,484,885,768400,42.2712366667,-83.7406516667,4.0,4.03999996185,758.0,15.2941179276,,,,,,,,,-3.90625,-4.6875,-1.5625,-1.5625
41.8155068148,484,885,768500,42.2712366667,-83.7406516667,4.0,4.03999996185,758.0,15.2941179276,,,,,,,,,-3.90625,-4.6875,-1.5625,-1.5625
41.8155068148,484,885,769000,42.2713619444,-83.7407458333,4.0,4.03999996185,758.0,15.2941179276,,,,,,,,,-3.90625,-4.6875,-1.5625,-1.5625
41.8155068148,484,885,769200,42.2713619444,-83.7407458333,4.0,3.81999993324,610.0,15.2941179276,,,,,,,,,-3.90625,-4.6875,-1.5625,-1.5625
41.8155068148,484,885,769400,42.2713619444,-83.7407458333,2.0,3.81999993324,610.0,15.2941179276,,,,,,,,,-3.90625,-4.6875,-1.5625,-1.5625
41.8155068148,484,885,771300,42.2713619444,-83.7407458333,2.0,3.69000005722,602.0,20.7843132019,,,,,,,,,-3.90625,-4.6875,-1.5625,-1.5625
41.8155068148,484,885,771600,42.2713619444,-83.7407458333,2.0,3.69000005722,606.0,20.7843132019,,,,,,,,,-3.90625,-4.6875,-1.5625,-1.5625
41.8155068148,484,885,771700,42.2713619444,-83.7407458333,2.0,3.70000004768,606.0,20.7843132019,,,,,,,,,-3.90625,-4.6875,-1.5625,-1.5625
41.8155068148,484,885,771800,42.2713619444,-83.7407458333,2.0,3.70000004768,606.0,20.392156601,,,,,,,,,-3.90625,-4.6875,-1.5625,-1.5625
41.8155068148,484,885,772300,42.2713619444,-83.7407458333,2.0,3.70000004768,606.0,20.392156601,,,,,,,,,-1.5625,-4.6875,-1.5625,-1.5625
41.8155068148,484,885,772400,42.2713619444,-83.7407458333,2.0,3.70000004768,606.0,20.392156601,,,,,,,,,-1.5625,-0.78125,-1.5625,-1.5625
41.8155068148,484,885,772500,42.2713619444,-83.7407458333,2.0,3.70000004768,606.0,20.392156601,,,,,,,,,-1.5625,-0.78125,-14.84375,-1.5625
41.8155068148,484,885,772600,42.2713619444,-83.7407458333,0.0,3.70000004768,606.0,20.392156601,,,,,,,,,-1.5625,-0.78125,-14.84375,-10.15625
41.8155068148,484,885,775700,42.2713619444,-83.7407458333,0.0,3.70000004768,607.0,20.392156601,,,,,,,,,-1.5625,-0.78125,-14.84375,-10.15625
41.8155068148,484,885,776700,42.2713619444,-83.7407458333,0.0,3.61999988556,607.0,20.392156601,,,,,,,,,-1.5625,-0.78125,-14.84375,-10.15625
41.8155068148,484,885,777800,42.2713619444,-83.7407458333,0.0,3.61999988556,601.0,20.392156601,,,,,,,,,-1.5625,-0.78125,-14.84375,-10.15625
41.8155068148,484,885,780000,42.2713619444,-83.7407458333,0.0,3.61999988556,610.0,20.392156601,,,,,,,,,-1.5625,-0.78125,-14.84375,-10.15625
41.8155068148,484,885,781700,42.2713619444,-83.7407458333,0.0,3.65000009537,610.0,20.392156601,,,,,,,,,-1.5625,-0.78125,-14.84375,-10.15625
41.8155068148,484,885,781900,42.2713619444,-83.7407458333,0.0,3.65000009537,610.0,20.7843132019,,,,,,,,,-1.5625,-0.78125,-14.84375,-10.15625
41.8155068148,484,885,782000,42.2713619444,-83.7407458333,0.0,3.65000009537,605.0,20.7843132019,,,,,,,,,-1.5625,-0.78125,-14.84375,-10.15625
41.8155068148,484,885,782800,42.2713619444,-83.7407458333,0.0,3.65000009537,605.0,20.7843132019,,,,,,,,,0.78125,0.0,-14.84375,-10.15625
41.8155068148,484,885,784000,42.2713619444,-83.7407458333,0.0,3.65000009537,607.0,20.7843132019,,,,,,,,,0.78125,0.0,-14.84375,-10.15625
41.8155068148,484,885,785000,42.2713730556,-83.7407922222,0.0,3.65000009537,607.0,20.7843132019,,,,,,,,,0.78125,0.0,-14.84375,-10.15625
41.8155068148,484,885,785900,42.2713730556,-83.7407922222,0.0,3.65000009537,1518.0,20.7843132019,,,,,,,,,0.78125,0.0,-14.84375,-10.15625
41.8155068148,484,885,786000,42.2713730556,-83.7407922222,0.0,17.8099994659,1518.0,40.0,,,,,,,,,0.78125,0.0,-14.84375,-10.15625
41.8155068148,484,885,786600,42.2713730556,-83.7407922222,0.0,17.8099994659,1518.0,40.0,,,,,,,,,-4.6875,0.0,-14.84375,-10.15625
41.8155068148,484,885,786700,42.2713730556,-83.7407922222,0.0,17.8099994659,1518.0,40.0,,,,,,,,,-4.6875,-7.8125,-14.84375,-10.15625
41.8155068148,484,885,786800,42.2713730556,-83.7407922222,0.0,17.8099994659,1518.0,40.0,,,,,,,,,-4.6875,-7.8125,-0.78125,-2.34375
41.8155068148,484,885,786900,42.2713730556,-83.7407922222,11.0,17.8099994659,1518.0,40.0,,,,,,,,,-4.6875,-7.8125,-0.78125,-2.34375
41.8155068148,484,885,787900,42.2713730556,-83.7407922222,11.0,17.8099994659,1609.0,40.0,,,,,,,,,-4.6875,-7.8125,-0.78125,-2.34375
41.8155068148,484,885,788000,42.2713730556,-83.7407922222,13.0,17.1700000763,1609.0,40.0,,,,,,,,,-4.6875,-7.8125,-0.78125,-2.34375
41.8155068148,484,885,788100,42.2714066667,-83.7408161111,13.0,17.1700000763,1609.0,40.0,,,,,,,,,-4.6875,-7.8125,-0.78125,-2.34375
41.8155068148,484,885,789900,42.2714066667,-83.7408161111,13.0,17.1700000763,1452.0,40.0,,,,,,,,,-4.6875,-7.8125,-0.78125,-2.34375
41.8155068148,484,885,790000,42.2714066667,-83.7408161111,16.0,13.5600004196,1452.0,40.0,,,,,,,,,-4.6875,-7.8125,-0.78125,-2.34375
41.8155068148,484,885,791000,42.2715027778,-83.7408627778,16.0,13.5600004196,1452.0,40.0,,,,,,,,,-4.6875,-7.8125,-0.78125,-2.34375
41.8155068148,484,885,791100,42.2715027778,-83.7408627778,16.0,13.5600004196,1452.0,34.9019622803,,,,,,,,,-4.6875,-7.8125,-0.78125,-2.34375
41.8155068148,484,885,791900,42.2715027778,-83.7408627778,16.0,13.5600004196,2103.0,34.9019622803,,,,,,,,,-4.6875,-7.8125,-0.78125,-2.34375
41.8155068148,484,885,792000,42.2715027778,-83.7408627778,16.0,30.0200004578,2103.0,34.9019622803,,,,,,,,,-4.6875,-7.8125,-0.78125,-2.34375
41.8155068148,484,885,792100,42.2715027778,-83.7408627778,19.0,30.0200004578,2103.0,34.9019622803,,,,,,,,,-4.6875,-7.8125,-0.78125,-2.34375
41.8155068148,484,885,793200,42.2715027778,-83.7408627778,25.0,30.0200004578,2103.0,34.9019622803,,,,,,,,,-4.6875,-7.8125,-0.78125,-2.34375
41.8155068148,484,885,794000,42.2716416667,-83.7409811111,25.0,16.9599990845,1766.0,34.9019622803,,,,,,,,,-4.6875,-7.8125,-0.78125,-2.34375
41.8155068148,484,885,794200,42.2716416667,-83.7409811111,29.0,16.9599990845,1766.0,34.9019622803,,,,,,,,,-4.6875,-7.8125,-0.78125,-2.34375
41.8155068148,484,885,796100,42.2716416667,-83.7409811111,29.0,16.6399993896,1474.0,38.0392150879,,,,,,,,,-4.6875,-7.8125,-0.78125,-2.34375
41.8155068148,484,885,796300,42.2716416667,-83.7409811111,28.0,16.6399993896,1474.0,38.0392150879,,,,,,,,,-4.6875,-7.8125,-0.78125,-2.34375
41.8155068148,484,885,797100,42.2716416667,-83.7409811111,28.0,16.6399993896,1474.0,38.0392150879,,,,,,,,,-8.59375,-5.46875,-0.78125,-2.34375
41.8155068148,484,885,798000,42.2718458333,-83.7411819444,28.0,16.6399993896,1474.0,38.0392150879,,,,,,,,,-8.59375,-5.46875,-0.78125,-2.34375
41.8155068148,484,885,798100,42.2718458333,-83.7411819444,28.0,31.1700000763,1850.0,38.0392150879,,,,,,,,,-8.59375,-5.46875,-0.78125,-2.34375
41.8155068148,484,885,798400,42.2718458333,-83.7411819444,30.0,31.1700000763,1850.0,38.0392150879,,,,,,,,,-8.59375,-5.46875,-0.78125,-2.34375
41.8155068148,484,885,799400,42.2718458333,-83.7411819444,32.0,31.1700000763,1850.0,38.0392150879,,,,,,,,,-8.59375,-5.46875,-0.78125,-2.34375
41.8155068148,484,885,800200,42.2718458333,-83.7411819444,32.0,17.3899993896,1575.0,38.0392150879,,,,,,,,,-8.59375,-5.46875,-0.78125,-2.34375
41.8155068148,484,885,800400,42.2718458333,-83.7411819444,33.0,17.3899993896,1575.0,38.0392150879,,,,,,,,,-8.59375,-5.46875,-0.78125,-2.34375
41.8155068148,484,885,801000,42.2719966667,-83.7413783333,33.0,17.3899993896,1575.0,38.0392150879,,,,,,,,,-8.59375,-5.46875,-0.78125,-2.34375
41.8155068148,484,885,801300,42.2719966667,-83.7413783333,33.0,17.3899993896,1575.0,43.9215698242,,,,,,,,,-8.59375,-5.46875,-0.78125,-2.34375
41.8155068148,484,885,801500,42.2719966667,-83.7413783333,36.0,17.3899993896,1575.0,43.9215698242,,,,,,,,,-8.59375,-5.46875,-0.78125,-2.34375
41.8155068148,484,885,802300,42.2719966667,-83.7413783333,36.0,20.2800006866,1816.0,43.9215698242,,,,,,,,,3.90625,8.59375,-0.78125,-2.34375
41.8155068148,484,885,803600,42.2719966667,-83.7413783333,38.0,20.2800006866,1816.0,43.9215698242,,,,,,,,,3.90625,8.59375,-0.78125,-2.34375
41.8155068148,484,885,804000,42.2721694444,-83.7416294444,38.0,20.2800006866,1816.0,43.9215698242,,,,,,,,,3.90625,8.59375,-0.78125,-2.34375
41.8155068148,484,885,804400,42.2721694444,-83.7416294444,38.0,19.5599994659,1635.0,43.9215698242,,,,,,,,,3.90625,8.59375,-0.78125,-2.34375
41.8155068148,484,885,805600,42.2721694444,-83.7416294444,40.0,19.5599994659,1635.0,43.9215698242,,,,,,,,,3.90625,8.59375,-0.78125,-2.34375
41.8155068148,484,885,806500,42.2721694444,-83.7416294444,40.0,21.6000003815,1760.0,41.9607849121,,,,,,,,,3.90625,8.59375,-0.78125,-2.34375
41.8155068148,484,885,807100,42.2723147222,-83.7418508333,40.0,21.6000003815,1760.0,41.9607849121,,,,,,,,,3.90625,8.59375,-0.78125,-2.34375
41.8155068148,484,885,807500,42.2723147222,-83.7418508333,40.0,21.6000003815,1760.0,41.9607849121,,,,,,,,,0.0,0.78125,-0.78125,-2.34375
41.8155068148,484,885,807700,42.2723147222,-83.7418508333,41.0,21.6000003815,1760.0,41.9607849121,,,,,,,,,0.0,0.78125,-0.78125,-2.34375
41.8155068148,484,885,808500,42.2723147222,-83.7418508333,41.0,14.2100000381,1286.0,41.9607849121,,,,,,,,,0.0,0.78125,-0.78125,-2.34375
41.8155068148,484,885,810000,42.2725116667,-83.7420713889,41.0,14.2100000381,1286.0,41.9607849121,,,,,,,,,0.0,0.78125,-0.78125,-2.34375
41.8155068148,484,885,810800,42.2725116667,-83.7420713889,41.0,16.2999992371,1188.0,41.9607849121,,,,,,,,,0.0,0.78125,-0.78125,-2.34375
41.8155068148,484,885,810900,42.2725116667,-83.7420713889,42.0,16.2999992371,1188.0,41.9607849121,,,,,,,,,0.0,0.78125,-0.78125,-2.34375
41.8155068148,484,885,811900,42.2725116667,-83.7420713889,42.0,16.2999992371,1188.0,16.4705886841,,,,,,,,,0.0,0.78125,-0.78125,-2.34375
41.8155068148,484,885,813000,42.2725116667,-83.7420713889,42.0,4.78999996185,1118.0,16.4705886841,,,,,,,,,1.5625,0.78125,-0.78125,-2.34375
41.8155068148,484,885,813100,42.2727752778,-83.7422316667,40.0,4.78999996185,1118.0,16.4705886841,,,,,,,,,1.5625,0.78125,-0.78125,-2.34375
41.8155068148,484,885,814100,42.2727752778,-83.7422316667,38.0,4.78999996185,1118.0,16.4705886841,,,,,,,,,1.5625,0.78125,-0.78125,-2.34375
41.8155068148,484,885,815100,42.2727752778,-83.7422316667,34.0,3.91000008583,810.0,16.4705886841,,,,,,,,,1.5625,0.78125,-0.78125,-2.34375
41.8155068148,484,885,816200,42.2727752778,-83.7422316667,31.0,3.91000008583,810.0,16.4705886841,,,,,,,,,1.5625,0.78125,-0.78125,-2.34375
41.8155068148,484,885,817100,42.27306,-83.7423177778,31.0,15.5500001907,1303.0,36.4705886841,,,,,,,,,1.5625,0.78125,-0.78125,-2.34375
41.8155068148,484,885,817200,42.27306,-83.7423177778,29.0,15.5500001907,1303.0,36.4705886841,,,,,,,,,1.5625,0.78125,-0.78125,-2.34375
41.8155068148,484,885,818200,42.27306,-83.7423177778,29.0,15.5500001907,1303.0,36.4705886841,,,,,,,,,6.25,1.5625,-0.78125,-2.34375
41.8155068148,484,885,819200,42.27306,-83.7423177778,29.0,11.1499996185,1522.0,36.4705886841,,,,,,,,,6.25,1.5625,-0.78125,-2.34375
41.8155068148,484,885,819300,42.27306,-83.7423177778,30.0,11.1499996185,1522.0,36.4705886841,,,,,,,,,6.25,1.5625,-0.78125,-2.34375
41.8155068148,484,885,820000,42.2733097222,-83.7424411111,30.0,11.1499996185,1522.0,36.4705886841,,,,,,,,,6.25,1.5625,-0.78125,-2.34375
41.8155068148,484,885,821300,42.2733097222,-83.7424411111,30.0,18.3299999237,1575.0,36.4705886841,,,,,,,,,6.25,1.5625,-0.78125,-2.34375
41.8155068148,484,885,821400,42.2733097222,-83.7424411111,31.0,18.3299999237,1575.0,36.4705886841,,,,,,,,,6.25,1.5625,-0.78125,-2.34375
41.8155068148,484,885,822300,42.2733097222,-83.7424411111,31.0,18.3299999237,1575.0,36.8627471924,,,,,,,,,6.25,1.5625,-0.78125,-2.34375
41.8155068148,484,885,823000,42.2734130556,-83.7428852778,31.0,18.3299999237,1575.0,36.8627471924,,,,,,,,,6.25,1.5625,-0.78125,-2.34375
41.8155068148,484,885,823400,42.2734130556,-83.7428852778,32.0,7.21000003815,1635.0,36.8627471924,,,,,,,,,-2.34375,0.0,-0.78125,-2.34375
41.8155068148,484,885,824500,42.2734130556,-83.7428852778,31.0,7.21000003815,1635.0,36.8627471924,,,,,,,,,-2.34375,0.0,-0.78125,-2.34375
41.8155068148,484,885,825500,42.2734130556,-83.7428852778,28.0,4.55999994278,856.0,36.8627471924,,,,,,,,,-2.34375,0.0,-0.78125,-2.34375
41.8155068148,484,885,826000,42.2736594444,-83.7430727778,28.0,4.55999994278,856.0,36.8627471924,,,,,,,,,-2.34375,0.0,-0.78125,-2.34375
41.8155068148,484,885,826600,42.2736594444,-83.7430727778,24.0,4.55999994278,856.0,36.8627471924,,,,,,,,,-2.34375,0.0,-0.78125,-2.34375
41.8155068148,484,885,827500,42.2736594444,-83.7430727778,24.0,3.96000003815,715.0,19.2156867981,,,,,,,,,-2.34375,0.0,-0.78125,-2.34375
41.8155068148,484,885,827600,42.2736594444,-83.7430727778,18.0,3.96000003815,715.0,19.2156867981,,,,,,,,,-2.34375,0.0,-0.78125,-2.34375
41.8155068148,484,885,828600,42.2736594444,-83.7430727778,12.0,3.96000003815,715.0,19.2156867981,,,,,,,,,0.0,2.34375,-0.78125,-2.34375
41.8155068148,484,885,829100,42.2738111111,-83.7432608333,12.0,3.96000003815,715.0,19.2156867981,,,,,,,,,0.0,2.34375,-0.78125,-2.34375
41.8155068148,484,885,829600,42.2738111111,-83.7432608333,12.0,3.93000006676,715.0,19.2156867981,,,,,,,,,0.0,2.34375,-0.78125,-2.34375
41.8155068148,484,885,829700,42.2738111111,-83.7432608333,8.0,3.93000006676,715.0,19.2156867981,,,,,,,,,0.0,2.34375,-0.78125,-2.34375
41.8155068148,484,885,830700,42.2738111111,-83.7432608333,4.0,3.93000006676,715.0,19.2156867981,,,,,,,,,0.0,2.34375,-0.78125,-2.34375
41.8155068148,484,885,831700,42.2738111111,-83.7432608333,4.0,3.75999999046,617.0,19.2156867981,,,,,,,,,0.0,2.34375,-0.78125,-2.34375
41.8155068148,484,885,831800,42.2738111111,-83.7432608333,1.0,3.75999999046,617.0,19.2156867981,,,,,,,,,0.0,2.34375,-0.78125,-2.34375
41.8155068148,484,885,831900,42.2738111111,-83.7432608333,1.0,3.75999999046,677.0,19.2156867981,,,,,,,,,0.0,2.34375,-0.78125,-2.34375
41.8155068148,484,885,832000,42.2738111111,-83.7432608333,1.0,4.65000009537,677.0,19.2156867981,,,,,,,,,0.0,2.34375,-0.78125,-2.34375
41.8155068148,484,885,832100,42.2738111111,-83.7432608333,1.0,4.65000009537,677.0,23.137254715,,,,,,,,,0.0,2.34375,-0.78125,-2.34375
41.8155068148,484,885,832700,42.2738111111,-83.7432608333,1.0,4.65000009537,677.0,23.137254715,,,,,,,,,-2.34375,0.0,-0.78125,-2.34375
41.8155068148,484,885,832800,42.2738111111,-83.7432608333,1.0,4.65000009537,677.0,23.137254715,,,,,,,,,-2.34375,0.0,-16.40625,-2.34375
41.8155068148,484,885,832900,42.2738111111,-83.7432608333,1.0,4.65000009537,677.0,23.137254715,,,,,,,,,-2.34375,0.0,-16.40625,-14.0625
41.8155068148,484,885,833000,42.2738111111,-83.7432608333,0.0,4.65000009537,677.0,23.137254715,,,,,,,,,-2.34375,0.0,-16.40625,-14.0625
41.8155068148,484,885,833900,42.2738111111,-83.7432608333,0.0,4.65000009537,731.0,23.137254715,,,,,,,,,-2.34375,0.0,-16.40625,-14.0625
41.8155068148,484,885,835900,42.2738111111,-83.7432608333,0.0,4.65000009537,864.0,23.137254715,,,,,,,,,-2.34375,0.0,-16.40625,-14.0625
41.8155068148,484,885,837000,42.2738111111,-83.7432608333,0.0,5.80999994278,864.0,23.137254715,,,,,,,,,-2.34375,0.0,-16.40625,-14.0625
41.8155068148,484,885,837100,42.2738111111,-83.7432608333,0.0,5.80999994278,864.0,22.745098114,,,,,,,,,-2.34375,0.0,-16.40625,-14.0625
41.8155068148,484,885,837900,42.2738111111,-83.7432608333,0.0,5.80999994278,687.0,22.745098114,,,,,,,,,-2.34375,0.0,-16.40625,-14.0625
41.8155068148,484,885,840800,42.2738111111,-83.7432608333,0.0,5.80999994278,596.0,22.745098114,,,,,,,,,-2.34375,0.0,-16.40625,-14.0625
41.8155068148,484,885,842100,42.2738111111,-83.7432608333,0.0,5.76999998093,596.0,22.745098114,,,,,,,,,-2.34375,0.0,-16.40625,-14.0625
41.8155068148,484,885,842700,42.2738111111,-83.7432608333,0.0,5.76999998093,596.0,25.490196228,,,,,,,,,-2.34375,0.0,-16.40625,-14.0625
41.8155068148,484,885,842800,42.2738111111,-83.7432608333,0.0,5.76999998093,764.0,25.490196228,,,,,,,,,-2.34375,0.0,-16.40625,-14.0625
41.8155068148,484,885,843000,42.2738111111,-83.7432608333,0.0,5.76999998093,764.0,25.490196228,,,,,,,,,0.78125,0.78125,-16.40625,-14.0625
41.8155068148,484,885,845000,42.2738111111,-83.7432608333,0.0,5.76999998093,866.0,25.490196228,,,,,,,,,0.78125,0.78125,-16.40625,-14.0625
41.8155068148,484,885,847200,42.2738111111,-83.7432608333,0.0,5.23000001907,593.0,25.490196228,,,,,,,,,0.78125,0.78125,-16.40625,-14.0625
41.8155068148,484,885,847600,42.2738111111,-83.7432608333,0.0,5.23000001907,593.0,24.3137264252,,,,,,,,,0.78125,0.78125,-16.40625,-14.0625
41.8155068148,484,885,848200,42.2738111111,-83.7432608333,0.0,5.23000001907,593.0,24.3137264252,,,,,,,,,-1.5625,-0.78125,-16.40625,-14.0625
41.8155068148,484,885,849300,42.2738111111,-83.7432608333,0.0,5.23000001907,846.0,24.3137264252,,,,,,,,,-1.5625,-0.78125,-16.40625,-14.0625
41.8155068148,484,885,851300,42.2738111111,-83.7432608333,0.0,5.23000001907,632.0,24.3137264252,,,,,,,,,-1.5625,-0.78125,-16.40625,-14.0625
41.8155068148,484,885,852400,42.2738111111,-83.7432608333,0.0,3.96000003815,632.0,24.3137264252,,,,,,,,,-1.5625,-0.78125,-16.40625,-14.0625
41.8155068148,484,885,852700,42.2738111111,-83.7432608333,0.0,3.96000003815,632.0,21.5686283112,,,,,,,,,-1.5625,-0.78125,-16.40625,-14.0625
41.8155068148,484,885,853400,42.2738111111,-83.7432608333,0.0,3.96000003815,622.0,21.5686283112,,,,,,,,,-5.46875,-3.125,-16.40625,-14.0625
41.8155068148,484,885,855500,42.2738111111,-83.7432608333,0.0,3.96000003815,614.0,21.5686283112,,,,,,,,,-5.46875,-3.125,-16.40625,-14.0625
41.8155068148,484,885,857600,42.2738111111,-83.7432608333,0.0,3.83999991417,607.0,21.5686283112,,,,,,,,,-5.46875,-3.125,-16.40625,-14.0625
41.8155068148,484,885,858600,42.2738111111,-83.7432608333,0.0,3.83999991417,607.0,21.5686283112,,,,,,,,,0.0,1.5625,-16.40625,-14.0625
41.8155068148,484,885,859100,42.2739166667,-83.7435372222,0.0,3.83999991417,607.0,21.5686283112,,,,,,,,,0.0,1.5625,-16.40625,-14.0625
41.8155068148,484,885,859700,42.2739166667,-83.7435372222,0.0,3.83999991417,596.0,21.5686283112,,,,,,,,,0.0,1.5625,-16.40625,-14.0625
41.8155068148,484,885,861700,42.2739166667,-83.7435372222,0.0,3.83999991417,591.0,21.5686283112,,,,,,,,,0.0,1.5625,-16.40625,-14.0625
41.8155068148,484,885,862800,42.2739166667,-83.7435372222,0.0,4.30999994278,591.0,23.5294113159,,,,,,,,,0.0,1.5625,-16.40625,-14.0625
41.8155068148,484,885,862900,42.2739166667,-83.7435372222,0.0,4.30999994278,591.0,23.5294113159,,,,,,,,,0.0,1.5625,-16.40625,-16.40625
41.8155068148,484,885,863800,42.2739166667,-83.7435372222,0.0,4.30999994278,780.0,23.5294113159,,,,,,,,,2.34375,1.5625,-16.40625,-16.40625
41.8155068148,484,885,865900,42.2739166667,-83.7435372222,0.0,4.30999994278,865.0,23.5294113159,,,,,,,,,2.34375,1.5625,-16.40625,-16.40625
41.8155068148,484,885,866000,42.2739002778,-83.7435672222,0.0,4.30999994278,865.0,23.5294113159,,,,,,,,,2.34375,1.5625,-16.40625,-16.40625
41.8155068148,484,885,866200,42.2739002778,-83.7435672222,0.0,4.30999994278,1544.0,23.5294113159,,,,,,,,,2.34375,1.5625,-16.40625,-16.40625
41.8155068148,484,885,866300,42.2739002778,-83.7435672222,0.0,18.6900005341,1544.0,23.5294113159,,,,,,,,,2.34375,1.5625,-16.40625,-16.40625
41.8155068148,484,885,866400,42.2739002778,-83.7435672222,0.0,18.6900005341,1544.0,41.1764717102,,,,,,,,,2.34375,1.5625,-16.40625,-16.40625
41.8155068148,484,885,866900,42.2739002778,-83.7435672222,0.0,18.6900005341,1544.0,41.1764717102,,,,,,,,,-5.46875,1.5625,-16.40625,-16.40625
41.8155068148,484,885,867000,42.2739002778,-83.7435672222,0.0,18.6900005341,1544.0,41.1764717102,,,,,,,,,-5.46875,-4.6875,-16.40625,-16.40625
41.8155068148,484,885,867100,42.2739002778,-83.7435672222,0.0,18.6900005341,1544.0,41.1764717102,,,,,,,,,-5.46875,-4.6875,-3.90625,-16.40625
41.8155068148,484,885,867200,42.2739002778,-83.7435672222,10.0,18.6900005341,1544.0,41.1764717102,,,,,,,,,-5.46875,-4.6875,-3.90625,-4.6875
41.8155068148,484,885,868200,42.2739002778,-83.7435672222,10.0,18.6900005341,1630.0,41.1764717102,,,,,,,,,-5.46875,-4.6875,-3.90625,-4.6875
41.8155068148,484,885,868300,42.2739002778,-83.7435672222,10.0,19.2099990845,1630.0,41.1764717102,,,,,,,,,-5.46875,-4.6875,-3.90625,-4.6875
41.8155068148,484,885,869100,42.2739330556,-83.7436316667,10.0,19.2099990845,1630.0,41.1764717102,,,,,,,,,-5.46875,-4.6875,-3.90625,-4.6875
41.8155068148,484,885,869300,42.2739330556,-83.7436316667,14.0,19.2099990845,1630.0,41.1764717102,,,,,,,,,-5.46875,-4.6875,-3.90625,-4.6875
41.8155068148,484,885,870200,42.2739330556,-83.7436316667,14.0,19.2099990845,1555.0,41.1764717102,,,,,,,,,-5.46875,-4.6875,-3.90625,-4.6875
41.8155068148,484,885,870300,42.2739330556,-83.7436316667,14.0,4.94000005722,1555.0,41.1764717102,,,,,,,,,-5.46875,-4.6875,-3.90625,-4.6875
41.8155068148,484,885,870400,42.2739330556,-83.7436316667,17.0,4.94000005722,1555.0,41.1764717102,,,,,,,,,-5.46875,-4.6875,-3.90625,-4.6875
41.8155068148,484,885,871400,42.2739330556,-83.7436316667,17.0,4.94000005722,1555.0,40.7843132019,,,,,,,,,-5.46875,-4.6875,-3.90625,-4.6875
41.8155068148,484,885,872100,42.2739986111,-83.7437658333,17.0,4.94000005722,1555.0,40.7843132019,,,,,,,,,-5.46875,-4.6875,-3.90625,-4.6875
41.8155068148,484,885,872200,42.2739986111,-83.7437658333,17.0,4.94000005722,1834.0,40.7843132019,,,,,,,,,-5.46875,-4.6875,-3.90625,-4.6875
41.8155068148,484,885,872300,42.2739986111,-83.7437658333,17.0,25.7700004578,1834.0,40.7843132019,,,,,,,,,-5.46875,-4.6875,-3.90625,-4.6875
41.8155068148,484,885,872400,42.2739986111,-83.7437658333,19.0,25.7700004578,1834.0,40.7843132019,,,,,,,,,-5.46875,-4.6875,-3.90625,-4.6875
41.8155068148,484,885,873500,42.2739986111,-83.7437658333,23.0,25.7700004578,1834.0,40.7843132019,,,,,,,,,-5.46875,-4.6875,-3.90625,-4.6875
41.8155068148,484,885,874300,42.2739986111,-83.7437658333,23.0,21.3199996948,1812.0,40.7843132019,,,,,,,,,-5.46875,-4.6875,-3.90625,-4.6875
41.8155068148,484,885,874500,42.2739986111,-83.7437658333,25.0,21.3199996948,1812.0,40.7843132019,,,,,,,,,-5.46875,-4.6875,-3.90625,-4.6875
41.8155068148,484,885,875000,42.2741288889,-83.7439211111,25.0,21.3199996948,1812.0,40.7843132019,,,,,,,,,-5.46875,-4.6875,-3.90625,-4.6875
41.8155068148,484,885,875600,42.2741288889,-83.7439211111,27.0,21.3199996948,1812.0,40.7843132019,,,,,,,,,-5.46875,-4.6875,-3.90625,-4.6875
41.8155068148,484,885,876400,42.2741288889,-83.7439211111,27.0,5.59000015259,1298.0,14.509803772,,,,,,,,,-5.46875,-4.6875,-3.90625,-4.6875
41.8155068148,484,885,876600,42.2741288889,-83.7439211111,28.0,5.59000015259,1298.0,14.509803772,,,,,,,,,-5.46875,-4.6875,-3.90625,-4.6875
41.8155068148,484,885,877400,42.2741288889,-83.7439211111,28.0,5.59000015259,1298.0,14.509803772,,,,,,,,,-2.34375,-1.5625,-3.90625,-4.6875
41.8155068148,484,885,877600,42.2741288889,-83.7439211111,25.0,5.59000015259,1298.0,14.509803772,,,,,,,,,-2.34375,-1.5625,-3.90625,-4.6875
41.8155068148,484,885,878200,42.2742763889,-83.7441,25.0,5.59000015259,1298.0,14.509803772,,,,,,,,,-2.34375,-1.5625,-3.90625,-4.6875
41.8155068148,484,885,878600,42.2742763889,-83.7441,25.0,4.0,902.0,14.509803772,,,,,,,,,-2.34375,-1.5625,-3.90625,-4.6875
41.8155068148,484,885,879800,42.2742763889,-83.7441,24.0,4.0,902.0,14.509803772,,,,,,,,,-2.34375,-1.5625,-3.90625,-4.6875
41.8155068148,484,885,880800,42.2742763889,-83.7441,24.0,32.6699981689,2088.0,14.509803772,,,,,,,,,-2.34375,-1.5625,-3.90625,-4.6875
41.8155068148,484,885,880900,42.2742763889,-83.7441,32.0,32.6699981689,2088.0,14.509803772,,,,,,,,,-2.34375,-1.5625,-3.90625,-4.6875
41.8155068148,484,885,881200,42.2743819444,-83.7442925,32.0,32.6699981689,2088.0,14.509803772,,,,,,,,,-2.34375,-1.5625,-3.90625,-4.6875
41.8155068148,484,885,881900,42.2743819444,-83.7442925,32.0,32.6699981689,2088.0,48.6274528503,,,,,,,,,-2.34375,-1.5625,-3.90625,-4.6875
41.8155068148,484,885,882400,42.2743819444,-83.7442925,32.0,32.6699981689,2088.0,48.6274528503,,,,,,,,,1.5625,1.5625,-3.90625,-4.6875
41.8155068148,484,885,882900,42.2743819444,-83.7442925,32.0,25.5200004578,2140.0,48.6274528503,,,,,,,,,1.5625,1.5625,-3.90625,-4.6875
41.8155068148,484,885,883000,42.2743819444,-83.7442925,36.0,25.5200004578,2140.0,48.6274528503,,,,,,,,,1.5625,1.5625,-3.90625,-4.6875
41.8155068148,484,885,884000,42.2746252778,-83.7444944444,40.0,25.5200004578,2140.0,48.6274528503,,,,,,,,,1.5625,1.5625,-3.90625,-4.6875
41.8155068148,484,885,885000,42.2746252778,-83.7444944444,43.0,22.9699993134,2156.0,48.6274528503,,,,,,,,,1.5625,1.5625,-3.90625,-4.6875
41.8155068148,484,885,886100,42.2746252778,-83.7444944444,44.0,22.9699993134,2156.0,48.6274528503,,,,,,,,,1.5625,1.5625,-3.90625,-4.6875
41.8155068148,484,885,887100,42.2746252778,-83.7444944444,45.0,11.1899995804,1371.0,27.4509811401,,,,,,,,,1.5625,1.5625,-3.90625,-4.6875
41.8155068148,484,885,887400,42.2746252778,-83.7444944444,45.0,11.1899995804,1371.0,27.4509811401,,,,,,,,,0.0,2.34375,-3.90625,-4.6875
41.8155068148,484,885,888000,42.2749383333,-83.7448702778,45.0,11.1899995804,1371.0,27.4509811401,,,,,,,,,0.0,2.34375,-3.90625,-4.6875
41.8155068148,484,885,888200,42.2749383333,-83.7448702778,46.0,11.1899995804,1371.0,27.4509811401,,,,,,,,,0.0,2.34375,-3.90625,-4.6875
41.8155068148,484,885,888600,42.2749383333,-83.7448702778,46.0,11.1899995804,1371.0,27.4509811401,,,,,,,,,0.0,2.34375,-3.90625,-4.6875
41.8155068148,484,885,889100,42.2749383333,-83.7448702778,46.0,16.2900009155,1370.0,27.4509811401,,,,,,,,,0.0,2.34375,-3.90625,-4.6875
41.8155068148,484,885,889200,42.2749383333,-83.7448702778,47.0,16.2900009155,1370.0,27.4509811401,,,,,,,,,0.0,2.34375,-3.90625,-4.6875
41.8155068148,484,885,891000,42.2751627778,-83.7452472222,47.0,16.2900009155,1370.0,27.4509811401,,,,,,,,,0.0,2.34375,-3.90625,-4.6875
41.8155068148,484,885,891200,42.2751627778,-83.7452472222,47.0,13.220000267,1534.0,27.4509811401,,,,,,,,,0.0,2.34375,-3.90625,-4.6875
41.8155068148,484,885,892300,42.2751627778,-83.7452472222,48.0,13.220000267,1534.0,29.4117660522,,,,,,,,,0.0,2.34375,-3.90625,-4.6875
41.8155068148,484,885,892500,42.2751627778,-83.7452472222,48.0,13.220000267,1534.0,29.4117660522,,,,,,,,,3.125,2.34375,-3.90625,-4.6875
41.8155068148,484,885,893300,42.2751627778,-83.7452472222,48.0,8.25,1471.0,29.4117660522,,,,,,,,,3.125,2.34375,-3.90625,-4.6875
41.8155068148,484,885,894100,42.2753736111,-83.7456436111,48.0,8.25,1471.0,29.4117660522,,,,,,,,,3.125,2.34375,-3.90625,-4.6875
41.8155068148,484,885,895400,42.2753736111,-83.7456436111,48.0,8.07999992371,1470.0,29.4117660522,,,,,,,,,3.125,2.34375,-3.90625,-4.6875
41.8155068148,484,885,896500,42.2753736111,-83.7456436111,49.0,8.07999992371,1470.0,29.4117660522,,,,,,,,,3.125,2.34375,-3.90625,-4.6875
41.8155068148,484,885,897100,42.2755811111,-83.7460366667,49.0,8.07999992371,1470.0,29.4117660522,,,,,,,,,3.125,2.34375,-3.90625,-4.6875
41.8155068148,484,885,897500,42.2755811111,-83.7460366667,48.0,5.0,1165.0,14.9019613266,,,,,,,,,2.34375,0.0,-3.90625,-4.6875
41.8155068148,484,885,899500,42.2755811111,-83.7460366667,48.0,3.94000005722,843.0,14.9019613266,,,,,,,,,2.34375,0.0,-3.90625,-4.6875
41.8155068148,484,885,900000,42.2758008333,-83.7464894444,48.0,3.94000005722,843.0,14.9019613266,,,,,,,,,2.34375,0.0,-3.90625,-4.6875
41.8155068148,484,885,901600,42.2758008333,-83.7464894444,48.0,3.8900001049,735.0,14.9019613266,,,,,,,,,2.34375,0.0,-3.90625,-4.6875
41.8155068148,484,885,901700,42.2758008333,-83.7464894444,47.0,3.8900001049,735.0,14.9019613266,,,,,,,,,2.34375,0.0,-3.90625,-4.6875
41.8155068148,484,885,902500,42.2758008333,-83.7464894444,47.0,3.8900001049,735.0,19.2156867981,,,,,,,,,2.34375,0.0,-3.90625,-4.6875
41.8155068148,484,885,902600,42.2758008333,-83.7464894444,47.0,3.8900001049,735.0,19.2156867981,,,,,,,,,-4.6875,-10.15625,-3.90625,-4.6875
41.8155068148,484,885,903000,42.2760022222,-83.7469216667,47.0,3.8900001049,735.0,19.2156867981,,,,,,,,,-4.6875,-10.15625,-3.90625,-4.6875
41.8155068148,484,885,903600,42.2760022222,-83.7469216667,47.0,12.7700004578,1498.0,19.2156867981,,,,,,,,,-4.6875,-10.15625,-3.90625,-4.6875
41.8155068148,484,885,903800,42.2760022222,-83.7469216667,46.0,12.7700004578,1498.0,19.2156867981,,,,,,,,,-4.6875,-10.15625,-3.90625,-4.6875
41.8155068148,484,885,904800,42.2760022222,-83.7469216667,47.0,12.7700004578,1498.0,19.2156867981,,,,,,,,,-4.6875,-10.15625,-3.90625,-4.6875
41.8155068148,484,885,905600,42.2760022222,-83.7469216667,47.0,7.98000001907,1206.0,19.2156867981,,,,,,,,,-4.6875,-10.15625,-3.90625,-4.6875
41.8155068148,484,885,905800,42.2760022222,-83.7469216667,46.0,7.98000001907,1206.0,19.2156867981,,,,,,,,,-4.6875,-10.15625,-3.90625,-4.6875
41.8155068148,484,885,906100,42.2761894444,-83.7473475,46.0,7.98000001907,1206.0,19.2156867981,,,,,,,,,-4.6875,-10.15625,-3.90625,-4.6875
41.8155068148,484,885,907500,42.2761894444,-83.7473475,46.0,7.98000001907,1206.0,16.4705886841,,,,,,,,,-4.6875,-10.15625,-3.90625,-4.6875
41.8155068148,484,885,907600,42.2761894444,-83.7473475,46.0,4.15999984741,752.0,16.4705886841,,,,,,,,,-3.90625,-1.5625,-3.90625,-4.6875
41.8155068148,484,885,907900,42.2761894444,-83.7473475,43.0,4.15999984741,752.0,16.4705886841,,,,,,,,,-3.90625,-1.5625,-3.90625,-4.6875
41.8155068148,484,885,909000,42.2761894444,-83.7473475,42.0,4.15999984741,752.0,16.4705886841,,,,,,,,,-3.90625,-1.5625,-3.90625,-4.6875
41.8155068148,484,885,909100,42.2763891667,-83.7477216667,42.0,4.15999984741,752.0,16.4705886841,,,,,,,,,-3.90625,-1.5625,-3.90625,-4.6875
41.8155068148,484,885,909600,42.2763891667,-83.7477216667,42.0,3.71000003815,775.0,16.4705886841,,,,,,,,,-3.90625,-1.5625,-3.90625,-4.6875
41.8155068148,484,885,910000,42.2763891667,-83.7477216667,40.0,3.71000003815,775.0,16.4705886841,,,,,,,,,-3.90625,-1.5625,-3.90625,-4.6875
41.8155068148,484,885,911000,42.2763891667,-83.7477216667,38.0,3.71000003815,775.0,16.4705886841,,,,,,,,,-3.90625,-1.5625,-3.90625,-4.6875
41.8155068148,484,885,911600,42.2763891667,-83.7477216667,38.0,3.8900001049,740.0,16.4705886841,,,,,,,,,-3.90625,-1.5625,-3.90625,-4.6875
41.8155068148,484,885,912100,42.2765744444,-83.74805,35.0,3.8900001049,740.0,16.4705886841,,,,,,,,,-3.90625,-1.5625,-3.90625,-4.6875
41.8155068148,484,885,912700,42.2765744444,-83.74805,35.0,3.8900001049,740.0,16.862745285,,,,,,,,,-10.9375,-9.375,-3.90625,-4.6875
41.8155068148,484,885,913200,42.2765744444,-83.74805,34.0,3.8900001049,740.0,16.862745285,,,,,,,,,-10.9375,-9.375,-3.90625,-4.6875
41.8155068148,484,885,913800,42.2765744444,-83.74805,34.0,3.81999993324,791.0,16.862745285,,,,,,,,,-10.9375,-9.375,-3.90625,-4.6875
41.8155068148,484,885,914200,42.2765744444,-83.74805,31.0,3.81999993324,791.0,16.862745285,,,,,,,,,-10.9375,-9.375,-3.90625,-4.6875
41.8155068148,484,885,915300,42.2765744444,-83.74805,30.0,3.81999993324,791.0,16.862745285,,,,,,,,,-10.9375,-9.375,-3.90625,-4.6875
41.8155068148,484,885,916000,42.2767455556,-83.7484202778,30.0,3.81999993324,791.0,16.862745285,,,,,,,,,-10.9375,-9.375,-3.90625,-4.6875
41.8155068148,484,885,916100,42.2767455556,-83.7484202778,30.0,3.78999996185,774.0,16.862745285,,,,,,,,,-10.9375,-9.375,-3.90625,-4.6875
41.8155068148,484,885,916400,42.2767455556,-83.7484202778,27.0,3.78999996185,774.0,16.862745285,,,,,,,,,-10.9375,-9.375,-3.90625,-4.6875
41.8155068148,484,885,917400,42.2767455556,-83.7484202778,25.0,3.78999996185,774.0,16.862745285,,,,,,,,,-10.9375,-9.375,-3.90625,-4.6875
41.8155068148,484,885,918100,42.2767455556,-83.7484202778,25.0,3.75999999046,778.0,16.4705886841,,,,,,,,,1.5625,1.5625,-3.90625,-4.6875
41.8155068148,484,885,918400,42.2767455556,-83.7484202778,24.0,3.75999999046,778.0,16.4705886841,,,,,,,,,1.5625,1.5625,-3.90625,-4.6875
41.8155068148,484,885,919000,42.2768494444,-83.7486686111,24.0,3.75999999046,778.0,16.4705886841,,,,,,,,,1.5625,1.5625,-3.90625,-4.6875
41.8155068148,484,885,919500,42.2768494444,-83.7486686111,21.0,3.75999999046,778.0,16.4705886841,,,,,,,,,1.5625,1.5625,-3.90625,-4.6875
41.8155068148,484,885,920200,42.2768494444,-83.7486686111,21.0,3.76999998093,742.0,16.4705886841,,,,,,,,,1.5625,1.5625,-3.90625,-4.6875
41.8155068148,484,885,920500,42.2768494444,-83.7486686111,16.0,3.76999998093,742.0,16.4705886841,,,,,,,,,1.5625,1.5625,-3.90625,-4.6875
41.8155068148,484,885,921600,42.2768494444,-83.7486686111,13.0,3.76999998093,742.0,16.4705886841,,,,,,,,,1.5625,1.5625,-3.90625,-4.6875
41.8155068148,484,885,922100,42.2769755556,-83.7487425,13.0,3.76999998093,742.0,16.4705886841,,,,,,,,,1.5625,1.5625,-3.90625,-4.6875
41.8155068148,484,885,922300,42.2769755556,-83.7487425,13.0,10.9899997711,650.0,16.4705886841,,,,,,,,,1.5625,1.5625,-3.90625,-4.6875
41.8155068148,484,885,923300,42.2769755556,-83.7487425,13.0,10.9899997711,650.0,23.137254715,,,,,,,,,0.0,0.0,-3.90625,-4.6875
41.8155068148,484,885,923600,42.2769755556,-83.7487425,14.0,10.9899997711,650.0,23.137254715,,,,,,,,,0.0,0.0,-3.90625,-4.6875
41.8155068148,484,885,924400,42.2769755556,-83.7487425,14.0,4.84999990463,1166.0,23.137254715,,,,,,,,,0.0,0.0,-3.90625,-4.6875
41.8155068148,484,885,924700,42.2769755556,-83.7487425,13.0,4.84999990463,1166.0,23.137254715,,,,,,,,,0.0,0.0,-3.90625,-4.6875
41.8155068148,484,885,925000,42.2771061111,-83.7487102778,13.0,4.84999990463,1166.0,23.137254715,,,,,,,,,0.0,0.0,-3.90625,-4.6875
41.8155068148,484,885,925700,42.2771061111,-83.7487102778,10.0,4.84999990463,1166.0,23.137254715,,,,,,,,,0.0,0.0,-3.90625,-4.6875
41.8155068148,484,885,926500,42.2771061111,-83.7487102778,10.0,4.09000015259,798.0,23.137254715,,,,,,,,,0.0,0.0,-3.90625,-4.6875
41.8155068148,484,885,926800,42.2771061111,-83.7487102778,6.0,4.09000015259,798.0,23.137254715,,,,,,,,,0.0,0.0,-3.90625,-4.6875
41.8155068148,484,885,927500,42.2771061111,-83.7487102778,6.0,4.09000015259,798.0,23.137254715,,,,,,,,,0.0,0.0,-7.8125,-7.8125
41.8155068148,484,885,927800,42.2771061111,-83.7487102778,2.0,4.09000015259,798.0,23.137254715,,,,,,,,,0.0,0.0,-7.8125,-7.8125
41.8155068148,484,885,928000,42.2771991667,-83.7487275,2.0,4.09000015259,798.0,23.137254715,,,,,,,,,0.0,0.0,-7.8125,-7.8125
41.8155068148,484,885,928500,42.2771991667,-83.7487275,2.0,3.83999991417,632.0,20.7843132019,,,,,,,,,-1.5625,0.0,-7.8125,-7.8125
41.8155068148,484,885,928800,42.2771991667,-83.7487275,2.0,3.78999996185,607.0,20.7843132019,,,,,,,,,-1.5625,0.0,-7.8125,-7.8125
41.8155068148,484,885,928900,42.2771991667,-83.7487275,2.0,3.78999996185,607.0,21.1764717102,,,,,,,,,-1.5625,0.0,-7.8125,-7.8125
41.8155068148,484,885,929500,42.2771991667,-83.7487275,2.0,3.78999996185,607.0,21.1764717102,,,,,,,,,-5.46875,0.0,-7.8125,-7.8125
41.8155068148,484,885,929600,42.2771991667,-83.7487275,2.0,3.78999996185,607.0,21.1764717102,,,,,,,,,-5.46875,-5.46875,-14.84375,-7.8125
41.8155068148,484,885,929700,42.2771991667,-83.7487275,2.0,3.78999996185,607.0,21.1764717102,,,,,,,,,-5.46875,-5.46875,-14.84375,-10.9375
41.8155068148,484,885,929800,42.2771991667,-83.7487275,0.0,3.78999996185,607.0,21.1764717102,,,,,,,,,-5.46875,-5.46875,-14.84375,-10.9375
41.8155068148,484,885,930800,42.2771991667,-83.7487275,0.0,3.78999996185,600.0,21.1764717102,,,,,,,,,-5.46875,-5.46875,-14.84375,-10.9375
41.8155068148,484,885,931000,42.277185,-83.7486911111,0.0,3.78999996185,600.0,21.1764717102,,,,,,,,,-5.46875,-5.46875,-14.84375,-10.9375
41.8155068148,484,885,932000,42.277185,-83.7486911111,0.0,7.19999980927,993.0,21.1764717102,,,,,,,,,-5.46875,-5.46875,-14.84375,-10.9375
41.8155068148,484,885,932100,42.277185,-83.7486911111,0.0,7.19999980927,993.0,24.7058830261,,,,,,,,,-5.46875,-5.46875,-14.84375,-10.9375
41.8155068148,484,885,932700,42.277185,-83.7486911111,0.0,7.19999980927,993.0,24.7058830261,,,,,,,,,0.0,-5.46875,-14.84375,-10.9375
41.8155068148,484,885,932800,42.277185,-83.7486911111,0.0,7.19999980927,993.0,24.7058830261,,,,,,,,,0.0,2.34375,-3.125,-10.9375
41.8155068148,484,885,932900,42.277185,-83.7486911111,0.0,7.19999980927,993.0,24.7058830261,,,,,,,,,0.0,2.34375,-3.125,-3.125
41.8155068148,484,885,933000,42.277185,-83.7486911111,4.0,7.19999980927,993.0,24.7058830261,,,,,,,,,0.0,2.34375,-3.125,-3.125
41.8155068148,484,885,934000,42.2772052778,-83.7486827778,4.0,7.03999996185,1003.0,24.7058830261,,,,,,,,,0.0,2.34375,-3.125,-3.125
41.8155068148,484,885,935100,42.2772052778,-83.7486827778,6.0,7.03999996185,1003.0,24.7058830261,,,,,,,,,0.0,2.34375,-3.125,-3.125
41.8155068148,484,885,936000,42.2772052778,-83.7486827778,6.0,3.94000005722,719.0,24.7058830261,,,,,,,,,0.0,2.34375,-3.125,-3.125
41.8155068148,484,885,937100,42.2772575,-83.7486775,6.0,3.94000005722,719.0,24.7058830261,,,,,,,,,0.0,2.34375,-3.125,-3.125
41.8155068148,484,885,937200,42.2772575,-83.7486775,4.0,3.94000005722,719.0,20.7843132019,,,,,,,,,0.0,2.34375,-3.125,-3.125
41.8155068148,484,885,938000,42.2772575,-83.7486775,4.0,3.75999999046,610.0,20.7843132019,,,,,,,,,0.0,2.34375,-3.125,-3.125
41.8155068148,484,885,938200,42.2772575,-83.7486775,2.0,3.75999999046,610.0,20.7843132019,,,,,,,,,0.0,2.34375,-3.125,-3.125
41.8155068148,484,885,939300,42.2772575,-83.7486775,2.0,3.75999999046,590.0,20.7843132019,,,,,,,,,0.0,2.34375,-3.125,-3.125
41.8155068148,484,885,939400,42.2772575,-83.7486775,2.0,3.77999997139,590.0,20.7843132019,,,,,,,,,0.0,2.34375,-3.125,-3.125
41.8155068148,484,885,939500,42.2772575,-83.7486775,2.0,3.77999997139,590.0,21.9607849121,,,,,,,,,0.0,2.34375,-3.125,-3.125
41.8155068148,484,885,940100,42.2772575,-83.7486775,2.0,3.77999997139,590.0,21.9607849121,,,,,,,,,-5.46875,-4.6875,-3.125,-3.125
41.8155068148,484,885,940200,42.2772575,-83.7486775,2.0,3.77999997139,590.0,21.9607849121,,,,,,,,,-5.46875,-4.6875,-16.40625,-3.125
41.8155068148,484,885,940300,42.2772575,-83.7486775,2.0,3.77999997139,590.0,21.9607849121,,,,,,,,,-5.46875,-4.6875,-16.40625,-14.84375
41.8155068148,484,885,940400,42.2772575,-83.7486775,0.0,3.77999997139,590.0,21.9607849121,,,,,,,,,-5.46875,-4.6875,-16.40625,-14.84375
41.8155068148,484,885,941300,42.2772575,-83.7486775,0.0,3.77999997139,586.0,21.9607849121,,,,,,,,,-5.46875,-4.6875,-16.40625,-14.84375
41.8155068148,484,885,943300,42.2772575,-83.7486775,0.0,3.77999997139,615.0,21.9607849121,,,,,,,,,-5.46875,-4.6875,-16.40625,-14.84375
41.8155068148,484,885,944400,42.2772575,-83.7486775,0.0,3.79999995232,615.0,21.9607849121,,,,,,,,,-5.46875,-4.6875,-16.40625,-14.84375
41.8155068148,484,885,944500,42.2772575,-83.7486775,0.0,3.79999995232,615.0,21.5686283112,,,,,,,,,-5.46875,-4.6875,-16.40625,-14.84375
41.8155068148,484,885,945300,42.2772575,-83.7486775,0.0,3.79999995232,600.0,21.5686283112,,,,,,,,,-5.46875,-4.6875,-16.40625,-14.84375
41.8155068148,484,885,947500,42.2772575,-83.7486775,0.0,3.79999995232,602.0,21.5686283112,,,,,,,,,-5.46875,-4.6875,-16.40625,-14.84375
41.8155068148,484,885,948600,42.2772575,-83.7486775,0.0,3.79999995232,602.0,21.5686283112,,,,,,,,,-5.46875,-4.6875,-16.40625,-14.84375
41.8155068148,484,885,949700,42.2772575,-83.7486775,0.0,4.67999982834,612.0,25.0980396271,,,,,,,,,-5.46875,-4.6875,-16.40625,-14.84375
41.8155068148,484,885,950700,42.2772575,-83.7486775,0.0,4.67999982834,612.0,25.0980396271,,,,,,,,,2.34375,0.78125,-16.40625,-14.84375
41.8155068148,484,885,951000,42.2772483333,-83.7486466667,0.0,4.67999982834,612.0,25.0980396271,,,,,,,,,2.34375,0.78125,-16.40625,-14.84375
41.8155068148,484,885,951900,42.2772483333,-83.7486466667,0.0,4.67999982834,765.0,25.0980396271,,,,,,,,,2.34375,0.78125,-16.40625,-14.84375
41.8155068148,484,885,952100,42.2772483333,-83.7486466667,0.0,4.67999982834,789.0,25.0980396271,,,,,,,,,2.34375,0.78125,-16.40625,-14.84375
41.8155068148,484,885,952200,42.2772483333,-83.7486466667,0.0,5.21999979019,789.0,21.5686283112,,,,,,,,,2.34375,0.78125,-16.40625,-14.84375
41.8155068148,484,885,952800,42.2772483333,-83.7486466667,0.0,5.21999979019,789.0,21.5686283112,,,,,,,,,0.78125,0.78125,-16.40625,-14.84375
41.8155068148,484,885,952900,42.2772483333,-83.7486466667,0.0,5.21999979019,789.0,21.5686283112,,,,,,,,,0.78125,1.5625,-16.40625,-14.84375
41.8155068148,484,885,953000,42.2772483333,-83.7486466667,0.0,5.21999979019,789.0,21.5686283112,,,,,,,,,0.78125,1.5625,-14.84375,-13.28125
41.8155068148,484,885,953100,42.2772483333,-83.7486466667,1.0,5.21999979019,789.0,21.5686283112,,,,,,,,,0.78125,1.5625,-14.84375,-13.28125
41.8155068148,484,885,954100,42.2772483333,-83.7486466667,1.0,5.21999979019,602.0,21.5686283112,,,,,,,,,0.78125,1.5625,-14.84375,-13.28125
41.8155068148,484,885,954200,42.2772483333,-83.7486466667,1.0,3.90000009537,606.0,21.5686283112,,,,,,,,,0.78125,1.5625,-14.84375,-13.28125
41.8155068148,484,885,954300,42.2772483333,-83.7486466667,1.0,3.75999999046,606.0,21.5686283112,,,,,,,,,0.78125,1.5625,-14.84375,-13.28125
41.8155068148,484,885,954400,42.2772483333,-83.7486466667,1.0,3.75999999046,606.0,21.1764717102,,,,,,,,,0.78125,1.5625,-14.84375,-13.28125
41.8155068148,484,885,955000,42.2772483333,-83.7486466667,1.0,3.75999999046,606.0,21.1764717102,,,,,,,,,-2.34375,-2.34375,-14.84375,-13.28125
41.8155068148,484,885,955100,42.2772483333,-83.7486466667,1.0,3.75999999046,606.0,21.1764717102,,,,,,,,,-2.34375,-2.34375,-15.625,-13.28125
41.8155068148,484,885,955200,42.2772483333,-83.7486466667,1.0,3.75999999046,606.0,21.1764717102,,,,,,,,,-2.34375,-2.34375,-15.625,-14.0625
41.8155068148,484,885,955300,42.2772483333,-83.7486466667,0.0,3.75999999046,606.0,21.1764717102,,,,,,,,,-2.34375,-2.34375,-15.625,-14.0625
41.8155068148,484,885,956200,42.2772483333,-83.7486466667,0.0,3.75999999046,597.0,21.1764717102,,,,,,,,,-2.34375,-2.34375,-15.625,-14.0625
41.8155068148,484,885,958200,42.2772483333,-83.7486466667,0.0,3.75999999046,590.0,21.1764717102,,,,,,,,,-2.34375,-2.34375,-15.625,-14.0625
41.8155068148,484,885,959400,42.2772483333,-83.7486466667,0.0,3.78999996185,590.0,21.1764717102,,,,,,,,,-2.34375,-2.34375,-15.625,-14.0625
41.8155068148,484,885,960300,42.2772483333,-83.7486466667,0.0,3.78999996185,626.0,21.1764717102,,,,,,,,,-2.34375,-2.34375,-15.625,-14.0625
41.8155068148,484,885,962400,42.2772483333,-83.7486466667,0.0,3.78999996185,694.0,21.1764717102,,,,,,,,,-2.34375,-2.34375,-15.625,-14.0625
41.8155068148,484,885,964400,42.2772483333,-83.7486466667,0.0,3.78999996185,599.0,21.1764717102,,,,,,,,,-2.34375,-2.34375,-15.625,-14.0625
41.8155068148,484,885,964500,42.2772483333,-83.7486466667,0.0,3.78999996185,599.0,21.5686283112,,,,,,,,,-2.34375,-2.34375,-15.625,-14.0625
41.8155068148,484,885,965300,42.2772483333,-83.7486466667,0.0,3.78999996185,599.0,21.5686283112,,,,,,,,,0.78125,1.5625,-15.625,-14.0625
41.8155068148,484,885,966400,42.2772483333,-83.7486466667,0.0,3.78999996185,799.0,21.5686283112,,,,,,,,,0.78125,1.5625,-15.625,-14.0625
41.8155068148,484,885,968000,42.277275,-83.7486058333,0.0,3.78999996185,799.0,21.5686283112,,,,,,,,,0.78125,1.5625,-15.625,-14.0625
41.8155068148,484,885,968300,42.277275,-83.7486058333,0.0,3.78999996185,1239.0,21.5686283112,,,,,,,,,0.78125,1.5625,-15.625,-14.0625
41.8155068148,484,885,968400,42.277275,-83.7486058333,0.0,14.220000267,1239.0,21.5686283112,,,,,,,,,0.78125,1.5625,-15.625,-14.0625
41.8155068148,484,885,968500,42.277275,-83.7486058333,0.0,14.220000267,1239.0,36.8627471924,,,,,,,,,0.78125,1.5625,-15.625,-14.0625
41.8155068148,484,885,969100,42.277275,-83.7486058333,0.0,14.220000267,1239.0,36.8627471924,,,,,,,,,0.78125,0.0,-15.625,-14.0625
41.8155068148,484,885,969200,42.277275,-83.7486058333,0.0,14.220000267,1239.0,36.8627471924,,,,,,,,,0.78125,0.0,-3.90625,-14.0625
41.8155068148,484,885,969300,42.277275,-83.7486058333,0.0,14.220000267,1239.0,36.8627471924,,,,,,,,,0.78125,0.0,-3.90625,-3.125
41.8155068148,484,885,969400,42.277275,-83.7486058333,8.0,14.220000267,1239.0,36.8627471924,,,,,,,,,0.78125,0.0,-3.90625,-3.125
41.8155068148,484,885,970300,42.277275,-83.7486058333,8.0,14.220000267,1531.0,36.8627471924,,,,,,,,,0.78125,0.0,-3.90625,-3.125
41.8155068148,484,885,970400,42.277275,-83.7486058333,13.0,18.7800006866,1531.0,36.8627471924,,,,,,,,,0.78125,0.0,-3.90625,-3.125
41.8155068148,484,885,971000,42.2773458333,-83.74861,13.0,18.7800006866,1531.0,36.8627471924,,,,,,,,,0.78125,0.0,-3.90625,-3.125
41.8155068148,484,885,971400,42.2773458333,-83.74861,17.0,18.7800006866,1531.0,36.8627471924,,,,,,,,,0.78125,0.0,-3.90625,-3.125
41.8155068148,484,885,972300,42.2773458333,-83.74861,17.0,18.7800006866,1694.0,36.8627471924,,,,,,,,,0.78125,0.0,-3.90625,-3.125
41.8155068148,484,885,972400,42.2773458333,-83.74861,17.0,17.3199996948,1694.0,36.8627471924,,,,,,,,,0.78125,0.0,-3.90625,-3.125
41.8155068148,484,885,973500,42.2773458333,-83.74861,19.0,17.3199996948,1694.0,27.4509811401,,,,,,,,,0.78125,0.0,-3.90625,-3.125
41.8155068148,484,885,974100,42.2774691667,-83.7485630556,19.0,17.3199996948,1694.0,27.4509811401,,,,,,,,,0.78125,0.0,-3.90625,-3.125
41.8155068148,484,885,974300,42.2774691667,-83.7485630556,19.0,17.3199996948,1413.0,27.4509811401,,,,,,,,,0.78125,0.0,-3.90625,-3.125
41.8155068148,484,885,974400,42.2774691667,-83.7485630556,19.0,17.2299995422,1413.0,27.4509811401,,,,,,,,,0.78125,0.0,-3.90625,-3.125
41.8155068148,484,885,974600,42.2774691667,-83.7485630556,21.0,17.2299995422,1413.0,27.4509811401,,,,,,,,,0.78125,0.0,-3.90625,-3.125
41.8155068148,484,885,975600,42.2774691667,-83.7485630556,23.0,17.2299995422,1413.0,27.4509811401,,,,,,,,,0.78125,0.0,-3.90625,-3.125
41.8155068148,484,885,976400,42.2774691667,-83.7485630556,23.0,6.11000013351,1161.0,27.4509811401,,,,,,,,,0.78125,0.0,-3.90625,-3.125
41.8155068148,484,885,977100,42.2776536111,-83.7485469444,23.0,6.11000013351,1161.0,27.4509811401,,,,,,,,,0.78125,0.0,-3.90625,-3.125
41.8155068148,484,885,978500,42.2776536111,-83.7485469444,23.0,10.1400003433,1254.0,27.4509811401,,,,,,,,,0.78125,0.0,-3.90625,-3.125
41.8155068148,484,885,978600,42.2776536111,-83.7485469444,23.0,10.1400003433,1254.0,27.0588245392,,,,,,,,,0.78125,0.0,-3.90625,-3.125
41.8155068148,484,885,978700,42.2776536111,-83.7485469444,22.0,10.1400003433,1254.0,27.0588245392,,,,,,,,,0.78125,0.0,-3.90625,-3.125
41.8155068148,484,885,979500,42.2776536111,-83.7485469444,22.0,10.1400003433,1254.0,27.0588245392,,,,,,,,,1.5625,2.34375,-3.90625,-3.125
