DayNum,VehId,Trip,Timestamp(ms),Latitude[deg],Longitude[deg],Vehicle Speed[km/h],MAF[g/sec],Engine RPM[RPM],Absolute Load[%],OAT[DegC],Fuel Rate[L/hr],Air Conditioning Power[kW],Air Conditioning Power[Watts],Heater Power[Watts],HV Battery Current[A],HV Battery SOC[%],HV Battery Voltage[V],Short Term Fuel Trim Bank 1[%],Short Term Fuel Trim Bank 2[%],Long Term Fuel Trim Bank 1[%],Long Term Fuel Trim Bank 2[%]
281.683497944,565,2052,0,42.2440011111,-83.7393341667,55.0,21.3099994659,2531.0,70.9803924561,,,,,,,,,7.03125,,3.90625,
281.683497944,565,2052,600,42.2440011111,-83.7393341667,55.0,21.3099994659,2496.0,70.9803924561,,,,,,,,,7.03125,,3.90625,
281.683497944,565,2052,700,42.2440011111,-83.7393341667,55.0,26.8999996185,2496.0,79.6078414917,,,,,,,,,7.03125,,3.90625,
281.683497944,565,2052,1000,42.2440011111,-83.7393341667,59.0,26.8999996185,2496.0,79.6078414917,,,,,,,,,7.03125,,3.90625,
281.683497944,565,2052,2000,42.2440011111,-83.7393341667,63.0,26.8999996185,2496.0,79.6078414917,,,,,,,,,7.03125,,3.90625,
281.683497944,565,2052,2300,42.2435575,-83.7393522222,63.0,26.8999996185,2496.0,79.6078414917,,,,,,,,,7.03125,,3.90625,
281.683497944,565,2052,2600,42.2435575,-83.7393522222,63.0,26.8999996185,1980.0,79.6078414917,,,,,,,,,7.03125,,3.90625,
281.683497944,565,2052,2700,42.2435575,-83.7393522222,63.0,6.81999969482,1980.0,79.6078414917,,,,,,,,,7.03125,,3.90625,
281.683497944,565,2052,4600,42.2435575,-83.7393522222,63.0,6.81999969482,1452.0,79.6078414917,,,,,,,,,7.03125,,3.90625,
281.683497944,565,2052,4700,42.2435575,-83.7393522222,63.0,1.90999996662,1452.0,79.6078414917,,,,,,,,,7.03125,,3.90625,
281.683497944,565,2052,5200,42.2435575,-83.7393522222,60.0,1.90999996662,1452.0,79.6078414917,,,,,,,,,7.03125,,3.90625,
281.683497944,565,2052,5300,42.2430958333,-83.7394055556,60.0,1.90999996662,1452.0,79.6078414917,,,,,,,,,7.03125,,3.90625,
281.683497944,565,2052,5700,42.2430958333,-83.7394055556,60.0,1.90999996662,1452.0,10.1960783005,,,,,,,,,7.03125,,3.90625,
281.683497944,565,2052,6100,42.2430958333,-83.7394055556,60.0,1.90999996662,1452.0,10.1960783005,,,,,,,,,3.125,,3.90625,
281.683497944,565,2052,6600,42.2430958333,-83.7394055556,60.0,1.90999996662,1988.0,10.1960783005,,,,,,,,,3.125,,3.90625,
281.683497944,565,2052,6700,42.2430958333,-83.7394055556,60.0,18.1999988556,1988.0,10.1960783005,,,,,,,,,3.125,,3.90625,
281.683497944,565,2052,7200,42.2430958333,-83.7394055556,63.0,18.1999988556,1988.0,10.1960783005,,,,,,,,,3.125,,3.90625,
281.683497944,565,2052,8400,42.2426388889,-83.7394183333,63.0,18.1999988556,1988.0,10.1960783005,,,,,,,,,3.125,,3.90625,
281.683497944,565,2052,8600,42.2426388889,-83.7394183333,63.0,18.1999988556,1583.0,10.1960783005,,,,,,,,,3.125,,3.90625,
281.683497944,565,2052,8700,42.2426388889,-83.7394183333,63.0,4.21000003815,1583.0,10.1960783005,,,,,,,,,3.125,,3.90625,
281.683497944,565,2052,9300,42.2426388889,-83.7394183333,64.0,4.21000003815,1583.0,10.1960783005,,,,,,,,,3.125,,3.90625,
281.683497944,565,2052,10600,42.2426388889,-83.7394183333,64.0,4.21000003815,1295.0,10.1960783005,,,,,,,,,3.125,,3.90625,
281.683497944,565,2052,10700,42.2426388889,-83.7394183333,64.0,4.03999996185,1295.0,10.1960783005,,,,,,,,,3.125,,3.90625,
281.683497944,565,2052,10800,42.2426388889,-83.7394183333,64.0,4.03999996185,1295.0,23.5294113159,,,,,,,,,3.125,,3.90625,
281.683497944,565,2052,11200,42.2426388889,-83.7394183333,64.0,4.03999996185,1295.0,23.5294113159,,,,,,,,,5.46875,,3.90625,
281.683497944,565,2052,11400,42.2421611111,-83.7394122222,64.0,4.03999996185,1295.0,23.5294113159,,,,,,,,,5.46875,,3.90625,
281.683497944,565,2052,12400,42.2421611111,-83.7394122222,66.0,4.03999996185,1295.0,23.5294113159,,,,,,,,,5.46875,,3.90625,
281.683497944,565,2052,12600,42.2421611111,-83.7394122222,66.0,4.03999996185,1752.0,23.5294113159,,,,,,,,,5.46875,,3.90625,
281.683497944,565,2052,12700,42.2421611111,-83.7394122222,66.0,16.4799995422,1752.0,23.5294113159,,,,,,,,,5.46875,,3.90625,
281.683497944,565,2052,13500,42.2421611111,-83.7394122222,68.0,16.4799995422,1752.0,23.5294113159,,,,,,,,,5.46875,,3.90625,
281.683497944,565,2052,14300,42.2416627778,-83.7393941667,68.0,16.4799995422,1752.0,23.5294113159,,,,,,,,,5.46875,,3.90625,
281.683497944,565,2052,14600,42.2416627778,-83.7393941667,68.0,16.4799995422,1970.0,23.5294113159,,,,,,,,,5.46875,,3.90625,
281.683497944,565,2052,14700,42.2416627778,-83.7393941667,68.0,19.1700000763,1970.0,23.5294113159,,,,,,,,,5.46875,,3.90625,
281.683497944,565,2052,15600,42.2416627778,-83.7393941667,70.0,19.1700000763,1970.0,23.5294113159,,,,,,,,,5.46875,,3.90625,
281.683497944,565,2052,15800,42.2416627778,-83.7393941667,70.0,19.1700000763,1970.0,12.9411764145,,,,,,,,,5.46875,,3.90625,
281.683497944,565,2052,16200,42.2416627778,-83.7393941667,70.0,19.1700000763,1970.0,12.9411764145,,,,,,,,,8.59375,,3.90625,
281.683497944,565,2052,16600,42.2416627778,-83.7393941667,68.0,19.1700000763,1586.0,12.9411764145,,,,,,,,,8.59375,,3.90625,
281.683497944,565,2052,16700,42.2416627778,-83.7393941667,68.0,1.9699999094,1586.0,12.9411764145,,,,,,,,,8.59375,,3.90625,
281.683497944,565,2052,17300,42.2411472222,-83.7393819444,68.0,1.9699999094,1586.0,12.9411764145,,,,,,,,,8.59375,,3.90625,
281.683497944,565,2052,17600,42.2411472222,-83.7393819444,67.0,1.9699999094,1586.0,12.9411764145,,,,,,,,,8.59375,,3.90625,
281.683497944,565,2052,18600,42.2411472222,-83.7393819444,67.0,1.9699999094,1336.0,12.9411764145,,,,,,,,,8.59375,,3.90625,
281.683497944,565,2052,18700,42.2411472222,-83.7393819444,66.0,0.419999986887,1336.0,12.9411764145,,,,,,,,,8.59375,,3.90625,
281.683497944,565,2052,20400,42.2406538889,-83.7393683333,66.0,0.419999986887,1336.0,12.9411764145,,,,,,,,,8.59375,,3.90625,
281.683497944,565,2052,20600,42.2406538889,-83.7393683333,66.0,0.419999986887,1398.0,12.9411764145,,,,,,,,,8.59375,,3.90625,
281.683497944,565,2052,20700,42.2406538889,-83.7393683333,66.0,10.25,1398.0,12.9411764145,,,,,,,,,8.59375,,3.90625,
281.683497944,565,2052,20800,42.2406538889,-83.7393683333,68.0,10.25,1398.0,54.509803772,,,,,,,,,8.59375,,3.90625,
281.683497944,565,2052,21200,42.2406538889,-83.7393683333,68.0,10.25,1398.0,54.509803772,,,,,,,,,0.0,,3.90625,
281.683497944,565,2052,21800,42.2406538889,-83.7393683333,69.0,10.25,1398.0,54.509803772,,,,,,,,,0.0,,3.90625,
281.683497944,565,2052,22600,42.2406538889,-83.7393683333,69.0,10.25,1549.0,54.509803772,,,,,,,,,0.0,,3.90625,
281.683497944,565,2052,22700,42.2406538889,-83.7393683333,69.0,10.1199998856,1549.0,54.509803772,,,,,,,,,0.0,,3.90625,
281.683497944,565,2052,22800,42.2406538889,-83.7393683333,70.0,10.1199998856,1549.0,54.509803772,,,,,,,,,0.0,,3.90625,
281.683497944,565,2052,23400,42.2401475,-83.7393541667,70.0,10.1199998856,1549.0,54.509803772,,,,,,,,,0.0,,3.90625,
281.683497944,565,2052,23900,42.2401475,-83.7393541667,72.0,10.1199998856,1549.0,54.509803772,,,,,,,,,0.0,,3.90625,
281.683497944,565,2052,24600,42.2401475,-83.7393541667,72.0,10.1199998856,1802.0,54.509803772,,,,,,,,,0.0,,3.90625,
281.683497944,565,2052,24700,42.2401475,-83.7393541667,72.0,9.77999973297,1802.0,54.509803772,,,,,,,,,0.0,,3.90625,
281.683497944,565,2052,25900,42.2401475,-83.7393541667,72.0,9.77999973297,1802.0,32.1568641663,,,,,,,,,0.0,,3.90625,
281.683497944,565,2052,26000,42.2401475,-83.7393541667,73.0,9.77999973297,1802.0,32.1568641663,,,,,,,,,0.0,,3.90625,
281.683497944,565,2052,26300,42.2396091667,-83.7393497222,73.0,9.77999973297,1802.0,32.1568641663,,,,,,,,,5.46875,,3.90625,
281.683497944,565,2052,26600,42.2396091667,-83.7393497222,73.0,9.77999973297,1484.0,32.1568641663,,,,,,,,,5.46875,,3.90625,
281.683497944,565,2052,26700,42.2396091667,-83.7393497222,73.0,6.08999967575,1484.0,32.1568641663,,,,,,,,,5.46875,,3.90625,
281.683497944,565,2052,28600,42.2396091667,-83.7393497222,73.0,6.08999967575,1470.0,32.1568641663,,,,,,,,,5.46875,,3.90625,
281.683497944,565,2052,28700,42.2396091667,-83.7393497222,73.0,6.17999982834,1470.0,32.1568641663,,,,,,,,,5.46875,,3.90625,
281.683497944,565,2052,29300,42.2390644444,-83.7393316667,73.0,6.17999982834,1470.0,32.1568641663,,,,,,,,,5.46875,,3.90625,
281.683497944,565,2052,30600,42.2390644444,-83.7393316667,73.0,6.17999982834,1950.0,32.1568641663,,,,,,,,,5.46875,,3.90625,
281.683497944,565,2052,30700,42.2390644444,-83.7393316667,73.0,17.6999988556,1950.0,32.1568641663,,,,,,,,,5.46875,,3.90625,
281.683497944,565,2052,31000,42.2390644444,-83.7393316667,73.0,17.6999988556,1950.0,68.2352981567,,,,,,,,,5.46875,,3.90625,
281.683497944,565,2052,31200,42.2390644444,-83.7393316667,74.0,17.6999988556,1950.0,68.2352981567,,,,,,,,,5.46875,,3.90625,
281.683497944,565,2052,31300,42.2390644444,-83.7393316667,74.0,17.6999988556,1950.0,68.2352981567,,,,,,,,,3.125,,3.90625,
281.683497944,565,2052,32400,42.2385152778,-83.7393105556,74.0,17.6999988556,1950.0,68.2352981567,,,,,,,,,3.125,,3.90625,
281.683497944,565,2052,32600,42.2385152778,-83.7393105556,74.0,17.6999988556,1881.0,68.2352981567,,,,,,,,,3.125,,3.90625,
281.683497944,565,2052,32800,42.2385152778,-83.7393105556,74.0,12.8800001144,1881.0,68.2352981567,,,,,,,,,3.125,,3.90625,
281.683497944,565,2052,33400,42.2385152778,-83.7393105556,75.0,12.8800001144,1881.0,68.2352981567,,,,,,,,,3.125,,3.90625,
281.683497944,565,2052,34400,42.2385152778,-83.7393105556,74.0,12.8800001144,1881.0,68.2352981567,,,,,,,,,3.125,,3.90625,
281.683497944,565,2052,34700,42.2385152778,-83.7393105556,74.0,12.8800001144,1493.0,68.2352981567,,,,,,,,,3.125,,3.90625,
281.683497944,565,2052,34800,42.2385152778,-83.7393105556,74.0,5.73000001907,1493.0,68.2352981567,,,,,,,,,3.125,,3.90625,
281.683497944,565,2052,35300,42.2379633333,-83.73929,74.0,5.73000001907,1493.0,68.2352981567,,,,,,,,,3.125,,3.90625,
281.683497944,565,2052,35400,42.2379633333,-83.73929,72.0,5.73000001907,1493.0,68.2352981567,,,,,,,,,3.125,,3.90625,
281.683497944,565,2052,36000,42.2379633333,-83.73929,72.0,5.73000001907,1493.0,0.0,,,,,,,,,3.125,,3.90625,
281.683497944,565,2052,36300,42.2379633333,-83.73929,72.0,5.73000001907,1493.0,0.0,,,,,,,,,5.46875,,3.90625,
281.683497944,565,2052,36500,42.2379633333,-83.73929,68.0,5.73000001907,1493.0,0.0,,,,,,,,,5.46875,,3.90625,
281.683497944,565,2052,36700,42.2379633333,-83.73929,68.0,5.73000001907,1383.0,0.0,,,,,,,,,5.46875,,3.90625,
281.683497944,565,2052,36800,42.2379633333,-83.73929,68.0,1.42999994755,1383.0,0.0,,,,,,,,,5.46875,,3.90625,
281.683497944,565,2052,37500,42.2379633333,-83.73929,62.0,1.42999994755,1383.0,0.0,,,,,,,,,5.46875,,3.90625,
281.683497944,565,2052,38400,42.2374611111,-83.7392725,62.0,1.42999994755,1383.0,0.0,,,,,,,,,5.46875,,3.90625,
281.683497944,565,2052,38600,42.2374611111,-83.7392725,52.0,1.42999994755,1383.0,0.0,,,,,,,,,5.46875,,3.90625,
281.683497944,565,2052,38700,42.2374611111,-83.7392725,52.0,1.42999994755,1308.0,0.0,,,,,,,,,5.46875,,3.90625,
281.683497944,565,2052,38800,42.2374611111,-83.7392725,52.0,0.399999976158,1308.0,0.0,,,,,,,,,5.46875,,3.90625,
281.683497944,565,2052,39600,42.2374611111,-83.7392725,47.0,0.399999976158,1308.0,0.0,,,,,,,,,5.46875,,3.90625,
281.683497944,565,2052,40600,42.2374611111,-83.7392725,44.0,0.399999976158,1308.0,0.0,,,,,,,,,5.46875,,3.90625,
281.683497944,565,2052,40700,42.2374611111,-83.7392725,44.0,0.399999976158,1322.0,0.0,,,,,,,,,5.46875,,3.90625,
281.683497944,565,2052,40800,42.2374611111,-83.7392725,44.0,0.389999985695,1322.0,0.0,,,,,,,,,5.46875,,3.90625,
281.683497944,565,2052,41400,42.2371016667,-83.7392616667,44.0,0.389999985695,1322.0,0.0,,,,,,,,,0.0,,3.90625,
281.683497944,565,2052,42700,42.2371016667,-83.7392616667,45.0,0.389999985695,1378.0,0.0,,,,,,,,,0.0,,3.90625,
281.683497944,565,2052,42800,42.2371016667,-83.7392616667,45.0,9.1799993515,1378.0,0.0,,,,,,,,,0.0,,3.90625,
281.683497944,565,2052,43800,42.2371016667,-83.7392616667,46.0,9.1799993515,1378.0,0.0,,,,,,,,,0.0,,3.90625,
281.683497944,565,2052,44400,42.2367669444,-83.7392544444,46.0,9.1799993515,1378.0,0.0,,,,,,,,,0.0,,3.90625,
281.683497944,565,2052,44700,42.2367669444,-83.7392544444,46.0,9.1799993515,1227.0,0.0,,,,,,,,,0.0,,3.90625,
281.683497944,565,2052,44800,42.2367669444,-83.7392544444,47.0,7.08999967575,1227.0,0.0,,,,,,,,,0.0,,3.90625,
281.683497944,565,2052,45800,42.2367669444,-83.7392544444,49.0,7.08999967575,1227.0,0.0,,,,,,,,,0.0,,3.90625,
281.683497944,565,2052,46100,42.2367669444,-83.7392544444,49.0,7.08999967575,1227.0,46.6666679382,,,,,,,,,0.0,,3.90625,
281.683497944,565,2052,46400,42.2367669444,-83.7392544444,49.0,7.08999967575,1227.0,46.6666679382,,,,,,,,,-6.25,,3.90625,
281.683497944,565,2052,46700,42.2367669444,-83.7392544444,49.0,7.08999967575,1199.0,46.6666679382,,,,,,,,,-6.25,,3.90625,
281.683497944,565,2052,46800,42.2367669444,-83.7392544444,49.0,1.9699999094,1199.0,46.6666679382,,,,,,,,,-6.25,,3.90625,
281.683497944,565,2052,46900,42.2367669444,-83.7392544444,48.0,1.9699999094,1199.0,46.6666679382,,,,,,,,,-6.25,,3.90625,
281.683497944,565,2052,47400,42.2364069444,-83.7392477778,48.0,1.9699999094,1199.0,46.6666679382,,,,,,,,,-6.25,,3.90625,
281.683497944,565,2052,47900,42.2364069444,-83.7392477778,47.0,1.9699999094,1199.0,46.6666679382,,,,,,,,,-6.25,,3.90625,
281.683497944,565,2052,48700,42.2364069444,-83.7392477778,47.0,1.9699999094,1275.0,46.6666679382,,,,,,,,,-6.25,,3.90625,
281.683497944,565,2052,48800,42.2364069444,-83.7392477778,47.0,0.560000002384,1275.0,46.6666679382,,,,,,,,,-6.25,,3.90625,
281.683497944,565,2052,50000,42.2364069444,-83.7392477778,46.0,0.560000002384,1275.0,46.6666679382,,,,,,,,,-6.25,,3.90625,
281.683497944,565,2052,50500,42.2364069444,-83.7392477778,46.0,0.560000002384,1275.0,46.6666679382,,,,,,,,,-6.25,,3.90625,
281.683497944,565,2052,50700,42.2364069444,-83.7392477778,46.0,0.560000002384,1153.0,46.6666679382,,,,,,,,,-6.25,,3.90625,
281.683497944,565,2052,50800,42.2364069444,-83.7392477778,46.0,0.399999976158,1153.0,46.6666679382,,,,,,,,,-6.25,,3.90625,
281.683497944,565,2052,51000,42.2364069444,-83.7392477778,47.0,0.399999976158,1153.0,46.6666679382,,,,,,,,,-6.25,,3.90625,
281.683497944,565,2052,51100,42.2364069444,-83.7392477778,47.0,0.399999976158,1153.0,0.0,,,,,,,,,-6.25,,3.90625,
281.683497944,565,2052,51300,42.2359411111,-83.7392425,47.0,0.399999976158,1153.0,0.0,,,,,,,,,-6.25,,3.90625,
281.683497944,565,2052,51400,42.2359411111,-83.7392425,47.0,0.399999976158,1153.0,0.0,,,,,,,,,0.0,,3.90625,
281.683497944,565,2052,52100,42.2359411111,-83.7392425,48.0,0.399999976158,1153.0,0.0,,,,,,,,,0.0,,3.90625,
281.683497944,565,2052,52700,42.2359411111,-83.7392425,48.0,0.399999976158,1420.0,0.0,,,,,,,,,0.0,,3.90625,
281.683497944,565,2052,52800,42.2359411111,-83.7392425,48.0,1.81999993324,1420.0,0.0,,,,,,,,,0.0,,3.90625,
281.683497944,565,2052,53100,42.2359411111,-83.7392425,49.0,1.81999993324,1420.0,0.0,,,,,,,,,0.0,,3.90625,
281.683497944,565,2052,54200,42.2359411111,-83.7392425,44.0,1.81999993324,1420.0,0.0,,,,,,,,,0.0,,3.90625,
281.683497944,565,2052,54300,42.2355908333,-83.7392286111,44.0,1.81999993324,1420.0,0.0,,,,,,,,,0.0,,3.90625,
281.683497944,565,2052,54700,42.2355908333,-83.7392286111,44.0,1.81999993324,1281.0,0.0,,,,,,,,,0.0,,3.90625,
281.683497944,565,2052,54800,42.2355908333,-83.7392286111,44.0,0.42999997735,1281.0,0.0,,,,,,,,,0.0,,3.90625,
281.683497944,565,2052,55200,42.2355908333,-83.7392286111,41.0,0.42999997735,1281.0,0.0,,,,,,,,,0.0,,3.90625,
281.683497944,565,2052,56200,42.2355908333,-83.7392286111,40.0,0.42999997735,1281.0,0.0,,,,,,,,,0.0,,3.90625,
281.683497944,565,2052,56700,42.2355908333,-83.7392286111,40.0,0.42999997735,1331.0,0.0,,,,,,,,,0.0,,3.90625,
281.683497944,565,2052,56800,42.2355908333,-83.7392286111,40.0,0.389999985695,1331.0,0.0,,,,,,,,,0.0,,3.90625,
281.683497944,565,2052,57300,42.2355908333,-83.7392286111,39.0,0.389999985695,1331.0,0.0,,,,,,,,,0.0,,3.90625,
281.683497944,565,2052,57400,42.2352852778,-83.7392205556,39.0,0.389999985695,1331.0,0.0,,,,,,,,,0.0,,3.90625,
281.683497944,565,2052,58700,42.2352852778,-83.7392205556,39.0,0.389999985695,1181.0,0.0,,,,,,,,,0.0,,3.90625,
281.683497944,565,2052,58800,42.2352852778,-83.7392205556,39.0,0.340000003576,1181.0,0.0,,,,,,,,,0.0,,3.90625,
281.683497944,565,2052,59400,42.2352852778,-83.7392205556,40.0,0.340000003576,1181.0,0.0,,,,,,,,,0.0,,3.90625,
281.683497944,565,2052,60400,42.23499,-83.7392041667,41.0,0.340000003576,1181.0,0.0,,,,,,,,,0.0,,3.90625,
281.683497944,565,2052,60700,42.23499,-83.7392041667,41.0,0.340000003576,1283.0,0.0,,,,,,,,,0.0,,3.90625,
281.683497944,565,2052,60800,42.23499,-83.7392041667,41.0,8.01000022888,1283.0,0.0,,,,,,,,,0.0,,3.90625,
281.683497944,565,2052,61200,42.23499,-83.7392041667,41.0,8.01000022888,1283.0,46.6666679382,,,,,,,,,0.0,,3.90625,
281.683497944,565,2052,61400,42.23499,-83.7392041667,43.0,8.01000022888,1283.0,46.6666679382,,,,,,,,,0.0,,3.90625,
281.683497944,565,2052,62500,42.23499,-83.7392041667,45.0,8.01000022888,1283.0,46.6666679382,,,,,,,,,0.0,,3.90625,
281.683497944,565,2052,62700,42.23499,-83.7392041667,45.0,8.01000022888,1182.0,46.6666679382,,,,,,,,,0.0,,3.90625,
281.683497944,565,2052,62800,42.23499,-83.7392041667,45.0,2.49000000954,1182.0,46.6666679382,,,,,,,,,0.0,,3.90625,
281.683497944,565,2052,63300,42.2346655556,-83.7391916667,45.0,2.49000000954,1182.0,46.6666679382,,,,,,,,,0.0,,3.90625,
281.683497944,565,2052,63500,42.2346655556,-83.7391916667,44.0,2.49000000954,1182.0,46.6666679382,,,,,,,,,0.0,,3.90625,
281.683497944,565,2052,64700,42.2346655556,-83.7391916667,44.0,2.49000000954,1252.0,46.6666679382,,,,,,,,,0.0,,3.90625,
281.683497944,565,2052,64800,42.2346655556,-83.7391916667,44.0,1.61000001431,1252.0,46.6666679382,,,,,,,,,0.0,,3.90625,
281.683497944,565,2052,65600,42.2346655556,-83.7391916667,41.0,1.61000001431,1252.0,46.6666679382,,,,,,,,,0.0,,3.90625,
281.683497944,565,2052,66200,42.2346655556,-83.7391916667,41.0,1.61000001431,1252.0,16.862745285,,,,,,,,,0.0,,3.90625,
281.683497944,565,2052,66400,42.2343455556,-83.7391813889,41.0,1.61000001431,1252.0,16.862745285,,,,,,,,,0.0,,3.90625,
281.683497944,565,2052,66700,42.2343455556,-83.7391813889,41.0,1.61000001431,1215.0,16.862745285,,,,,,,,,0.0,,3.90625,
281.683497944,565,2052,66800,42.2343455556,-83.7391813889,41.0,0.399999976158,1215.0,16.862745285,,,,,,,,,0.0,,3.90625,
281.683497944,565,2052,67800,42.2343455556,-83.7391813889,43.0,0.399999976158,1215.0,16.862745285,,,,,,,,,0.0,,3.90625,
281.683497944,565,2052,68800,42.2343455556,-83.7391813889,43.0,0.399999976158,1540.0,16.862745285,,,,,,,,,0.0,,3.90625,
281.683497944,565,2052,68900,42.2343455556,-83.7391813889,43.0,9.90999984741,1540.0,16.862745285,,,,,,,,,0.0,,3.90625,
281.683497944,565,2052,69400,42.2340230556,-83.7391691667,43.0,9.90999984741,1540.0,16.862745285,,,,,,,,,0.0,,3.90625,
281.683497944,565,2052,70000,42.2340230556,-83.7391691667,46.0,9.90999984741,1540.0,16.862745285,,,,,,,,,0.0,,3.90625,
281.683497944,565,2052,70800,42.2340230556,-83.7391691667,46.0,9.90999984741,1340.0,16.862745285,,,,,,,,,0.0,,3.90625,
281.683497944,565,2052,70900,42.2340230556,-83.7391691667,46.0,6.76999998093,1340.0,16.862745285,,,,,,,,,0.0,,3.90625,
281.683497944,565,2052,71000,42.2340230556,-83.7391691667,48.0,6.76999998093,1340.0,16.862745285,,,,,,,,,0.0,,3.90625,
281.683497944,565,2052,71200,42.2340230556,-83.7391691667,48.0,6.76999998093,1340.0,19.2156867981,,,,,,,,,0.0,,3.90625,
281.683497944,565,2052,71600,42.2340230556,-83.7391691667,48.0,6.76999998093,1340.0,19.2156867981,,,,,,,,,9.375,,3.90625,
281.683497944,565,2052,72300,42.2336683333,-83.7391586111,48.0,6.76999998093,1340.0,19.2156867981,,,,,,,,,9.375,,3.90625,
281.683497944,565,2052,72800,42.2336683333,-83.7391586111,48.0,6.76999998093,1250.0,19.2156867981,,,,,,,,,9.375,,3.90625,
281.683497944,565,2052,72900,42.2336683333,-83.7391586111,48.0,1.18999993801,1250.0,19.2156867981,,,,,,,,,9.375,,3.90625,
281.683497944,565,2052,73100,42.2336683333,-83.7391586111,47.0,1.18999993801,1250.0,19.2156867981,,,,,,,,,9.375,,3.90625,
281.683497944,565,2052,74800,42.2336683333,-83.7391586111,47.0,1.18999993801,1746.0,19.2156867981,,,,,,,,,9.375,,3.90625,
281.683497944,565,2052,74900,42.2336683333,-83.7391586111,47.0,17.3899993896,1746.0,19.2156867981,,,,,,,,,9.375,,3.90625,
281.683497944,565,2052,75200,42.2336683333,-83.7391586111,50.0,17.3899993896,1746.0,19.2156867981,,,,,,,,,9.375,,3.90625,
281.683497944,565,2052,75400,42.2333052778,-83.7391708333,50.0,17.3899993896,1746.0,19.2156867981,,,,,,,,,9.375,,3.90625,
281.683497944,565,2052,76200,42.2333052778,-83.7391708333,53.0,17.3899993896,1746.0,19.2156867981,,,,,,,,,9.375,,3.90625,
281.683497944,565,2052,76300,42.2333052778,-83.7391708333,53.0,17.3899993896,1746.0,71.7647094727,,,,,,,,,9.375,,3.90625,
281.683497944,565,2052,76700,42.2333052778,-83.7391708333,53.0,17.3899993896,1746.0,71.7647094727,,,,,,,,,-7.03125,,3.90625,
281.683497944,565,2052,76800,42.2333052778,-83.7391708333,53.0,17.3899993896,2053.0,71.7647094727,,,,,,,,,-7.03125,,3.90625,
281.683497944,565,2052,76900,42.2333052778,-83.7391708333,53.0,14.1099996567,2053.0,71.7647094727,,,,,,,,,-7.03125,,3.90625,
281.683497944,565,2052,77200,42.2333052778,-83.7391708333,56.0,14.1099996567,2053.0,71.7647094727,,,,,,,,,-7.03125,,3.90625,
281.683497944,565,2052,78300,42.2333052778,-83.7391708333,58.0,14.1099996567,2053.0,71.7647094727,,,,,,,,,-7.03125,,3.90625,
281.683497944,565,2052,78400,42.2328986111,-83.7391916667,58.0,14.1099996567,2053.0,71.7647094727,,,,,,,,,-7.03125,,3.90625,
281.683497944,565,2052,78800,42.2328986111,-83.7391916667,58.0,14.1099996567,1372.0,71.7647094727,,,,,,,,,-7.03125,,3.90625,
281.683497944,565,2052,78900,42.2328986111,-83.7391916667,58.0,7.78999996185,1372.0,71.7647094727,,,,,,,,,-7.03125,,3.90625,
281.683497944,565,2052,80400,42.2328986111,-83.7391916667,59.0,7.78999996185,1372.0,71.7647094727,,,,,,,,,-7.03125,,3.90625,
281.683497944,565,2052,80800,42.2328986111,-83.7391916667,59.0,7.78999996185,1180.0,71.7647094727,,,,,,,,,-7.03125,,3.90625,
281.683497944,565,2052,80900,42.2328986111,-83.7391916667,59.0,4.21000003815,1180.0,71.7647094727,,,,,,,,,-7.03125,,3.90625,
281.683497944,565,2052,81300,42.2324663889,-83.7392222222,59.0,4.21000003815,1180.0,27.0588245392,,,,,,,,,-7.03125,,3.90625,
281.683497944,565,2052,81700,42.2324663889,-83.7392222222,59.0,4.21000003815,1180.0,27.0588245392,,,,,,,,,0.78125,,3.90625,
281.683497944,565,2052,82800,42.2324663889,-83.7392222222,59.0,4.21000003815,1185.0,27.0588245392,,,,,,,,,0.78125,,3.90625,
281.683497944,565,2052,82900,42.2324663889,-83.7392222222,59.0,1.63999998569,1185.0,27.0588245392,,,,,,,,,0.78125,,3.90625,
281.683497944,565,2052,83500,42.2324663889,-83.7392222222,58.0,1.63999998569,1185.0,27.0588245392,,,,,,,,,0.78125,,3.90625,
281.683497944,565,2052,84300,42.2320336111,-83.7392433333,58.0,1.63999998569,1185.0,27.0588245392,,,,,,,,,0.78125,,3.90625,
281.683497944,565,2052,84800,42.2320336111,-83.7392433333,58.0,1.63999998569,1248.0,27.0588245392,,,,,,,,,0.78125,,3.90625,
281.683497944,565,2052,84900,42.2320336111,-83.7392433333,58.0,2.46000003815,1248.0,27.0588245392,,,,,,,,,0.78125,,3.90625,
281.683497944,565,2052,85600,42.2320336111,-83.7392433333,59.0,2.46000003815,1248.0,27.0588245392,,,,,,,,,0.78125,,3.90625,
281.683497944,565,2052,86400,42.2320336111,-83.7392433333,59.0,2.46000003815,1248.0,19.607843399,,,,,,,,,0.78125,,3.90625,
281.683497944,565,2052,86600,42.2320336111,-83.7392433333,60.0,2.46000003815,1248.0,19.607843399,,,,,,,,,0.78125,,3.90625,
281.683497944,565,2052,86800,42.2320336111,-83.7392433333,60.0,2.46000003815,1448.0,19.607843399,,,,,,,,,2.34375,,3.90625,
281.683497944,565,2052,86900,42.2320336111,-83.7392433333,60.0,3.65999984741,1448.0,19.607843399,,,,,,,,,2.34375,,3.90625,
281.683497944,565,2052,87400,42.2315941667,-83.7392494444,60.0,3.65999984741,1448.0,19.607843399,,,,,,,,,2.34375,,3.90625,
281.683497944,565,2052,87600,42.2315941667,-83.7392494444,61.0,3.65999984741,1448.0,19.607843399,,,,,,,,,2.34375,,3.90625,
281.683497944,565,2052,88700,42.2315941667,-83.7392494444,60.0,3.65999984741,1448.0,19.607843399,,,,,,,,,2.34375,,3.90625,
281.683497944,565,2052,88800,42.2315941667,-83.7392494444,60.0,3.65999984741,1240.0,19.607843399,,,,,,,,,2.34375,,3.90625,
281.683497944,565,2052,88900,42.2315941667,-83.7392494444,60.0,1.67999994755,1240.0,19.607843399,,,,,,,,,2.34375,,3.90625,
281.683497944,565,2052,89700,42.2315941667,-83.7392494444,58.0,1.67999994755,1240.0,19.607843399,,,,,,,,,2.34375,,3.90625,
281.683497944,565,2052,90400,42.2311525,-83.7392266667,58.0,1.67999994755,1240.0,19.607843399,,,,,,,,,2.34375,,3.90625,
281.683497944,565,2052,90800,42.2311525,-83.7392266667,57.0,1.67999994755,1162.0,19.607843399,,,,,,,,,2.34375,,3.90625,
281.683497944,565,2052,90900,42.2311525,-83.7392266667,57.0,0.409999996424,1162.0,19.607843399,,,,,,,,,2.34375,,3.90625,
281.683497944,565,2052,91400,42.2311525,-83.7392266667,57.0,0.409999996424,1162.0,0.0,,,,,,,,,2.34375,,3.90625,
281.683497944,565,2052,91800,42.2311525,-83.7392266667,55.0,0.409999996424,1162.0,0.0,,,,,,,,,0.0,,3.90625,
281.683497944,565,2052,92800,42.2311525,-83.7392266667,52.0,0.409999996424,1284.0,0.0,,,,,,,,,0.0,,3.90625,
281.683497944,565,2052,92900,42.2311525,-83.7392266667,52.0,0.389999985695,1284.0,0.0,,,,,,,,,0.0,,3.90625,
281.683497944,565,2052,93300,42.2307536111,-83.7392347222,52.0,0.389999985695,1284.0,0.0,,,,,,,,,0.0,,3.90625,
281.683497944,565,2052,93900,42.2307536111,-83.7392347222,50.0,0.389999985695,1284.0,0.0,,,,,,,,,0.0,,3.90625,
281.683497944,565,2052,94800,42.2307536111,-83.7392347222,50.0,0.389999985695,1237.0,0.0,,,,,,,,,0.0,,3.90625,
281.683497944,565,2052,94900,42.2307536111,-83.7392347222,48.0,0.340000003576,1237.0,0.0,,,,,,,,,0.0,,3.90625,
281.683497944,565,2052,96000,42.2307536111,-83.7392347222,44.0,0.340000003576,1237.0,0.0,,,,,,,,,0.0,,3.90625,
281.683497944,565,2052,96300,42.2303988889,-83.7392227778,44.0,0.340000003576,1237.0,0.0,,,,,,,,,0.0,,3.90625,
281.683497944,565,2052,96800,42.2303988889,-83.7392227778,44.0,0.340000003576,1214.0,0.0,,,,,,,,,0.0,,3.90625,
281.683497944,565,2052,96900,42.2303988889,-83.7392227778,44.0,1.57999992371,1214.0,0.0,,,,,,,,,0.0,,3.90625,
281.683497944,565,2052,97000,42.2303988889,-83.7392227778,38.0,1.57999992371,1214.0,0.0,,,,,,,,,0.0,,3.90625,
281.683497944,565,2052,98000,42.2303988889,-83.7392227778,31.0,1.57999992371,1214.0,0.0,,,,,,,,,0.0,,3.90625,
281.683497944,565,2052,98800,42.2303988889,-83.7392227778,31.0,1.57999992371,1368.0,0.0,,,,,,,,,0.0,,3.90625,
281.683497944,565,2052,98900,42.2303988889,-83.7392227778,31.0,0.689999997616,1368.0,0.0,,,,,,,,,0.0,,3.90625,
281.683497944,565,2052,99100,42.2303988889,-83.7392227778,25.0,0.689999997616,1368.0,0.0,,,,,,,,,0.0,,3.90625,
281.683497944,565,2052,99400,42.23018,-83.7391961111,25.0,0.689999997616,1368.0,0.0,,,,,,,,,0.0,,3.90625,
281.683497944,565,2052,100100,42.23018,-83.7391961111,22.0,0.689999997616,1368.0,0.0,,,,,,,,,0.0,,3.90625,
281.683497944,565,2052,100800,42.23018,-83.7391961111,22.0,0.689999997616,1107.0,0.0,,,,,,,,,0.0,,3.90625,
281.683497944,565,2052,100900,42.23018,-83.7391961111,22.0,0.340000003576,1107.0,0.0,,,,,,,,,0.0,,3.90625,
281.683497944,565,2052,101200,42.23018,-83.7391961111,21.0,0.340000003576,1107.0,0.0,,,,,,,,,0.0,,3.90625,
281.683497944,565,2052,102200,42.23018,-83.7391961111,17.0,0.340000003576,1107.0,0.0,,,,,,,,,0.0,,3.90625,
281.683497944,565,2052,102300,42.2300402778,-83.7391552778,17.0,0.340000003576,1107.0,0.0,,,,,,,,,0.0,,3.90625,
281.683497944,565,2052,102800,42.2300402778,-83.7391552778,17.0,0.340000003576,983.0,0.0,,,,,,,,,0.0,,3.90625,
281.683497944,565,2052,103000,42.2300402778,-83.7391552778,17.0,1.57999992371,983.0,0.0,,,,,,,,,0.0,,3.90625,
281.683497944,565,2052,103300,42.2300402778,-83.7391552778,10.0,1.57999992371,983.0,0.0,,,,,,,,,0.0,,3.90625,
281.683497944,565,2052,104400,42.2300402778,-83.7391552778,7.0,1.57999992371,983.0,0.0,,,,,,,,,0.0,,3.90625,
281.683497944,565,2052,104900,42.2300402778,-83.7391552778,7.0,1.57999992371,0.0,0.0,,,,,,,,,0.0,,3.90625,
281.683497944,565,2052,105000,42.2300402778,-83.7391552778,7.0,1.12999999523,0.0,0.0,,,,,,,,,0.0,,3.90625,
281.683497944,565,2052,105300,42.2299880556,-83.7391438889,7.0,1.12999999523,0.0,0.0,,,,,,,,,0.0,,3.90625,
281.683497944,565,2052,105500,42.2299880556,-83.7391438889,5.0,1.12999999523,0.0,0.0,,,,,,,,,0.0,,3.90625,
281.683497944,565,2052,106500,42.2299880556,-83.7391438889,3.0,1.12999999523,0.0,0.0,,,,,,,,,0.0,,3.90625,
281.683497944,565,2052,107000,42.2299880556,-83.7391438889,3.0,0.289999991655,0.0,0.0,,,,,,,,,0.0,,3.90625,
281.683497944,565,2052,107500,42.2299880556,-83.7391438889,2.0,0.289999991655,0.0,0.0,,,,,,,,,0.0,,3.90625,
281.683497944,565,2052,108600,42.2299880556,-83.7391438889,1.0,0.289999991655,0.0,0.0,,,,,,,,,0.0,,3.90625,
281.683497944,565,2052,109300,42.2299880556,-83.7391438889,0.0,0.289999991655,0.0,0.0,,,,,,,,,0.0,,3.90625,
281.683497944,565,2052,109400,42.2299683333,-83.7391311111,0.0,0.289999991655,0.0,0.0,,,,,,,,,0.0,,3.90625,
281.683497944,565,2052,109800,42.2299683333,-83.7391311111,2.0,0.289999991655,0.0,0.0,,,,,,,,,0.0,,3.90625,
281.683497944,565,2052,109900,42.2299683333,-83.7391311111,2.0,0.289999991655,893.0,0.0,,,,,,,,,0.0,,3.90625,
281.683497944,565,2052,110000,42.2299683333,-83.7391311111,2.0,3.17999982834,893.0,0.0,,,,,,,,,0.0,,3.90625,
281.683497944,565,2052,110100,42.2299683333,-83.7391311111,2.0,3.17999982834,893.0,26.6666679382,,,,,,,,,0.0,,3.90625,
281.683497944,565,2052,110400,42.2299683333,-83.7391311111,2.0,3.17999982834,893.0,26.6666679382,,,,,,,,,3.125,,3.90625,
281.683497944,565,2052,110900,42.2299683333,-83.7391311111,3.0,3.17999982834,893.0,26.6666679382,,,,,,,,,3.125,,3.90625,
281.683497944,565,2052,111900,42.2299683333,-83.7391311111,3.0,3.17999982834,876.0,26.6666679382,,,,,,,,,3.125,,3.90625,
281.683497944,565,2052,112000,42.2299683333,-83.7391311111,3.0,2.90999984741,876.0,26.6666679382,,,,,,,,,3.125,,3.90625,
281.683497944,565,2052,112400,42.2299452778,-83.7391208333,3.0,2.90999984741,876.0,26.6666679382,,,,,,,,,3.125,,3.90625,
281.683497944,565,2052,113000,42.2299452778,-83.7391208333,6.0,2.90999984741,876.0,26.6666679382,,,,,,,,,3.125,,3.90625,
281.683497944,565,2052,113900,42.2299452778,-83.7391208333,6.0,2.90999984741,1061.0,26.6666679382,,,,,,,,,3.125,,3.90625,
281.683497944,565,2052,114000,42.2299452778,-83.7391208333,8.0,5.15000009537,1061.0,26.6666679382,,,,,,,,,3.125,,3.90625,
281.683497944,565,2052,115000,42.2299452778,-83.7391208333,9.0,5.15000009537,1061.0,26.6666679382,,,,,,,,,3.125,,3.90625,
281.683497944,565,2052,115100,42.2299452778,-83.7391208333,9.0,5.15000009537,1061.0,43.9215698242,,,,,,,,,3.125,,3.90625,
281.683497944,565,2052,115300,42.2298833333,-83.7391011111,9.0,5.15000009537,1061.0,43.9215698242,,,,,,,,,3.125,,3.90625,
281.683497944,565,2052,115900,42.2298833333,-83.7391011111,9.0,5.15000009537,1043.0,43.9215698242,,,,,,,,,3.125,,3.90625,
281.683497944,565,2052,116000,42.2298833333,-83.7391011111,9.0,3.92999982834,1043.0,43.9215698242,,,,,,,,,3.125,,3.90625,
281.683497944,565,2052,116100,42.2298833333,-83.7391011111,11.0,3.92999982834,1043.0,43.9215698242,,,,,,,,,3.125,,3.90625,
281.683497944,565,2052,117100,42.2298833333,-83.7391011111,12.0,3.92999982834,1043.0,43.9215698242,,,,,,,,,3.125,,3.90625,
281.683497944,565,2052,117900,42.2298833333,-83.7391011111,12.0,3.92999982834,853.0,43.9215698242,,,,,,,,,3.125,,3.90625,
281.683497944,565,2052,118000,42.2298833333,-83.7391011111,12.0,3.17999982834,853.0,43.9215698242,,,,,,,,,3.125,,3.90625,
281.683497944,565,2052,118200,42.2298833333,-83.7391011111,10.0,3.17999982834,853.0,43.9215698242,,,,,,,,,3.125,,3.90625,
281.683497944,565,2052,118300,42.2298025,-83.7390791667,10.0,3.17999982834,853.0,43.9215698242,,,,,,,,,3.125,,3.90625,
281.683497944,565,2052,119200,42.2298025,-83.7390791667,11.0,3.17999982834,853.0,43.9215698242,,,,,,,,,3.125,,3.90625,
281.683497944,565,2052,119900,42.2298025,-83.7390791667,11.0,3.17999982834,1140.0,43.9215698242,,,,,,,,,3.125,,3.90625,
281.683497944,565,2052,120000,42.2298025,-83.7390791667,11.0,4.48999977112,1140.0,43.9215698242,,,,,,,,,3.125,,3.90625,
281.683497944,565,2052,120200,42.2298025,-83.7390791667,12.0,4.48999977112,1140.0,29.8039226532,,,,,,,,,3.125,,3.90625,
281.683497944,565,2052,120500,42.2298025,-83.7390791667,12.0,4.48999977112,1140.0,29.8039226532,,,,,,,,,4.6875,,3.90625,
281.683497944,565,2052,121400,42.2297208333,-83.7390786111,12.0,4.48999977112,1140.0,29.8039226532,,,,,,,,,4.6875,,3.90625,
281.683497944,565,2052,121900,42.2297208333,-83.7390786111,12.0,4.48999977112,623.0,29.8039226532,,,,,,,,,4.6875,,3.90625,
281.683497944,565,2052,122000,42.2297208333,-83.7390786111,12.0,1.58999991417,623.0,29.8039226532,,,,,,,,,4.6875,,3.90625,
281.683497944,565,2052,122300,42.2297208333,-83.7390786111,8.0,1.58999991417,623.0,29.8039226532,,,,,,,,,4.6875,,3.90625,
281.683497944,565,2052,123400,42.2297208333,-83.7390786111,2.0,1.58999991417,623.0,29.8039226532,,,,,,,,,4.6875,,3.90625,
281.683497944,565,2052,123900,42.2297208333,-83.7390786111,0.0,1.58999991417,0.0,29.8039226532,,,,,,,,,4.6875,,3.90625,
281.683497944,565,2052,124000,42.2297208333,-83.7390786111,0.0,0.389999985695,0.0,29.8039226532,,,,,,,,,4.6875,,3.90625,
281.683497944,565,2052,124100,42.2297208333,-83.7390786111,0.0,0.389999985695,0.0,0.0,,,,,,,,,4.6875,,3.90625,
281.683497944,565,2052,124400,42.2297208333,-83.7390786111,0.0,0.389999985695,0.0,0.0,,,,,,,,,0.0,,3.90625,
281.683497944,565,2052,129000,42.2297208333,-83.7390786111,0.0,0.259999990463,0.0,0.0,,,,,,,,,0.0,,3.90625,
281.683497944,565,2052,130400,42.2296963889,-83.7390783333,0.0,0.259999990463,0.0,0.0,,,,,,,,,0.0,,3.90625,
281.683497944,565,2052,130600,42.2296963889,-83.7390783333,1.0,0.259999990463,878.0,0.0,,,,,,,,,0.0,,3.90625,
281.683497944,565,2052,130700,42.2296963889,-83.7390783333,1.0,9.10999965668,878.0,0.0,,,,,,,,,0.0,,3.90625,
281.683497944,565,2052,130800,42.2296963889,-83.7390783333,1.0,9.10999965668,878.0,69.8039245605,,,,,,,,,0.0,,3.90625,
281.683497944,565,2052,131100,42.2296963889,-83.7390783333,1.0,9.10999965668,878.0,69.8039245605,,,,,,,,,1.5625,,3.90625,
281.683497944,565,2052,132600,42.2296963889,-83.7390783333,7.0,9.10999965668,1154.0,69.8039245605,,,,,,,,,1.5625,,3.90625,
281.683497944,565,2052,132700,42.2296963889,-83.7390783333,7.0,4.61999988556,1154.0,69.8039245605,,,,,,,,,1.5625,,3.90625,
281.683497944,565,2052,133400,42.2296458333,-83.7390886111,7.0,4.61999988556,1154.0,69.8039245605,,,,,,,,,1.5625,,3.90625,
281.683497944,565,2052,133700,42.2296458333,-83.7390886111,12.0,4.61999988556,1154.0,69.8039245605,,,,,,,,,1.5625,,3.90625,
281.683497944,565,2052,134600,42.2296458333,-83.7390886111,12.0,4.61999988556,1554.0,69.8039245605,,,,,,,,,1.5625,,3.90625,
281.683497944,565,2052,134700,42.2296458333,-83.7390886111,19.0,12.6499996185,1554.0,69.8039245605,,,,,,,,,1.5625,,3.90625,
281.683497944,565,2052,135800,42.2296458333,-83.7390886111,24.0,12.6499996185,1554.0,52.5490188599,,,,,,,,,1.5625,,3.90625,
281.683497944,565,2052,136400,42.2294958333,-83.7391805556,24.0,12.6499996185,1554.0,52.5490188599,,,,,,,,,1.5625,,3.90625,
281.683497944,565,2052,136700,42.2294958333,-83.7391805556,24.0,12.6499996185,1117.0,52.5490188599,,,,,,,,,1.5625,,3.90625,
281.683497944,565,2052,136800,42.2294958333,-83.7391805556,26.0,1.67999994755,1117.0,52.5490188599,,,,,,,,,1.5625,,3.90625,
281.683497944,565,2052,137900,42.2294958333,-83.7391805556,25.0,1.67999994755,1117.0,52.5490188599,,,,,,,,,1.5625,,3.90625,
281.683497944,565,2052,138700,42.2294958333,-83.7391805556,25.0,1.67999994755,1173.0,52.5490188599,,,,,,,,,1.5625,,3.90625,
281.683497944,565,2052,138800,42.2294958333,-83.7391805556,25.0,12.1099996567,1173.0,52.5490188599,,,,,,,,,1.5625,,3.90625,
281.683497944,565,2052,139400,42.229305,-83.7391791667,25.0,12.1099996567,1173.0,52.5490188599,,,,,,,,,1.5625,,3.90625,
281.683497944,565,2052,140000,42.229305,-83.7391791667,28.0,12.1099996567,1173.0,52.5490188599,,,,,,,,,1.5625,,3.90625,
281.683497944,565,2052,140800,42.229305,-83.7391791667,28.0,12.1099996567,1142.0,52.5490188599,,,,,,,,,1.5625,,3.90625,
281.683497944,565,2052,140900,42.229305,-83.7391791667,28.0,2.97000002861,1142.0,14.509803772,,,,,,,,,1.5625,,3.90625,
281.683497944,565,2052,141200,42.229305,-83.7391791667,28.0,2.97000002861,1142.0,14.509803772,,,,,,,,,0.0,,3.90625,
281.683497944,565,2052,142100,42.229305,-83.7391791667,26.0,2.97000002861,1142.0,14.509803772,,,,,,,,,0.0,,3.90625,
281.683497944,565,2052,142400,42.2292333333,-83.7389508333,26.0,2.97000002861,1142.0,14.509803772,,,,,,,,,0.0,,3.90625,
281.683497944,565,2052,142800,42.2292333333,-83.7389508333,26.0,2.97000002861,1236.0,14.509803772,,,,,,,,,0.0,,3.90625,
281.683497944,565,2052,142900,42.2292333333,-83.7389508333,26.0,4.06999969482,1236.0,14.509803772,,,,,,,,,0.0,,3.90625,
281.683497944,565,2052,144200,42.2292333333,-83.7389508333,24.0,4.06999969482,1236.0,14.509803772,,,,,,,,,0.0,,3.90625,
281.683497944,565,2052,144800,42.2292333333,-83.7389508333,24.0,4.06999969482,1140.0,14.509803772,,,,,,,,,0.0,,3.90625,
281.683497944,565,2052,144900,42.2292333333,-83.7389508333,24.0,7.40999984741,1140.0,14.509803772,,,,,,,,,0.0,,3.90625,
281.683497944,565,2052,145200,42.2292333333,-83.7389508333,21.0,7.40999984741,1140.0,14.509803772,,,,,,,,,0.0,,3.90625,
281.683497944,565,2052,145300,42.2293483333,-83.738795,21.0,7.40999984741,1140.0,14.509803772,,,,,,,,,0.0,,3.90625,
281.683497944,565,2052,145900,42.2293483333,-83.738795,21.0,7.40999984741,1140.0,17.254901886,,,,,,,,,0.0,,3.90625,
281.683497944,565,2052,146300,42.2293483333,-83.738795,22.0,7.40999984741,1140.0,17.254901886,,,,,,,,,0.0,,3.90625,
281.683497944,565,2052,146800,42.2293483333,-83.738795,22.0,7.40999984741,1693.0,17.254901886,,,,,,,,,0.0,,3.90625,
281.683497944,565,2052,146900,42.2293483333,-83.738795,22.0,18.5100002289,1693.0,17.254901886,,,,,,,,,0.0,,3.90625,
281.683497944,565,2052,148400,42.22953,-83.7388458333,33.0,18.5100002289,1693.0,17.254901886,,,,,,,,,0.0,,3.90625,
281.683497944,565,2052,148800,42.22953,-83.7388458333,33.0,18.5100002289,1903.0,17.254901886,,,,,,,,,0.0,,3.90625,
281.683497944,565,2052,148900,42.22953,-83.7388458333,33.0,2.25,1903.0,17.254901886,,,,,,,,,0.0,,3.90625,
281.683497944,565,2052,150400,42.22953,-83.7388458333,32.0,2.25,1903.0,17.254901886,,,,,,,,,0.0,,3.90625,
281.683497944,565,2052,150800,42.22953,-83.7388458333,32.0,2.25,1164.0,17.254901886,,,,,,,,,0.0,,3.90625,
281.683497944,565,2052,150900,42.22953,-83.7388458333,32.0,0.729999959469,1164.0,0.0,,,,,,,,,0.0,,3.90625,
281.683497944,565,2052,151300,42.22953,-83.7388458333,32.0,0.729999959469,1164.0,0.0,,,,,,,,,10.9375,,3.90625,
281.683497944,565,2052,151400,42.2297636111,-83.7389280556,32.0,0.729999959469,1164.0,0.0,,,,,,,,,10.9375,,3.90625,
281.683497944,565,2052,152500,42.2297636111,-83.7389280556,30.0,0.729999959469,1164.0,0.0,,,,,,,,,10.9375,,3.90625,
281.683497944,565,2052,152800,42.2297636111,-83.7389280556,30.0,0.729999959469,1194.0,0.0,,,,,,,,,10.9375,,3.90625,
281.683497944,565,2052,152900,42.2297636111,-83.7389280556,30.0,14.4699993134,1194.0,0.0,,,,,,,,,10.9375,,3.90625,
281.683497944,565,2052,153600,42.2297636111,-83.7389280556,32.0,14.4699993134,1194.0,0.0,,,,,,,,,10.9375,,3.90625,
281.683497944,565,2052,154400,42.2299913889,-83.7389633333,32.0,14.4699993134,1194.0,0.0,,,,,,,,,10.9375,,3.90625,
281.683497944,565,2052,154600,42.2299913889,-83.7389633333,37.0,14.4699993134,1194.0,0.0,,,,,,,,,10.9375,,3.90625,
281.683497944,565,2052,154800,42.2299913889,-83.7389633333,37.0,14.4699993134,2197.0,0.0,,,,,,,,,10.9375,,3.90625,
281.683497944,565,2052,154900,42.2299913889,-83.7389633333,37.0,17.6999988556,2197.0,0.0,,,,,,,,,10.9375,,3.90625,
281.683497944,565,2052,155600,42.2299913889,-83.7389633333,41.0,17.6999988556,2197.0,0.0,,,,,,,,,10.9375,,3.90625,
281.683497944,565,2052,156000,42.2299913889,-83.7389633333,41.0,17.6999988556,2197.0,69.4117660522,,,,,,,,,10.9375,,3.90625,
281.683497944,565,2052,156400,42.2299913889,-83.7389633333,41.0,17.6999988556,2197.0,69.4117660522,,,,,,,,,0.0,,3.90625,
281.683497944,565,2052,156700,42.2299913889,-83.7389633333,46.0,17.6999988556,2197.0,69.4117660522,,,,,,,,,0.0,,3.90625,
281.683497944,565,2052,156800,42.2299913889,-83.7389633333,46.0,17.6999988556,2199.0,69.4117660522,,,,,,,,,0.0,,3.90625,
281.683497944,565,2052,156900,42.2299913889,-83.7389633333,46.0,22.3099994659,2199.0,69.4117660522,,,,,,,,,0.0,,3.90625,
281.683497944,565,2052,157400,42.2302902778,-83.7389911111,46.0,22.3099994659,2199.0,69.4117660522,,,,,,,,,0.0,,3.90625,
281.683497944,565,2052,157700,42.2302902778,-83.7389911111,49.0,22.3099994659,2199.0,69.4117660522,,,,,,,,,0.0,,3.90625,
281.683497944,565,2052,158800,42.2302902778,-83.7389911111,53.0,22.3099994659,2224.0,69.4117660522,,,,,,,,,0.0,,3.90625,
281.683497944,565,2052,158900,42.2302902778,-83.7389911111,53.0,22.7999992371,2224.0,69.4117660522,,,,,,,,,0.0,,3.90625,
281.683497944,565,2052,159800,42.2302902778,-83.7389911111,54.0,22.7999992371,2224.0,69.4117660522,,,,,,,,,0.0,,3.90625,
281.683497944,565,2052,160300,42.2306694444,-83.7389736111,54.0,22.7999992371,2224.0,69.4117660522,,,,,,,,,0.0,,3.90625,
281.683497944,565,2052,160800,42.2306694444,-83.7389736111,54.0,22.7999992371,1607.0,69.4117660522,,,,,,,,,0.0,,3.90625,
281.683497944,565,2052,160900,42.2306694444,-83.7389736111,54.0,4.69999980927,1607.0,69.4117660522,,,,,,,,,0.0,,3.90625,
281.683497944,565,2052,161000,42.2306694444,-83.7389736111,54.0,4.69999980927,1607.0,15.2941179276,,,,,,,,,0.0,,3.90625,
281.683497944,565,2052,161400,42.2306694444,-83.7389736111,54.0,4.69999980927,1607.0,15.2941179276,,,,,,,,,6.25,,3.90625,
281.683497944,565,2052,161900,42.2306694444,-83.7389736111,52.0,4.69999980927,1607.0,15.2941179276,,,,,,,,,6.25,,3.90625,
281.683497944,565,2052,162800,42.2306694444,-83.7389736111,52.0,4.69999980927,1247.0,15.2941179276,,,,,,,,,6.25,,3.90625,
281.683497944,565,2052,162900,42.2306694444,-83.7389736111,50.0,1.18999993801,1247.0,15.2941179276,,,,,,,,,6.25,,3.90625,
281.683497944,565,2052,163400,42.2310611111,-83.7389377778,50.0,1.18999993801,1247.0,15.2941179276,,,,,,,,,6.25,,3.90625,
281.683497944,565,2052,164800,42.2310611111,-83.7389377778,50.0,1.18999993801,1227.0,15.2941179276,,,,,,,,,6.25,,3.90625,
281.683497944,565,2052,164900,42.2310611111,-83.7389377778,50.0,0.399999976158,1227.0,15.2941179276,,,,,,,,,6.25,,3.90625,
281.683497944,565,2052,165000,42.2310611111,-83.7389377778,43.0,0.399999976158,1227.0,15.2941179276,,,,,,,,,6.25,,3.90625,
281.683497944,565,2052,166000,42.2310611111,-83.7389377778,38.0,0.399999976158,1227.0,0.0,,,,,,,,,6.25,,3.90625,
281.683497944,565,2052,166300,42.2313877778,-83.7389263889,38.0,0.399999976158,1227.0,0.0,,,,,,,,,6.25,,3.90625,
281.683497944,565,2052,166400,42.2313877778,-83.7389263889,38.0,0.399999976158,1227.0,0.0,,,,,,,,,0.0,,3.90625,
281.683497944,565,2052,166800,42.2313877778,-83.7389263889,38.0,0.399999976158,1303.0,0.0,,,,,,,,,0.0,,3.90625,
281.683497944,565,2052,166900,42.2313877778,-83.7389263889,38.0,0.389999985695,1303.0,0.0,,,,,,,,,0.0,,3.90625,
281.683497944,565,2052,167100,42.2313877778,-83.7389263889,32.0,0.389999985695,1303.0,0.0,,,,,,,,,0.0,,3.90625,
281.683497944,565,2052,168800,42.2313877778,-83.7389263889,32.0,0.389999985695,1323.0,0.0,,,,,,,,,0.0,,3.90625,
281.683497944,565,2052,168900,42.2313877778,-83.7389263889,32.0,0.340000003576,1323.0,0.0,,,,,,,,,0.0,,3.90625,
281.683497944,565,2052,169200,42.2313877778,-83.7389263889,20.0,0.340000003576,1323.0,0.0,,,,,,,,,0.0,,3.90625,
281.683497944,565,2052,169400,42.2316119444,-83.7389316667,20.0,0.340000003576,1323.0,0.0,,,,,,,,,0.0,,3.90625,
281.683497944,565,2052,170200,42.2316119444,-83.7389316667,14.0,0.340000003576,1323.0,0.0,,,,,,,,,0.0,,3.90625,
281.683497944,565,2052,170800,42.2316119444,-83.7389316667,14.0,0.340000003576,1188.0,0.0,,,,,,,,,0.0,,3.90625,
281.683497944,565,2052,170900,42.2316119444,-83.7389316667,14.0,1.58999991417,1188.0,0.0,,,,,,,,,0.0,,3.90625,
281.683497944,565,2052,171100,42.2316119444,-83.7389316667,14.0,1.58999991417,1188.0,10.5882358551,,,,,,,,,0.0,,3.90625,
281.683497944,565,2052,171200,42.2316119444,-83.7389316667,8.0,1.58999991417,1188.0,10.5882358551,,,,,,,,,0.0,,3.90625,
281.683497944,565,2052,172300,42.2316119444,-83.7389316667,5.0,1.58999991417,1188.0,10.5882358551,,,,,,,,,0.0,,3.90625,
281.683497944,565,2052,172400,42.2317111111,-83.7389358333,5.0,1.58999991417,1188.0,10.5882358551,,,,,,,,,0.0,,3.90625,
281.683497944,565,2052,172800,42.2317111111,-83.7389358333,5.0,1.58999991417,0.0,10.5882358551,,,,,,,,,0.0,,3.90625,
281.683497944,565,2052,172900,42.2317111111,-83.7389358333,5.0,1.87000000477,0.0,10.5882358551,,,,,,,,,0.0,,3.90625,
281.683497944,565,2052,173400,42.2317111111,-83.7389358333,2.0,1.87000000477,0.0,10.5882358551,,,,,,,,,0.0,,3.90625,
281.683497944,565,2052,175000,42.2317111111,-83.7389358333,0.0,1.87000000477,0.0,10.5882358551,,,,,,,,,0.0,,3.90625,
281.683497944,565,2052,175200,42.2317111111,-83.7389358333,0.0,0.289999991655,0.0,10.5882358551,,,,,,,,,0.0,,3.90625,
281.683497944,565,2052,175300,42.2317111111,-83.7389358333,0.0,0.289999991655,0.0,0.0,,,,,,,,,0.0,,3.90625,
281.683497944,565,2052,180200,42.2317111111,-83.7389358333,0.0,0.209999993443,0.0,0.0,,,,,,,,,0.0,,3.90625,
281.683497944,565,2052,195400,42.2317111111,-83.7389358333,0.0,0.189999997616,0.0,0.0,,,,,,,,,0.0,,3.90625,
281.683497944,565,2052,203400,42.2317272222,-83.7389188889,0.0,0.189999997616,0.0,0.0,,,,,,,,,0.0,,3.90625,
281.683497944,565,2052,210400,42.2317341667,-83.7389169444,0.0,0.189999997616,0.0,0.0,,,,,,,,,0.0,,3.90625,
281.683497944,565,2052,210500,42.2317341667,-83.7389169444,0.0,9.71000003815,0.0,0.0,,,,,,,,,0.0,,3.90625,
281.683497944,565,2052,210600,42.2317341667,-83.7389169444,0.0,9.71000003815,0.0,79.2156906128,,,,,,,,,0.0,,3.90625,
281.683497944,565,2052,211200,42.2317341667,-83.7389169444,12.0,9.71000003815,0.0,79.2156906128,,,,,,,,,0.0,,3.90625,
281.683497944,565,2052,211300,42.2317341667,-83.7389169444,12.0,9.71000003815,1611.0,79.2156906128,,,,,,,,,0.0,,3.90625,
281.683497944,565,2052,211400,42.2317341667,-83.7389169444,12.0,15.4699993134,1611.0,79.2156906128,,,,,,,,,0.0,,3.90625,
281.683497944,565,2052,211600,42.2317341667,-83.7389169444,12.0,15.4699993134,1611.0,72.1568603516,,,,,,,,,0.0,,3.90625,
281.683497944,565,2052,212000,42.2317341667,-83.7389169444,12.0,15.4699993134,1611.0,72.1568603516,,,,,,,,,12.5,,3.90625,
281.683497944,565,2052,213200,42.2317341667,-83.7389169444,23.0,15.4699993134,1611.0,72.1568603516,,,,,,,,,12.5,,3.90625,
281.683497944,565,2052,213300,42.23185,-83.7389172222,23.0,15.4699993134,2308.0,72.1568603516,,,,,,,,,12.5,,3.90625,
281.683497944,565,2052,213500,42.23185,-83.7389172222,23.0,23.0399990082,2308.0,72.1568603516,,,,,,,,,12.5,,3.90625,
281.683497944,565,2052,214300,42.23185,-83.7389172222,32.0,23.0399990082,2308.0,72.1568603516,,,,,,,,,12.5,,3.90625,
281.683497944,565,2052,215300,42.23185,-83.7389172222,37.0,23.0399990082,2107.0,72.1568603516,,,,,,,,,12.5,,3.90625,
281.683497944,565,2052,215500,42.23185,-83.7389172222,37.0,13.7899999619,2107.0,72.1568603516,,,,,,,,,12.5,,3.90625,
281.683497944,565,2052,216400,42.23185,-83.7389172222,41.0,13.7899999619,2107.0,72.1568603516,,,,,,,,,12.5,,3.90625,
281.683497944,565,2052,216600,42.23185,-83.7389172222,41.0,13.7899999619,2107.0,76.4705886841,,,,,,,,,12.5,,3.90625,
281.683497944,565,2052,217000,42.23185,-83.7389172222,41.0,13.7899999619,2107.0,76.4705886841,,,,,,,,,7.8125,,3.90625,
281.683497944,565,2052,217300,42.2322441667,-83.7389233333,41.0,13.7899999619,2534.0,76.4705886841,,,,,,,,,7.8125,,3.90625,
281.683497944,565,2052,217400,42.2322441667,-83.7389233333,45.0,13.7899999619,2534.0,76.4705886841,,,,,,,,,7.8125,,3.90625,
281.683497944,565,2052,217500,42.2322441667,-83.7389233333,45.0,28.7199993134,2534.0,76.4705886841,,,,,,,,,7.8125,,3.90625,
281.683497944,565,2052,218400,42.2322441667,-83.7389233333,50.0,28.7199993134,2534.0,76.4705886841,,,,,,,,,7.8125,,3.90625,
281.683497944,565,2052,219300,42.2322441667,-83.7389233333,50.0,28.7199993134,3559.0,76.4705886841,,,,,,,,,7.8125,,3.90625,
281.683497944,565,2052,219500,42.2322441667,-83.7389233333,55.0,38.1399993896,3559.0,76.4705886841,,,,,,,,,7.8125,,3.90625,
281.683497944,565,2052,220300,42.2326516667,-83.7389458333,55.0,38.1399993896,3559.0,76.4705886841,,,,,,,,,7.8125,,3.90625,
281.683497944,565,2052,220500,42.2326516667,-83.7389458333,59.0,38.1399993896,3559.0,76.4705886841,,,,,,,,,7.8125,,3.90625,
281.683497944,565,2052,221300,42.2326516667,-83.7389458333,59.0,38.1399993896,2996.0,76.4705886841,,,,,,,,,7.8125,,3.90625,
281.683497944,565,2052,221500,42.2326516667,-83.7389458333,59.0,29.0,2996.0,76.4705886841,,,,,,,,,7.8125,,3.90625,
281.683497944,565,2052,221600,42.2326516667,-83.7389458333,63.0,29.0,2996.0,74.509803772,,,,,,,,,7.8125,,3.90625,
281.683497944,565,2052,222600,42.2326516667,-83.7389458333,66.0,29.0,2996.0,74.509803772,,,,,,,,,7.8125,,3.90625,
281.683497944,565,2052,223300,42.2326516667,-83.7389458333,66.0,29.0,3262.0,74.509803772,,,,,,,,,7.8125,,3.90625,
281.683497944,565,2052,223400,42.23314,-83.7389769444,66.0,29.0,3262.0,74.509803772,,,,,,,,,7.8125,,3.90625,
281.683497944,565,2052,223500,42.23314,-83.7389769444,66.0,32.2299995422,3262.0,74.509803772,,,,,,,,,7.8125,,3.90625,
281.683497944,565,2052,223600,42.23314,-83.7389769444,70.0,32.2299995422,3262.0,74.509803772,,,,,,,,,7.8125,,3.90625,
281.683497944,565,2052,224700,42.23314,-83.7389769444,73.0,32.2299995422,3262.0,74.509803772,,,,,,,,,7.8125,,3.90625,
281.683497944,565,2052,225300,42.23314,-83.7389769444,73.0,32.2299995422,3006.0,74.509803772,,,,,,,,,7.8125,,3.90625,
281.683497944,565,2052,225500,42.23314,-83.7389769444,73.0,28.859998703,3006.0,74.509803772,,,,,,,,,7.8125,,3.90625,
281.683497944,565,2052,225700,42.23314,-83.7389769444,76.0,28.859998703,3006.0,74.509803772,,,,,,,,,7.8125,,3.90625,
281.683497944,565,2052,226400,42.2336919444,-83.7389988889,76.0,28.859998703,3006.0,74.509803772,,,,,,,,,7.8125,,3.90625,
281.683497944,565,2052,226700,42.2336919444,-83.7389988889,76.0,28.859998703,3006.0,74.1176452637,,,,,,,,,7.8125,,3.90625,
281.683497944,565,2052,226800,42.2336919444,-83.7389988889,78.0,28.859998703,3006.0,74.1176452637,,,,,,,,,7.8125,,3.90625,
281.683497944,565,2052,227100,42.2336919444,-83.7389988889,78.0,28.859998703,3006.0,74.1176452637,,,,,,,,,6.25,,3.90625,
281.683497944,565,2052,227300,42.2336919444,-83.7389988889,78.0,28.859998703,3150.0,74.1176452637,,,,,,,,,6.25,,3.90625,
281.683497944,565,2052,227500,42.2336919444,-83.7389988889,78.0,31.2799987793,3150.0,74.1176452637,,,,,,,,,6.25,,3.90625,
281.683497944,565,2052,227800,42.2336919444,-83.7389988889,81.0,31.2799987793,3150.0,74.1176452637,,,,,,,,,6.25,,3.90625,
281.683497944,565,2052,228800,42.2336919444,-83.7389988889,83.0,31.2799987793,3150.0,74.1176452637,,,,,,,,,6.25,,3.90625,
281.683497944,565,2052,229300,42.2343025,-83.7390036111,83.0,31.2799987793,3075.0,74.1176452637,,,,,,,,,6.25,,3.90625,
281.683497944,565,2052,229500,42.2343025,-83.7390036111,83.0,28.4399986267,3075.0,74.1176452637,,,,,,,,,6.25,,3.90625,
281.683497944,565,2052,229900,42.2343025,-83.7390036111,86.0,28.4399986267,3075.0,74.1176452637,,,,,,,,,6.25,,3.90625,
281.683497944,565,2052,230900,42.2343025,-83.7390036111,87.0,28.4399986267,3075.0,74.1176452637,,,,,,,,,6.25,,3.90625,
281.683497944,565,2052,231300,42.2343025,-83.7390036111,87.0,28.4399986267,2947.0,74.1176452637,,,,,,,,,6.25,,3.90625,
281.683497944,565,2052,231500,42.2343025,-83.7390036111,87.0,23.859998703,2947.0,74.1176452637,,,,,,,,,6.25,,3.90625,
281.683497944,565,2052,231700,42.2343025,-83.7390036111,87.0,23.859998703,2947.0,62.3529434204,,,,,,,,,6.25,,3.90625,
281.683497944,565,2052,232000,42.2343025,-83.7390036111,89.0,23.859998703,2947.0,62.3529434204,,,,,,,,,6.25,,3.90625,
281.683497944,565,2052,232100,42.2343025,-83.7390036111,89.0,23.859998703,2947.0,62.3529434204,,,,,,,,,5.46875,,3.90625,
281.683497944,565,2052,232300,42.2349566667,-83.7390044444,89.0,23.859998703,2947.0,62.3529434204,,,,,,,,,5.46875,,3.90625,
281.683497944,565,2052,233000,42.2349566667,-83.7390044444,90.0,23.859998703,2947.0,62.3529434204,,,,,,,,,5.46875,,3.90625,
281.683497944,565,2052,233300,42.2349566667,-83.7390044444,90.0,23.859998703,2819.0,62.3529434204,,,,,,,,,5.46875,,3.90625,
281.683497944,565,2052,233500,42.2349566667,-83.7390044444,90.0,23.5,2819.0,62.3529434204,,,,,,,,,5.46875,,3.90625,
281.683497944,565,2052,235100,42.2349566667,-83.7390044444,91.0,23.5,2819.0,62.3529434204,,,,,,,,,5.46875,,3.90625,
281.683497944,565,2052,235300,42.2349566667,-83.7390044444,91.0,23.5,2733.0,62.3529434204,,,,,,,,,5.46875,,3.90625,
281.683497944,565,2052,235400,42.2356238889,-83.7390061111,91.0,23.5,2733.0,62.3529434204,,,,,,,,,5.46875,,3.90625,
281.683497944,565,2052,235500,42.2356238889,-83.7390061111,91.0,22.0599994659,2733.0,62.3529434204,,,,,,,,,5.46875,,3.90625,
281.683497944,565,2052,236800,42.2356238889,-83.7390061111,91.0,22.0599994659,2733.0,9.41176509857,,,,,,,,,5.46875,,3.90625,
281.683497944,565,2052,237200,42.2356238889,-83.7390061111,90.0,22.0599994659,2733.0,9.41176509857,,,,,,,,,3.90625,,3.90625,
281.683497944,565,2052,237300,42.2356238889,-83.7390061111,90.0,22.0599994659,1913.0,9.41176509857,,,,,,,,,3.90625,,3.90625,
281.683497944,565,2052,237500,42.2356238889,-83.7390061111,90.0,2.23000001907,1913.0,9.41176509857,,,,,,,,,3.90625,,3.90625,
281.683497944,565,2052,238200,42.2356238889,-83.7390061111,88.0,2.23000001907,1913.0,9.41176509857,,,,,,,,,3.90625,,3.90625,
281.683497944,565,2052,238400,42.2362813889,-83.7390038889,88.0,2.23000001907,1913.0,9.41176509857,,,,,,,,,3.90625,,3.90625,
281.683497944,565,2052,239200,42.2362813889,-83.7390038889,85.0,2.23000001907,1913.0,9.41176509857,,,,,,,,,3.90625,,3.90625,
281.683497944,565,2052,239300,42.2362813889,-83.7390038889,85.0,2.23000001907,1702.0,9.41176509857,,,,,,,,,3.90625,,3.90625,
281.683497944,565,2052,239500,42.2362813889,-83.7390038889,85.0,1.0,1702.0,9.41176509857,,,,,,,,,3.90625,,3.90625,
281.683497944,565,2052,240300,42.2362813889,-83.7390038889,83.0,1.0,1702.0,9.41176509857,,,,,,,,,3.90625,,3.90625,
281.683497944,565,2052,241200,42.2362813889,-83.7390038889,83.0,1.0,1702.0,9.41176509857,,,,,,,,,3.90625,,3.90625,
281.683497944,565,2052,241300,42.2368883333,-83.7390136111,79.0,1.0,1577.0,9.41176509857,,,,,,,,,3.90625,,3.90625,
281.683497944,565,2052,241500,42.2368883333,-83.7390136111,79.0,0.399999976158,1577.0,9.41176509857,,,,,,,,,3.90625,,3.90625,
281.683497944,565,2052,241800,42.2368883333,-83.7390136111,79.0,0.399999976158,1577.0,0.0,,,,,,,,,3.90625,,3.90625,
281.683497944,565,2052,242200,42.2368883333,-83.7390136111,79.0,0.399999976158,1577.0,0.0,,,,,,,,,0.0,,3.90625,
281.683497944,565,2052,242400,42.2368883333,-83.7390136111,71.0,0.399999976158,1577.0,0.0,,,,,,,,,0.0,,3.90625,
281.683497944,565,2052,243400,42.2368883333,-83.7390136111,71.0,0.399999976158,1417.0,0.0,,,,,,,,,0.0,,3.90625,
281.683497944,565,2052,243500,42.2368883333,-83.7390136111,65.0,0.389999985695,1417.0,0.0,,,,,,,,,0.0,,3.90625,
281.683497944,565,2052,244300,42.2374075,-83.7390108333,65.0,0.389999985695,1417.0,0.0,,,,,,,,,0.0,,3.90625,
281.683497944,565,2052,244600,42.2374075,-83.7390108333,59.0,0.389999985695,1417.0,0.0,,,,,,,,,0.0,,3.90625,
281.683497944,565,2052,245400,42.2374075,-83.7390108333,59.0,0.389999985695,1330.0,0.0,,,,,,,,,0.0,,3.90625,
281.683497944,565,2052,245500,42.2374075,-83.7390108333,59.0,0.359999984503,1330.0,0.0,,,,,,,,,0.0,,3.90625,
281.683497944,565,2052,245600,42.2374075,-83.7390108333,53.0,0.359999984503,1330.0,0.0,,,,,,,,,0.0,,3.90625,
281.683497944,565,2052,247300,42.237805,-83.7390066667,53.0,0.359999984503,1330.0,0.0,,,,,,,,,0.0,,3.90625,
281.683497944,565,2052,247400,42.237805,-83.7390066667,53.0,0.359999984503,1307.0,0.0,,,,,,,,,0.0,,3.90625,
281.683497944,565,2052,247500,42.237805,-83.7390066667,53.0,0.310000002384,1307.0,0.0,,,,,,,,,0.0,,3.90625,
281.683497944,565,2052,247800,42.237805,-83.7390066667,46.0,0.310000002384,1307.0,0.0,,,,,,,,,0.0,,3.90625,
281.683497944,565,2052,248800,42.237805,-83.7390066667,33.0,0.310000002384,1307.0,0.0,,,,,,,,,0.0,,3.90625,
281.683497944,565,2052,249400,42.237805,-83.7390066667,33.0,0.310000002384,1364.0,0.0,,,,,,,,,0.0,,3.90625,
281.683497944,565,2052,249500,42.237805,-83.7390066667,33.0,0.289999991655,1364.0,0.0,,,,,,,,,0.0,,3.90625,
281.683497944,565,2052,250300,42.2380722222,-83.7390036111,33.0,0.289999991655,1364.0,0.0,,,,,,,,,0.0,,3.90625,
281.683497944,565,2052,250900,42.2380722222,-83.7390036111,25.0,0.289999991655,1364.0,0.0,,,,,,,,,0.0,,3.90625,
281.683497944,565,2052,251400,42.2380722222,-83.7390036111,25.0,0.289999991655,1292.0,0.0,,,,,,,,,0.0,,3.90625,
281.683497944,565,2052,251500,42.2380722222,-83.7390036111,25.0,0.259999990463,1292.0,0.0,,,,,,,,,0.0,,3.90625,
281.683497944,565,2052,253000,42.2380722222,-83.7390036111,18.0,0.259999990463,1292.0,0.0,,,,,,,,,0.0,,3.90625,
281.683497944,565,2052,253400,42.2382327778,-83.7390016667,18.0,0.259999990463,1179.0,0.0,,,,,,,,,0.0,,3.90625,
281.683497944,565,2052,253500,42.2382327778,-83.7390016667,18.0,1.62999999523,1179.0,0.0,,,,,,,,,0.0,,3.90625,
281.683497944,565,2052,254000,42.2382327778,-83.7390016667,12.0,1.62999999523,1179.0,0.0,,,,,,,,,0.0,,3.90625,
281.683497944,565,2052,255000,42.2382327778,-83.7390016667,9.0,1.62999999523,1179.0,0.0,,,,,,,,,0.0,,3.90625,
281.683497944,565,2052,255400,42.2382327778,-83.7390016667,9.0,1.62999999523,0.0,0.0,,,,,,,,,0.0,,3.90625,
281.683497944,565,2052,255500,42.2382327778,-83.7390016667,9.0,1.99000000954,0.0,0.0,,,,,,,,,0.0,,3.90625,
281.683497944,565,2052,256400,42.2383075,-83.7389991667,9.0,1.99000000954,0.0,0.0,,,,,,,,,0.0,,3.90625,
281.683497944,565,2052,256900,42.2383075,-83.7389991667,9.0,1.99000000954,0.0,10.9803924561,,,,,,,,,0.0,,3.90625,
281.683497944,565,2052,257100,42.2383075,-83.7389991667,8.0,1.99000000954,0.0,10.9803924561,,,,,,,,,0.0,,3.90625,
281.683497944,565,2052,257400,42.2383075,-83.7389991667,8.0,1.99000000954,1108.0,10.9803924561,,,,,,,,,0.0,,3.90625,
281.683497944,565,2052,257500,42.2383075,-83.7389991667,8.0,7.67999982834,1108.0,10.9803924561,,,,,,,,,0.0,,3.90625,
281.683497944,565,2052,258200,42.2383075,-83.7389991667,9.0,7.67999982834,1108.0,10.9803924561,,,,,,,,,0.0,,3.90625,
281.683497944,565,2052,259200,42.2383075,-83.7389991667,14.0,7.67999982834,1108.0,10.9803924561,,,,,,,,,0.0,,3.90625,
281.683497944,565,2052,259300,42.238405,-83.7389977778,14.0,7.67999982834,1108.0,10.9803924561,,,,,,,,,0.0,,3.90625,
281.683497944,565,2052,259400,42.238405,-83.7389977778,14.0,7.67999982834,1530.0,10.9803924561,,,,,,,,,0.0,,3.90625,
281.683497944,565,2052,259500,42.238405,-83.7389977778,14.0,11.8699998856,1530.0,10.9803924561,,,,,,,,,0.0,,3.90625,
281.683497944,565,2052,260200,42.238405,-83.7389977778,20.0,11.8699998856,1530.0,10.9803924561,,,,,,,,,0.0,,3.90625,
281.683497944,565,2052,261300,42.238405,-83.7389977778,26.0,11.8699998856,1530.0,10.9803924561,,,,,,,,,0.0,,3.90625,
281.683497944,565,2052,261400,42.238405,-83.7389977778,26.0,11.8699998856,1631.0,10.9803924561,,,,,,,,,0.0,,3.90625,
281.683497944,565,2052,261500,42.238405,-83.7389977778,26.0,15.6700000763,1631.0,10.9803924561,,,,,,,,,0.0,,3.90625,
281.683497944,565,2052,261900,42.238405,-83.7389977778,26.0,15.6700000763,1631.0,75.6862792969,,,,,,,,,0.0,,3.90625,
281.683497944,565,2052,262300,42.238405,-83.7389977778,31.0,15.6700000763,1631.0,75.6862792969,,,,,,,,,-2.34375,,3.90625,
281.683497944,565,2052,262400,42.2386091667,-83.73899,31.0,15.6700000763,1631.0,75.6862792969,,,,,,,,,-2.34375,,3.90625,
281.683497944,565,2052,263400,42.2386091667,-83.73899,36.0,15.6700000763,2122.0,75.6862792969,,,,,,,,,-2.34375,,3.90625,
281.683497944,565,2052,263500,42.2386091667,-83.73899,36.0,20.3299999237,2122.0,75.6862792969,,,,,,,,,-2.34375,,3.90625,
281.683497944,565,2052,264400,42.2386091667,-83.73899,42.0,20.3299999237,2122.0,75.6862792969,,,,,,,,,-2.34375,,3.90625,
281.683497944,565,2052,265300,42.2389280556,-83.7389786111,42.0,20.3299999237,2122.0,75.6862792969,,,,,,,,,-2.34375,,3.90625,
281.683497944,565,2052,265400,42.2389280556,-83.7389786111,47.0,20.3299999237,2556.0,75.6862792969,,,,,,,,,-2.34375,,3.90625,
281.683497944,565,2052,265500,42.2389280556,-83.7389786111,47.0,25.5100002289,2556.0,75.6862792969,,,,,,,,,-2.34375,,3.90625,
281.683497944,565,2052,266500,42.2389280556,-83.7389786111,52.0,25.5100002289,2556.0,75.6862792969,,,,,,,,,-2.34375,,3.90625,
281.683497944,565,2052,267000,42.2389280556,-83.7389786111,52.0,25.5100002289,2556.0,55.2941169739,,,,,,,,,-2.34375,,3.90625,
281.683497944,565,2052,267400,42.2389280556,-83.7389786111,52.0,25.5100002289,2274.0,55.2941169739,,,,,,,,,7.8125,,3.90625,
281.683497944,565,2052,267500,42.2389280556,-83.7389786111,56.0,16.0699996948,2274.0,55.2941169739,,,,,,,,,7.8125,,3.90625,
281.683497944,565,2052,268300,42.2393413889,-83.7389672222,56.0,16.0699996948,2274.0,55.2941169739,,,,,,,,,7.8125,,3.90625,
281.683497944,565,2052,268600,42.2393413889,-83.7389672222,58.0,16.0699996948,2274.0,55.2941169739,,,,,,,,,7.8125,,3.90625,
281.683497944,565,2052,269400,42.2393413889,-83.7389672222,58.0,16.0699996948,1534.0,55.2941169739,,,,,,,,,7.8125,,3.90625,
281.683497944,565,2052,269500,42.2393413889,-83.7389672222,58.0,4.82999992371,1534.0,55.2941169739,,,,,,,,,7.8125,,3.90625,
281.683497944,565,2052,269600,42.2393413889,-83.7389672222,60.0,4.82999992371,1534.0,55.2941169739,,,,,,,,,7.8125,,3.90625,
281.683497944,565,2052,270600,42.2393413889,-83.7389672222,59.0,4.82999992371,1534.0,55.2941169739,,,,,,,,,7.8125,,3.90625,
281.683497944,565,2052,271400,42.2397886111,-83.7389702778,59.0,4.82999992371,1379.0,55.2941169739,,,,,,,,,7.8125,,3.90625,
281.683497944,565,2052,271500,42.2397886111,-83.7389702778,59.0,9.05000019073,1379.0,55.2941169739,,,,,,,,,7.8125,,3.90625,
281.683497944,565,2052,271700,42.2397886111,-83.7389702778,60.0,9.05000019073,1379.0,55.2941169739,,,,,,,,,7.8125,,3.90625,
281.683497944,565,2052,272000,42.2397886111,-83.7389702778,60.0,9.05000019073,1379.0,48.6274528503,,,,,,,,,7.8125,,3.90625,
281.683497944,565,2052,272400,42.2397886111,-83.7389702778,60.0,9.05000019073,1379.0,48.6274528503,,,,,,,,,1.5625,,3.90625,
281.683497944,565,2052,272700,42.2397886111,-83.7389702778,61.0,9.05000019073,1379.0,48.6274528503,,,,,,,,,1.5625,,3.90625,
281.683497944,565,2052,273400,42.2397886111,-83.7389702778,61.0,9.05000019073,1285.0,48.6274528503,,,,,,,,,1.5625,,3.90625,
281.683497944,565,2052,273500,42.2397886111,-83.7389702778,61.0,1.83999991417,1285.0,48.6274528503,,,,,,,,,1.5625,,3.90625,
281.683497944,565,2052,274400,42.2402497222,-83.7389836111,61.0,1.83999991417,1285.0,48.6274528503,,,,,,,,,1.5625,,3.90625,
281.683497944,565,2052,274800,42.2402497222,-83.7389836111,59.0,1.83999991417,1285.0,48.6274528503,,,,,,,,,1.5625,,3.90625,
281.683497944,565,2052,275400,42.2402497222,-83.7389836111,59.0,1.83999991417,1172.0,48.6274528503,,,,,,,,,1.5625,,3.90625,
281.683497944,565,2052,275500,42.2402497222,-83.7389836111,59.0,3.02999997139,1172.0,48.6274528503,,,,,,,,,1.5625,,3.90625,
281.683497944,565,2052,275800,42.2402497222,-83.7389836111,60.0,3.02999997139,1172.0,48.6274528503,,,,,,,,,1.5625,,3.90625,
281.683497944,565,2052,276900,42.2402497222,-83.7389836111,58.0,3.02999997139,1172.0,48.6274528503,,,,,,,,,1.5625,,3.90625,
281.683497944,565,2052,277000,42.2402497222,-83.7389836111,58.0,3.02999997139,1172.0,48.235294342,,,,,,,,,1.5625,,3.90625,
281.683497944,565,2052,277400,42.2406894444,-83.738995,58.0,3.02999997139,1442.0,48.235294342,,,,,,,,,0.0,,3.90625,
281.683497944,565,2052,277600,42.2406894444,-83.738995,58.0,10.3199996948,1442.0,48.235294342,,,,,,,,,0.0,,3.90625,
281.683497944,565,2052,279000,42.2406894444,-83.738995,59.0,10.3199996948,1442.0,48.235294342,,,,,,,,,0.0,,3.90625,
281.683497944,565,2052,279500,42.2406894444,-83.738995,59.0,10.3199996948,1186.0,48.235294342,,,,,,,,,0.0,,3.90625,
281.683497944,565,2052,279600,42.2406894444,-83.738995,59.0,2.19000005722,1186.0,48.235294342,,,,,,,,,0.0,,3.90625,
281.683497944,565,2052,280100,42.2406894444,-83.738995,58.0,2.19000005722,1186.0,48.235294342,,,,,,,,,0.0,,3.90625,
281.683497944,565,2052,280400,42.2411258333,-83.7390055556,58.0,2.19000005722,1186.0,48.235294342,,,,,,,,,0.0,,3.90625,
281.683497944,565,2052,281200,42.2411258333,-83.7390055556,56.0,2.19000005722,1186.0,48.235294342,,,,,,,,,0.0,,3.90625,
281.683497944,565,2052,281500,42.2411258333,-83.7390055556,56.0,2.19000005722,1178.0,48.235294342,,,,,,,,,0.0,,3.90625,
281.683497944,565,2052,281600,42.2411258333,-83.7390055556,56.0,4.31999969482,1178.0,48.235294342,,,,,,,,,0.0,,3.90625,
281.683497944,565,2052,282100,42.2411258333,-83.7390055556,56.0,4.31999969482,1178.0,27.4509811401,,,,,,,,,0.0,,3.90625,
281.683497944,565,2052,282200,42.2411258333,-83.7390055556,55.0,4.31999969482,1178.0,27.4509811401,,,,,,,,,0.0,,3.90625,
281.683497944,565,2052,283600,42.2411258333,-83.7390055556,55.0,6.40999984741,1290.0,27.4509811401,,,,,,,,,0.0,,3.90625,
281.683497944,565,2052,284300,42.2416802778,-83.7390177778,55.0,6.40999984741,1290.0,27.4509811401,,,,,,,,,0.0,,3.90625,
281.683497944,565,2052,285300,42.2416802778,-83.7390177778,54.0,6.40999984741,1290.0,27.4509811401,,,,,,,,,0.0,,3.90625,
281.683497944,565,2052,285600,42.2416802778,-83.7390177778,54.0,1.99000000954,1099.0,27.4509811401,,,,,,,,,0.0,,3.90625,
281.683497944,565,2052,286400,42.2416802778,-83.7390177778,53.0,1.99000000954,1099.0,27.4509811401,,,,,,,,,0.0,,3.90625,
281.683497944,565,2052,287200,42.2416802778,-83.7390177778,53.0,1.99000000954,1099.0,0.0,,,,,,,,,0.0,,3.90625,
281.683497944,565,2052,287300,42.2420825,-83.7390286111,53.0,1.99000000954,1099.0,0.0,,,,,,,,,0.0,,3.90625,
281.683497944,565,2052,287500,42.2420825,-83.7390286111,53.0,1.99000000954,1099.0,0.0,,,,,,,,,1.5625,,3.90625,
281.683497944,565,2052,287600,42.2420825,-83.7390286111,53.0,1.29999995232,1130.0,0.0,,,,,,,,,1.5625,,3.90625,
281.683497944,565,2052,288400,42.2420825,-83.7390286111,50.0,1.29999995232,1130.0,0.0,,,,,,,,,1.5625,,3.90625,
281.683497944,565,2052,289500,42.2420825,-83.7390286111,48.0,1.29999995232,1130.0,0.0,,,,,,,,,1.5625,,3.90625,
281.683497944,565,2052,289600,42.2420825,-83.7390286111,48.0,0.419999986887,1115.0,0.0,,,,,,,,,1.5625,,3.90625,
281.683497944,565,2052,290400,42.2424486111,-83.739045,48.0,0.419999986887,1115.0,0.0,,,,,,,,,1.5625,,3.90625,
281.683497944,565,2052,290500,42.2424486111,-83.739045,46.0,0.419999986887,1115.0,0.0,,,,,,,,,1.5625,,3.90625,
281.683497944,565,2052,291600,42.2424486111,-83.739045,46.0,0.389999985695,1167.0,0.0,,,,,,,,,1.5625,,3.90625,
281.683497944,565,2052,292500,42.2424486111,-83.739045,46.0,0.389999985695,1167.0,0.0,,,,,,,,,0.0,,3.90625,
281.683497944,565,2052,292600,42.2424486111,-83.739045,37.0,0.389999985695,1167.0,0.0,,,,,,,,,0.0,,3.90625,
281.683497944,565,2052,293400,42.2427608333,-83.7390675,37.0,0.389999985695,1167.0,0.0,,,,,,,,,0.0,,3.90625,
281.683497944,565,2052,293600,42.2427608333,-83.7390675,32.0,0.340000003576,1309.0,0.0,,,,,,,,,0.0,,3.90625,
281.683497944,565,2052,294700,42.2427608333,-83.7390675,27.0,0.340000003576,1309.0,0.0,,,,,,,,,0.0,,3.90625,
281.683497944,565,2052,295600,42.2427608333,-83.7390675,27.0,0.310000002384,1326.0,0.0,,,,,,,,,0.0,,3.90625,
281.683497944,565,2052,295700,42.2427608333,-83.7390675,22.0,0.310000002384,1326.0,0.0,,,,,,,,,0.0,,3.90625,
281.683497944,565,2052,296300,42.2429733333,-83.7390866667,22.0,0.310000002384,1326.0,0.0,,,,,,,,,0.0,,3.90625,
281.683497944,565,2052,296800,42.2429733333,-83.7390866667,18.0,0.310000002384,1326.0,0.0,,,,,,,,,0.0,,3.90625,
281.683497944,565,2052,297600,42.2429733333,-83.7390866667,18.0,1.57999992371,1179.0,0.0,,,,,,,,,0.0,,3.90625,
281.683497944,565,2052,297800,42.2429733333,-83.7390866667,14.0,1.57999992371,1179.0,0.0,,,,,,,,,0.0,,3.90625,
281.683497944,565,2052,299300,42.2430972222,-83.7390975,14.0,1.57999992371,1179.0,0.0,,,,,,,,,0.0,,3.90625,
281.683497944,565,2052,299600,42.2430972222,-83.7390975,14.0,1.63999998569,1065.0,0.0,,,,,,,,,0.0,,3.90625,
281.683497944,565,2052,299900,42.2430972222,-83.7390975,8.0,1.63999998569,1065.0,0.0,,,,,,,,,0.0,,3.90625,
281.683497944,565,2052,300900,42.2430972222,-83.7390975,5.0,1.63999998569,1065.0,0.0,,,,,,,,,0.0,,3.90625,
281.683497944,565,2052,301600,42.2430972222,-83.7390975,5.0,1.81999993324,0.0,0.0,,,,,,,,,0.0,,3.90625,
281.683497944,565,2052,302000,42.2430972222,-83.7390975,1.0,1.81999993324,0.0,0.0,,,,,,,,,0.0,,3.90625,
281.683497944,565,2052,302300,42.2431430556,-83.7391013889,1.0,1.81999993324,0.0,0.0,,,,,,,,,0.0,,3.90625,
281.683497944,565,2052,303500,42.2431430556,-83.7391013889,0.0,1.81999993324,0.0,0.0,,,,,,,,,0.0,,3.90625,
281.683497944,565,2052,303600,42.2431430556,-83.7391013889,0.0,0.310000002384,0.0,0.0,,,,,,,,,0.0,,3.90625,
281.683497944,565,2052,308700,42.2431430556,-83.7391013889,0.0,0.209999993443,0.0,0.0,,,,,,,,,0.0,,3.90625,
281.683497944,565,2052,309600,42.2431430556,-83.7391013889,0.0,0.209999993443,331.0,0.0,,,,,,,,,0.0,,3.90625,
281.683497944,565,2052,310300,42.2431522222,-83.7391,0.0,0.209999993443,331.0,0.0,,,,,,,,,0.0,,3.90625,
281.683497944,565,2052,311300,42.2431522222,-83.7391,1.0,0.209999993443,861.0,0.0,,,,,,,,,0.0,,3.90625,
281.683497944,565,2052,311400,42.2431522222,-83.7391,1.0,3.27999997139,861.0,0.0,,,,,,,,,0.0,,3.90625,
281.683497944,565,2052,311500,42.2431522222,-83.7391,1.0,3.27999997139,861.0,28.627450943,,,,,,,,,0.0,,3.90625,
281.683497944,565,2052,311800,42.2431522222,-83.7391,1.0,3.27999997139,861.0,28.627450943,,,,,,,,,1.5625,,3.90625,
281.683497944,565,2052,313300,42.2431522222,-83.7391,1.0,3.27999997139,862.0,28.627450943,,,,,,,,,1.5625,,3.90625,
281.683497944,565,2052,313400,42.2431588889,-83.7390961111,1.0,3.27999997139,862.0,28.627450943,,,,,,,,,1.5625,,3.90625,
281.683497944,565,2052,314400,42.2431588889,-83.7390961111,4.0,3.27999997139,862.0,28.627450943,,,,,,,,,1.5625,,3.90625,
281.683497944,565,2052,315400,42.2431588889,-83.7390961111,4.0,3.27999997139,1114.0,28.627450943,,,,,,,,,1.5625,,3.90625,
281.683497944,565,2052,315500,42.2431588889,-83.7390961111,4.0,7.84999990463,1114.0,28.627450943,,,,,,,,,1.5625,,3.90625,
281.683497944,565,2052,316600,42.2431588889,-83.7390961111,13.0,7.84999990463,1114.0,47.4509811401,,,,,,,,,1.5625,,3.90625,
281.683497944,565,2052,317400,42.2432308333,-83.7390988889,13.0,7.84999990463,1136.0,47.4509811401,,,,,,,,,1.5625,,3.90625,
281.683497944,565,2052,317500,42.2432308333,-83.7390988889,13.0,6.92999982834,1136.0,47.4509811401,,,,,,,,,1.5625,,3.90625,
281.683497944,565,2052,317600,42.2432308333,-83.7390988889,16.0,6.92999982834,1136.0,47.4509811401,,,,,,,,,1.5625,,3.90625,
281.683497944,565,2052,318600,42.2432308333,-83.7390988889,19.0,6.92999982834,1136.0,47.4509811401,,,,,,,,,1.5625,,3.90625,
281.683497944,565,2052,319400,42.2432308333,-83.7390988889,19.0,6.92999982834,1253.0,47.4509811401,,,,,,,,,1.5625,,3.90625,
281.683497944,565,2052,319500,42.2432308333,-83.7390988889,19.0,8.22999954224,1253.0,47.4509811401,,,,,,,,,1.5625,,3.90625,
281.683497944,565,2052,319700,42.2432308333,-83.7390988889,22.0,8.22999954224,1253.0,47.4509811401,,,,,,,,,1.5625,,3.90625,
281.683497944,565,2052,320400,42.2433733333,-83.7391077778,22.0,8.22999954224,1253.0,47.4509811401,,,,,,,,,1.5625,,3.90625,
281.683497944,565,2052,320700,42.2433733333,-83.7391077778,26.0,8.22999954224,1253.0,47.4509811401,,,,,,,,,1.5625,,3.90625,
281.683497944,565,2052,321400,42.2433733333,-83.7391077778,26.0,8.22999954224,1579.0,47.4509811401,,,,,,,,,1.5625,,3.90625,
281.683497944,565,2052,321500,42.2433733333,-83.7391077778,26.0,14.6499996185,1579.0,47.4509811401,,,,,,,,,1.5625,,3.90625,
281.683497944,565,2052,321600,42.2433733333,-83.7391077778,26.0,14.6499996185,1579.0,74.509803772,,,,,,,,,1.5625,,3.90625,
281.683497944,565,2052,321800,42.2433733333,-83.7391077778,30.0,14.6499996185,1579.0,74.509803772,,,,,,,,,3.90625,,3.90625,
281.683497944,565,2052,322800,42.2433733333,-83.7391077778,34.0,14.6499996185,1579.0,74.509803772,,,,,,,,,3.90625,,3.90625,
281.683497944,565,2052,323400,42.2435916667,-83.7391241667,34.0,14.6499996185,1556.0,74.509803772,,,,,,,,,3.90625,,3.90625,
281.683497944,565,2052,323500,42.2435916667,-83.7391241667,34.0,8.72999954224,1556.0,74.509803772,,,,,,,,,3.90625,,3.90625,
281.683497944,565,2052,323800,42.2435916667,-83.7391241667,36.0,8.72999954224,1556.0,74.509803772,,,,,,,,,3.90625,,3.90625,
281.683497944,565,2052,324900,42.2435916667,-83.7391241667,37.0,8.72999954224,1556.0,74.509803772,,,,,,,,,3.90625,,3.90625,
281.683497944,565,2052,325400,42.2435916667,-83.7391241667,37.0,8.72999954224,1279.0,74.509803772,,,,,,,,,3.90625,,3.90625,
281.683497944,565,2052,325500,42.2435916667,-83.7391241667,37.0,7.35999965668,1279.0,74.509803772,,,,,,,,,3.90625,,3.90625,
281.683497944,565,2052,325900,42.2435916667,-83.7391241667,39.0,7.35999965668,1279.0,74.509803772,,,,,,,,,3.90625,,3.90625,
