DayNum,VehId,Trip,Timestamp(ms),Latitude[deg],Longitude[deg],Vehicle Speed[km/h],MAF[g/sec],Engine RPM[RPM],Absolute Load[%],OAT[DegC],Fuel Rate[L/hr],Air Conditioning Power[kW],Air Conditioning Power[Watts],Heater Power[Watts],HV Battery Current[A],HV Battery SOC[%],HV Battery Voltage[V],Short Term Fuel Trim Bank 1[%],Short Term Fuel Trim Bank 2[%],Long Term Fuel Trim Bank 1[%],Long Term Fuel Trim Bank 2[%]
10.7608646944,185,1540,0,42.3024808333,-83.7046136111,28.0,24.7099990845,2643.0,62.745098114,,,,,,,,,,,,
10.7608646944,185,1540,1100,42.3024808333,-83.7046136111,34.0,24.7099990845,2643.0,62.745098114,,,,,,,,,,,,
10.7608646944,185,1540,2100,42.3024808333,-83.7046136111,39.0,24.9699993134,2569.0,62.745098114,,,,,,,,,,,,
10.7608646944,185,1540,3200,42.3024808333,-83.7046136111,44.0,24.9699993134,2569.0,62.745098114,,,,,,,,,,,,
10.7608646944,185,1540,4200,42.3024808333,-83.7046136111,48.0,16.4599990845,2488.0,62.745098114,,,,,,,,,,,,
10.7608646944,185,1540,5200,42.3025,-83.7039105556,50.0,16.4599990845,2488.0,56.0784339905,,,,,,,,,,,,
10.7608646944,185,1540,6000,42.3025,-83.7039105556,50.0,16.4599990845,2488.0,56.0784339905,,,,,,,,,,,,
10.7608646944,185,1540,6100,42.3025,-83.7039105556,50.0,17.9099998474,1747.0,56.0784339905,,,,,,,,,,,,
10.7608646944,185,1540,6700,42.3025,-83.7039105556,52.0,17.9099998474,1747.0,56.0784339905,,,,,,,,,,,,
10.7608646944,185,1540,7800,42.3025,-83.7039105556,55.0,17.9099998474,1747.0,56.0784339905,,,,,,,,,,,,
10.7608646944,185,1540,8100,42.3025,-83.7039105556,55.0,17.7000007629,1861.0,56.0784339905,,,,,,,,,,,,
10.7608646944,185,1540,8800,42.3025,-83.7039105556,57.0,17.7000007629,1861.0,56.0784339905,,,,,,,,,,,,
10.7608646944,185,1540,9800,42.3025,-83.7039105556,59.0,17.7000007629,1861.0,56.0784339905,,,,,,,,,,,,
10.7608646944,185,1540,10100,42.3025,-83.7039105556,59.0,10.8000001907,1660.0,56.0784339905,,,,,,,,,,,,
10.7608646944,185,1540,10200,42.3025258333,-83.7029775,59.0,10.8000001907,1660.0,36.4705886841,,,,,,,,,,,,
10.7608646944,185,1540,10900,42.3025258333,-83.7029775,60.0,10.8000001907,1660.0,36.4705886841,,,,,,,,,,,,
10.7608646944,185,1540,12100,42.3025258333,-83.7029775,60.0,6.09999990463,1485.0,36.4705886841,,,,,,,,,,,,
10.7608646944,185,1540,14100,42.3025258333,-83.7029775,60.0,7.90999984741,1436.0,36.4705886841,,,,,,,,,,,,
10.7608646944,185,1540,15200,42.3025258333,-83.7029775,60.0,7.90999984741,1436.0,36.8627471924,,,,,,,,,,,,
10.7608646944,185,1540,15300,42.3025705556,-83.7019583333,60.0,7.90999984741,1436.0,36.8627471924,,,,,,,,,,,,
10.7608646944,185,1540,16100,42.3025705556,-83.7019583333,61.0,7.73999977112,1474.0,36.8627471924,,,,,,,,,,,,
10.7608646944,185,1540,17100,42.3025705556,-83.7019583333,62.0,7.73999977112,1474.0,36.8627471924,,,,,,,,,,,,
10.7608646944,185,1540,18200,42.3025705556,-83.7019583333,63.0,7.11000013351,1494.0,36.8627471924,,,,,,,,,,,,
10.7608646944,185,1540,19200,42.3025705556,-83.7019583333,64.0,7.11000013351,1494.0,36.8627471924,,,,,,,,,,,,
10.7608646944,185,1540,20200,42.3025705556,-83.7019583333,64.0,4.63999986649,1532.0,36.8627471924,,,,,,,,,,,,
10.7608646944,185,1540,20300,42.3027319444,-83.7009225,64.0,4.63999986649,1532.0,20.392156601,,,,,,,,,,,,
10.7608646944,185,1540,22300,42.3027319444,-83.7009225,63.0,4.98000001907,1581.0,20.392156601,,,,,,,,,,,,
10.7608646944,185,1540,23300,42.3027319444,-83.7009225,62.0,4.98000001907,1581.0,20.392156601,,,,,,,,,,,,
10.7608646944,185,1540,24400,42.3027319444,-83.7009225,61.0,6.86000013351,1416.0,20.392156601,,,,,,,,,,,,
10.7608646944,185,1540,25400,42.3029927778,-83.69994,60.0,6.86000013351,1416.0,46.2745094299,,,,,,,,,,,,
10.7608646944,185,1540,26500,42.3029927778,-83.69994,59.0,9.03999996185,1621.0,46.2745094299,,,,,,,,,,,,
10.7608646944,185,1540,27600,42.3029927778,-83.69994,58.0,9.03999996185,1621.0,46.2745094299,,,,,,,,,,,,
10.7608646944,185,1540,28600,42.3029927778,-83.69994,57.0,7.42000007629,1621.0,46.2745094299,,,,,,,,,,,,
10.7608646944,185,1540,29700,42.3029927778,-83.69994,56.0,7.42000007629,1621.0,46.2745094299,,,,,,,,,,,,
10.7608646944,185,1540,30700,42.3032886111,-83.6988438889,54.0,4.32000017166,1348.0,21.9607849121,,,,,,,,,,,,
10.7608646944,185,1540,31800,42.3032886111,-83.6988438889,53.0,4.32000017166,1348.0,21.9607849121,,,,,,,,,,,,
10.7608646944,185,1540,32800,42.3032886111,-83.6988438889,51.0,3.32999992371,1255.0,21.9607849121,,,,,,,,,,,,
10.7608646944,185,1540,33800,42.3032886111,-83.6988438889,49.0,3.32999992371,1255.0,21.9607849121,,,,,,,,,,,,
10.7608646944,185,1540,34900,42.3032886111,-83.6988438889,48.0,3.26999998093,1104.0,21.9607849121,,,,,,,,,,,,
10.7608646944,185,1540,35900,42.3035066667,-83.6980452778,47.0,3.26999998093,1104.0,17.6470584869,,,,,,,,,,,,
10.7608646944,185,1540,37000,42.3035066667,-83.6980452778,45.0,3.26999998093,1269.0,17.6470584869,,,,,,,,,,,,
10.7608646944,185,1540,38000,42.3035066667,-83.6980452778,44.0,3.26999998093,1269.0,17.6470584869,,,,,,,,,,,,
10.7608646944,185,1540,39000,42.3035066667,-83.6980452778,43.0,3.3599998951,1241.0,17.6470584869,,,,,,,,,,,,
10.7608646944,185,1540,41100,42.3037052778,-83.6973425,42.0,4.28999996185,1422.0,42.3529434204,,,,,,,,,,,,
10.7608646944,185,1540,43200,42.3037052778,-83.6973425,44.0,7.05999994278,1499.0,42.3529434204,,,,,,,,,,,,
10.7608646944,185,1540,44200,42.3037052778,-83.6973425,46.0,7.05999994278,1499.0,42.3529434204,,,,,,,,,,,,
10.7608646944,185,1540,45300,42.3037052778,-83.6973425,47.0,11.2299995422,1563.0,42.3529434204,,,,,,,,,,,,
10.7608646944,185,1540,46300,42.3039061111,-83.6966225,48.0,11.2299995422,1563.0,26.2745094299,,,,,,,,,,,,
10.7608646944,185,1540,47400,42.3039061111,-83.6966225,49.0,6.96000003815,1703.0,26.2745094299,,,,,,,,,,,,
10.7608646944,185,1540,49400,42.3039061111,-83.6966225,50.0,4.55999994278,1547.0,26.2745094299,,,,,,,,,,,,
10.7608646944,185,1540,51500,42.3041266667,-83.6958441667,50.0,8.43000030518,1772.0,23.5294113159,,,,,,,,,,,,
10.7608646944,185,1540,53600,42.3041266667,-83.6958441667,51.0,5.82000017166,1602.0,23.5294113159,,,,,,,,,,,,
10.7608646944,185,1540,54600,42.3041266667,-83.6958441667,52.0,5.82000017166,1602.0,23.5294113159,,,,,,,,,,,,
10.7608646944,185,1540,55700,42.3041266667,-83.6958441667,52.0,4.05000019073,1677.0,23.5294113159,,,,,,,,,,,,
10.7608646944,185,1540,56700,42.3043986111,-83.6948697222,52.0,4.05000019073,1677.0,14.9019613266,,,,,,,,,,,,
10.7608646944,185,1540,57800,42.3043986111,-83.6948697222,52.0,3.24000000954,1661.0,14.9019613266,,,,,,,,,,,,
10.7608646944,185,1540,58800,42.3043986111,-83.6948697222,51.0,3.24000000954,1661.0,14.9019613266,,,,,,,,,,,,
10.7608646944,185,1540,59900,42.3043986111,-83.6948697222,50.0,3.3900001049,1556.0,14.9019613266,,,,,,,,,,,,
10.7608646944,185,1540,61000,42.3043986111,-83.6948697222,44.0,3.3900001049,1556.0,14.9019613266,,,,,,,,,,,,
10.7608646944,185,1540,62000,42.3045783333,-83.6941025,42.0,6.44999980927,1525.0,28.627450943,,,,,,,,,,,,
10.7608646944,185,1540,63000,42.3045783333,-83.6941025,40.0,6.44999980927,1525.0,28.627450943,,,,,,,,,,,,
10.7608646944,185,1540,64100,42.3045783333,-83.6941025,39.0,11.0100002289,1448.0,28.627450943,,,,,,,,,,,,
10.7608646944,185,1540,66900,42.3045783333,-83.6941025,38.0,9.78999996185,1490.0,28.627450943,,,,,,,,,,,,
10.7608646944,185,1540,67000,42.3047366667,-83.6934766667,38.0,9.78999996185,1490.0,35.6862754822,,,,,,,,,,,,
10.7608646944,185,1540,67900,42.3047366667,-83.6934766667,31.0,9.78999996185,1490.0,35.6862754822,,,,,,,,,,,,
10.7608646944,185,1540,68800,42.3047366667,-83.6934766667,31.0,9.78999996185,1093.0,35.6862754822,,,,,,,,,,,,
10.7608646944,185,1540,68900,42.3047366667,-83.6934766667,31.0,4.36000013351,1093.0,35.6862754822,,,,,,,,,,,,
10.7608646944,185,1540,70000,42.3047366667,-83.6934766667,23.0,4.36000013351,1093.0,35.6862754822,,,,,,,,,,,,
10.7608646944,185,1540,70800,42.3047366667,-83.6934766667,23.0,4.36000013351,1097.0,35.6862754822,,,,,,,,,,,,
10.7608646944,185,1540,70900,42.3047366667,-83.6934766667,23.0,4.13000011444,1097.0,35.6862754822,,,,,,,,,,,,
10.7608646944,185,1540,72000,42.3047366667,-83.6934766667,21.0,4.13000011444,1097.0,35.6862754822,,,,,,,,,,,,
10.7608646944,185,1540,72100,42.3048188889,-83.6930152778,21.0,4.13000011444,1097.0,25.490196228,,,,,,,,,,,,
10.7608646944,185,1540,72900,42.3048188889,-83.6930152778,21.0,10.2299995422,1541.0,25.490196228,,,,,,,,,,,,
10.7608646944,185,1540,74100,42.3048188889,-83.6930152778,22.0,10.2299995422,1541.0,25.490196228,,,,,,,,,,,,
10.7608646944,185,1540,75000,42.3048188889,-83.6930152778,22.0,16.9300003052,2359.0,25.490196228,,,,,,,,,,,,
10.7608646944,185,1540,75200,42.3048188889,-83.6930152778,26.0,16.9300003052,2359.0,25.490196228,,,,,,,,,,,,
10.7608646944,185,1540,76200,42.3048188889,-83.6930152778,30.0,16.9300003052,2359.0,25.490196228,,,,,,,,,,,,
10.7608646944,185,1540,77000,42.3048188889,-83.6930152778,30.0,15.4099998474,1784.0,25.490196228,,,,,,,,,,,,
10.7608646944,185,1540,77100,42.30454,-83.6928461111,30.0,15.4099998474,1784.0,58.4313735962,,,,,,,,,,,,
10.7608646944,185,1540,77200,42.30454,-83.6928461111,33.0,15.4099998474,1784.0,58.4313735962,,,,,,,,,,,,
10.7608646944,185,1540,78300,42.30454,-83.6928461111,37.0,15.4099998474,1784.0,58.4313735962,,,,,,,,,,,,
10.7608646944,185,1540,79100,42.30454,-83.6928461111,37.0,18.2299995422,1818.0,58.4313735962,,,,,,,,,,,,
10.7608646944,185,1540,79300,42.30454,-83.6928461111,40.0,18.2299995422,1818.0,58.4313735962,,,,,,,,,,,,
10.7608646944,185,1540,80400,42.30454,-83.6928461111,44.0,18.2299995422,1818.0,58.4313735962,,,,,,,,,,,,
10.7608646944,185,1540,81200,42.30454,-83.6928461111,44.0,15.3100004196,2125.0,58.4313735962,,,,,,,,,,,,
10.7608646944,185,1540,81400,42.30454,-83.6928461111,47.0,15.3100004196,2125.0,58.4313735962,,,,,,,,,,,,
10.7608646944,185,1540,82200,42.3040141667,-83.6927861111,47.0,15.3100004196,2125.0,41.5686264038,,,,,,,,,,,,
10.7608646944,185,1540,82500,42.3040141667,-83.6927861111,50.0,15.3100004196,2125.0,41.5686264038,,,,,,,,,,,,
10.7608646944,185,1540,83300,42.3040141667,-83.6927861111,50.0,11.3000001907,1698.0,41.5686264038,,,,,,,,,,,,
10.7608646944,185,1540,83500,42.3040141667,-83.6927861111,52.0,11.3000001907,1698.0,41.5686264038,,,,,,,,,,,,
10.7608646944,185,1540,84500,42.3040141667,-83.6927861111,55.0,11.3000001907,1698.0,41.5686264038,,,,,,,,,,,,
10.7608646944,185,1540,85400,42.3040141667,-83.6927861111,55.0,10.1000003815,1880.0,41.5686264038,,,,,,,,,,,,
10.7608646944,185,1540,85600,42.3040141667,-83.6927861111,57.0,10.1000003815,1880.0,41.5686264038,,,,,,,,,,,,
10.7608646944,185,1540,86600,42.3040141667,-83.6927861111,59.0,10.1000003815,1880.0,41.5686264038,,,,,,,,,,,,
10.7608646944,185,1540,87400,42.3033216667,-83.6927425,59.0,16.0799999237,1622.0,67.0588226318,,,,,,,,,,,,
10.7608646944,185,1540,87700,42.3033216667,-83.6927425,61.0,16.0799999237,1622.0,67.0588226318,,,,,,,,,,,,
10.7608646944,185,1540,88700,42.3033216667,-83.6927425,65.0,16.0799999237,1622.0,67.0588226318,,,,,,,,,,,,
10.7608646944,185,1540,89500,42.3033216667,-83.6927425,65.0,17.6000003815,1571.0,67.0588226318,,,,,,,,,,,,
10.7608646944,185,1540,90800,42.3033216667,-83.6927425,67.0,17.6000003815,1571.0,67.0588226318,,,,,,,,,,,,
10.7608646944,185,1540,91700,42.3033216667,-83.6927425,67.0,16.2700004578,1651.0,67.0588226318,,,,,,,,,,,,
10.7608646944,185,1540,91800,42.3033216667,-83.6927425,68.0,16.2700004578,1651.0,67.0588226318,,,,,,,,,,,,
10.7608646944,185,1540,92800,42.3023366667,-83.6926983333,68.0,16.2700004578,1651.0,41.9607849121,,,,,,,,,,,,
10.7608646944,185,1540,92900,42.3023366667,-83.6926983333,69.0,16.2700004578,1651.0,41.9607849121,,,,,,,,,,,,
10.7608646944,185,1540,93800,42.3023366667,-83.6926983333,69.0,7.21999979019,1657.0,41.9607849121,,,,,,,,,,,,
10.7608646944,185,1540,95900,42.3023366667,-83.6926983333,69.0,4.05000019073,1646.0,41.9607849121,,,,,,,,,,,,
10.7608646944,185,1540,96000,42.3023366667,-83.6926983333,68.0,4.05000019073,1646.0,41.9607849121,,,,,,,,,,,,
10.7608646944,185,1540,98000,42.3014777778,-83.6926816667,67.0,5.32999992371,1578.0,22.3529415131,,,,,,,,,,,,
10.7608646944,185,1540,100100,42.3014777778,-83.6926816667,67.0,12.7600002289,1696.0,22.3529415131,,,,,,,,,,,,
10.7608646944,185,1540,102100,42.3014777778,-83.6926816667,67.0,12.7600002289,1667.0,22.3529415131,,,,,,,,,,,,
10.7608646944,185,1540,102200,42.3014777778,-83.6926816667,66.0,9.53999996185,1667.0,22.3529415131,,,,,,,,,,,,
10.7608646944,185,1540,103200,42.3006416667,-83.6926675,66.0,9.53999996185,1667.0,61.9607849121,,,,,,,,,,,,
10.7608646944,185,1540,104200,42.3006416667,-83.6926675,66.0,11.4399995804,1566.0,61.9607849121,,,,,,,,,,,,
10.7608646944,185,1540,104300,42.3006416667,-83.6926675,65.0,11.4399995804,1566.0,61.9607849121,,,,,,,,,,,,
10.7608646944,185,1540,106300,42.3006416667,-83.6926675,65.0,7.26999998093,1484.0,61.9607849121,,,,,,,,,,,,
10.7608646944,185,1540,108400,42.299825,-83.6926530556,65.0,11.9499998093,1675.0,48.6274528503,,,,,,,,,,,,
10.7608646944,185,1540,108500,42.299825,-83.6926530556,64.0,11.9499998093,1675.0,48.6274528503,,,,,,,,,,,,
10.7608646944,185,1540,110500,42.299825,-83.6926530556,64.0,5.28999996185,1527.0,48.6274528503,,,,,,,,,,,,
10.7608646944,185,1540,111600,42.299825,-83.6926530556,63.0,5.28999996185,1527.0,48.6274528503,,,,,,,,,,,,
10.7608646944,185,1540,112600,42.299825,-83.6926530556,62.0,11.3000001907,1695.0,48.6274528503,,,,,,,,,,,,
10.7608646944,185,1540,113600,42.2990263889,-83.6926341667,62.0,11.3000001907,1695.0,30.1960792542,,,,,,,,,,,,
10.7608646944,185,1540,114600,42.2990263889,-83.6926341667,62.0,6.44999980927,1451.0,30.1960792542,,,,,,,,,,,,
10.7608646944,185,1540,114700,42.2990263889,-83.6926341667,61.0,6.44999980927,1451.0,30.1960792542,,,,,,,,,,,,
10.7608646944,185,1540,115700,42.2990263889,-83.6926341667,62.0,6.44999980927,1451.0,30.1960792542,,,,,,,,,,,,
10.7608646944,185,1540,116700,42.2990263889,-83.6926341667,62.0,4.98000001907,1556.0,30.1960792542,,,,,,,,,,,,
10.7608646944,185,1540,117800,42.2990263889,-83.6926341667,63.0,4.98000001907,1556.0,30.1960792542,,,,,,,,,,,,
10.7608646944,185,1540,118800,42.2980808333,-83.6926175,64.0,3.26999998093,1506.0,15.2941179276,,,,,,,,,,,,
10.7608646944,185,1540,120900,42.2980808333,-83.6926175,64.0,3.17000007629,1443.0,15.2941179276,,,,,,,,,,,,
10.7608646944,185,1540,122000,42.2980808333,-83.6926175,63.0,3.17000007629,1443.0,15.2941179276,,,,,,,,,,,,
10.7608646944,185,1540,123000,42.2980808333,-83.6926175,63.0,3.1099998951,1431.0,15.2941179276,,,,,,,,,,,,
10.7608646944,185,1540,124000,42.2972822222,-83.6926086111,63.0,3.1099998951,1431.0,20.7843132019,,,,,,,,,,,,
10.7608646944,185,1540,125000,42.2972822222,-83.6926086111,63.0,4.13000011444,1542.0,20.7843132019,,,,,,,,,,,,
10.7608646944,185,1540,127900,42.2972822222,-83.6926086111,62.0,14.1899995804,1925.0,20.7843132019,,,,,,,,,,,,
10.7608646944,185,1540,129000,42.2964975,-83.6925947222,62.0,14.1899995804,1925.0,67.4509811401,,,,,,,,,,,,
10.7608646944,185,1540,129900,42.2964975,-83.6925947222,62.0,14.8299999237,1559.0,67.4509811401,,,,,,,,,,,,
10.7608646944,185,1540,131000,42.2964975,-83.6925947222,61.0,14.8299999237,1559.0,67.4509811401,,,,,,,,,,,,
10.7608646944,185,1540,131900,42.2964975,-83.6925947222,61.0,14.279999733,2018.0,67.4509811401,,,,,,,,,,,,
10.7608646944,185,1540,133900,42.2964975,-83.6925947222,61.0,15.8800001144,2060.0,67.4509811401,,,,,,,,,,,,
10.7608646944,185,1540,134000,42.2957291667,-83.6925827778,61.0,15.8800001144,2060.0,67.4509811401,,,,,,,,,,,,
10.7608646944,185,1540,134100,42.2957291667,-83.6925827778,61.0,15.8800001144,2060.0,53.3333358765,,,,,,,,,,,,
10.7608646944,185,1540,135200,42.2957291667,-83.6925827778,62.0,15.8800001144,2060.0,53.3333358765,,,,,,,,,,,,
10.7608646944,185,1540,136000,42.2957291667,-83.6925827778,62.0,7.21999979019,1691.0,53.3333358765,,,,,,,,,,,,
10.7608646944,185,1540,138100,42.2957291667,-83.6925827778,62.0,5.86999988556,1571.0,53.3333358765,,,,,,,,,,,,
10.7608646944,185,1540,138300,42.2957291667,-83.6925827778,61.0,5.86999988556,1571.0,53.3333358765,,,,,,,,,,,,
10.7608646944,185,1540,139100,42.2949555556,-83.6925761111,61.0,5.86999988556,1571.0,37.254901886,,,,,,,,,,,,
10.7608646944,185,1540,140200,42.2949555556,-83.6925761111,61.0,9.53999996185,1512.0,37.254901886,,,,,,,,,,,,
10.7608646944,185,1540,142200,42.2949555556,-83.6925761111,61.0,6.80000019073,1484.0,37.254901886,,,,,,,,,,,,
10.7608646944,185,1540,142500,42.2949555556,-83.6925761111,62.0,6.80000019073,1484.0,37.254901886,,,,,,,,,,,,
10.7608646944,185,1540,144300,42.2941825,-83.6925558333,62.0,3.1400001049,1393.0,14.509803772,,,,,,,,,,,,
10.7608646944,185,1540,144500,42.2941825,-83.6925558333,61.0,3.1400001049,1393.0,14.509803772,,,,,,,,,,,,
10.7608646944,185,1540,146400,42.2941825,-83.6925558333,61.0,3.78999996185,1588.0,14.509803772,,,,,,,,,,,,
10.7608646944,185,1540,148500,42.2941825,-83.6925558333,61.0,2.99000000954,1366.0,14.509803772,,,,,,,,,,,,
10.7608646944,185,1540,148700,42.2941825,-83.6925558333,60.0,2.99000000954,1366.0,14.509803772,,,,,,,,,,,,
10.7608646944,185,1540,149500,42.2934122222,-83.6925419444,60.0,2.99000000954,1366.0,50.5882377625,,,,,,,,,,,,
10.7608646944,185,1540,150500,42.2934122222,-83.6925419444,60.0,2.99000000954,1575.0,50.5882377625,,,,,,,,,,,,
10.7608646944,185,1540,150600,42.2934122222,-83.6925419444,60.0,4.84999990463,1575.0,50.5882377625,,,,,,,,,,,,
10.7608646944,185,1540,152600,42.2934122222,-83.6925419444,60.0,4.51999998093,1472.0,50.5882377625,,,,,,,,,,,,
10.7608646944,185,1540,152900,42.2934122222,-83.6925419444,61.0,4.51999998093,1472.0,50.5882377625,,,,,,,,,,,,
10.7608646944,185,1540,154700,42.2924913889,-83.6925005556,61.0,4.32000017166,1338.0,21.9607849121,,,,,,,,,,,,
10.7608646944,185,1540,154900,42.2924913889,-83.6925005556,62.0,4.32000017166,1338.0,21.9607849121,,,,,,,,,,,,
10.7608646944,185,1540,156800,42.2924913889,-83.6925005556,62.0,3.3900001049,1303.0,21.9607849121,,,,,,,,,,,,
10.7608646944,185,1540,158000,42.2924913889,-83.6925005556,61.0,3.3900001049,1303.0,21.9607849121,,,,,,,,,,,,
10.7608646944,185,1540,159000,42.2924913889,-83.6925005556,61.0,3.6400001049,1447.0,21.9607849121,,,,,,,,,,,,
10.7608646944,185,1540,160100,42.2917208333,-83.6924669444,61.0,3.6400001049,1447.0,16.4705886841,,,,,,,,,,,,
10.7608646944,185,1540,161100,42.2917208333,-83.6924669444,61.0,3.29999995232,1382.0,16.4705886841,,,,,,,,,,,,
10.7608646944,185,1540,161200,42.2917208333,-83.6924669444,59.0,3.29999995232,1382.0,16.4705886841,,,,,,,,,,,,
10.7608646944,185,1540,163200,42.2917208333,-83.6924669444,59.0,2.52999997139,1020.0,16.4705886841,,,,,,,,,,,,
10.7608646944,185,1540,163300,42.2917208333,-83.6924669444,54.0,2.52999997139,1020.0,16.4705886841,,,,,,,,,,,,
10.7608646944,185,1540,165300,42.2910027778,-83.6924411111,53.0,3.29999995232,1197.0,18.4313735962,,,,,,,,,,,,
10.7608646944,185,1540,166400,42.2910027778,-83.6924411111,51.0,3.29999995232,1197.0,18.4313735962,,,,,,,,,,,,
10.7608646944,185,1540,167400,42.2910027778,-83.6924411111,50.0,10.8699998856,1721.0,18.4313735962,,,,,,,,,,,,
10.7608646944,185,1540,169400,42.2910027778,-83.6924411111,50.0,10.8699998856,1387.0,18.4313735962,,,,,,,,,,,,
10.7608646944,185,1540,169500,42.2910027778,-83.6924411111,51.0,10.8699998856,1387.0,18.4313735962,,,,,,,,,,,,
10.7608646944,185,1540,170500,42.2903736111,-83.69242,52.0,10.8699998856,1387.0,55.2941169739,,,,,,,,,,,,
10.7608646944,185,1540,171500,42.2903736111,-83.69242,52.0,11.0100002289,1372.0,55.2941169739,,,,,,,,,,,,
10.7608646944,185,1540,171600,42.2903736111,-83.69242,53.0,11.0100002289,1372.0,55.2941169739,,,,,,,,,,,,
10.7608646944,185,1540,172600,42.2903736111,-83.69242,55.0,11.0100002289,1372.0,55.2941169739,,,,,,,,,,,,
10.7608646944,185,1540,173600,42.2903736111,-83.69242,55.0,11.4399995804,1449.0,55.2941169739,,,,,,,,,,,,
10.7608646944,185,1540,173700,42.2903736111,-83.69242,56.0,11.4399995804,1449.0,55.2941169739,,,,,,,,,,,,
10.7608646944,185,1540,174700,42.2903736111,-83.69242,57.0,11.4399995804,1449.0,55.2941169739,,,,,,,,,,,,
10.7608646944,185,1540,175700,42.2895361111,-83.6923908333,57.0,4.32000017166,899.0,31.764705658,,,,,,,,,,,,
10.7608646944,185,1540,177800,42.2895361111,-83.6923908333,56.0,3.46000003815,1223.0,31.764705658,,,,,,,,,,,,
10.7608646944,185,1540,178800,42.2895361111,-83.6923908333,54.0,3.46000003815,1223.0,31.764705658,,,,,,,,,,,,
10.7608646944,185,1540,179800,42.2895361111,-83.6923908333,54.0,3.54999995232,1124.0,31.764705658,,,,,,,,,,,,
10.7608646944,185,1540,179900,42.2895361111,-83.6923908333,51.0,3.54999995232,1124.0,31.764705658,,,,,,,,,,,,
10.7608646944,185,1540,180900,42.2888658333,-83.6923775,48.0,3.54999995232,1124.0,22.3529415131,,,,,,,,,,,,
10.7608646944,185,1540,181900,42.2888658333,-83.6923775,48.0,5.42000007629,1351.0,22.3529415131,,,,,,,,,,,,
10.7608646944,185,1540,183000,42.2888658333,-83.6923775,46.0,5.42000007629,1351.0,22.3529415131,,,,,,,,,,,,
10.7608646944,185,1540,184000,42.2888658333,-83.6923775,46.0,2.84999990463,1272.0,22.3529415131,,,,,,,,,,,,
10.7608646944,185,1540,184100,42.2888658333,-83.6923775,41.0,2.84999990463,1272.0,22.3529415131,,,,,,,,,,,,
10.7608646944,185,1540,185100,42.2888658333,-83.6923775,32.0,2.84999990463,1272.0,22.3529415131,,,,,,,,,,,,
10.7608646944,185,1540,186100,42.2883641667,-83.6923511111,26.0,3.3900001049,1212.0,19.2156867981,,,,,,,,,,,,
10.7608646944,185,1540,187200,42.2883641667,-83.6923511111,14.0,3.3900001049,1212.0,19.2156867981,,,,,,,,,,,,
10.7608646944,185,1540,188900,42.2883641667,-83.6923511111,14.0,3.3599998951,881.0,19.2156867981,,,,,,,,,,,,
10.7608646944,185,1540,189900,42.2883641667,-83.6923511111,7.0,3.3599998951,881.0,19.2156867981,,,,,,,,,,,,
10.7608646944,185,1540,191000,42.2883641667,-83.6923511111,7.0,3.3599998951,854.0,19.2156867981,,,,,,,,,,,,
10.7608646944,185,1540,191100,42.2883641667,-83.6923511111,7.0,4.25,854.0,19.2156867981,,,,,,,,,,,,
10.7608646944,185,1540,191300,42.2883641667,-83.6923511111,7.0,4.25,854.0,36.0784301758,,,,,,,,,,,,
10.7608646944,185,1540,191900,42.2883641667,-83.6923511111,0.0,4.25,854.0,36.0784301758,,,,,,,,,,,,
10.7608646944,185,1540,193000,42.2883641667,-83.6923511111,0.0,4.25,834.0,36.0784301758,,,,,,,,,,,,
10.7608646944,185,1540,195100,42.2883641667,-83.6923511111,0.0,4.25,806.0,36.0784301758,,,,,,,,,,,,
10.7608646944,185,1540,196100,42.2883641667,-83.6923511111,0.0,3.57999992371,806.0,36.0784301758,,,,,,,,,,,,
10.7608646944,185,1540,196300,42.2883641667,-83.6923511111,0.0,3.57999992371,806.0,30.5882358551,,,,,,,,,,,,
10.7608646944,185,1540,197100,42.2882008333,-83.6923377778,0.0,3.57999992371,1083.0,30.5882358551,,,,,,,,,,,,
10.7608646944,185,1540,197200,42.2882008333,-83.6923377778,0.0,3.57999992371,1277.0,30.5882358551,,,,,,,,,,,,
10.7608646944,185,1540,197300,42.2882008333,-83.6923377778,0.0,6.19999980927,1277.0,32.9411773682,,,,,,,,,,,,
10.7608646944,185,1540,197900,42.2882008333,-83.6923377778,7.0,6.19999980927,1277.0,32.9411773682,,,,,,,,,,,,
10.7608646944,185,1540,199200,42.2882008333,-83.6923377778,7.0,6.19999980927,1467.0,32.9411773682,,,,,,,,,,,,
10.7608646944,185,1540,199300,42.2882008333,-83.6923377778,7.0,4.67999982834,1467.0,32.9411773682,,,,,,,,,,,,
10.7608646944,185,1540,201000,42.2882008333,-83.6923377778,9.0,4.67999982834,1467.0,32.9411773682,,,,,,,,,,,,
10.7608646944,185,1540,201200,42.2882008333,-83.6923377778,9.0,8.72999954224,1729.0,32.9411773682,,,,,,,,,,,,
10.7608646944,185,1540,202100,42.2880872222,-83.6923561111,12.0,8.72999954224,1729.0,32.9411773682,,,,,,,,,,,,
10.7608646944,185,1540,202400,42.2880872222,-83.6923561111,12.0,8.72999954224,1729.0,39.2156867981,,,,,,,,,,,,
10.7608646944,185,1540,203100,42.2880872222,-83.6923561111,16.0,8.72999954224,1729.0,39.2156867981,,,,,,,,,,,,
10.7608646944,185,1540,203200,42.2880872222,-83.6923561111,16.0,14.1000003815,2394.0,39.2156867981,,,,,,,,,,,,
10.7608646944,185,1540,204100,42.2880872222,-83.6923561111,19.0,14.1000003815,2394.0,39.2156867981,,,,,,,,,,,,
10.7608646944,185,1540,205200,42.2880872222,-83.6923561111,22.0,14.9300003052,1763.0,39.2156867981,,,,,,,,,,,,
10.7608646944,185,1540,206200,42.2880872222,-83.6923561111,26.0,14.9300003052,1763.0,39.2156867981,,,,,,,,,,,,
10.7608646944,185,1540,207300,42.2879530556,-83.6920877778,30.0,22.2399997711,2257.0,39.2156867981,,,,,,,,,,,,
10.7608646944,185,1540,207400,42.2879530556,-83.6920877778,30.0,22.2399997711,2257.0,65.490196228,,,,,,,,,,,,
10.7608646944,185,1540,208300,42.2879530556,-83.6920877778,35.0,22.2399997711,2257.0,65.490196228,,,,,,,,,,,,
10.7608646944,185,1540,209300,42.2879530556,-83.6920877778,39.0,22.2399997711,2257.0,65.490196228,,,,,,,,,,,,
10.7608646944,185,1540,209400,42.2879530556,-83.6920877778,39.0,21.3299999237,1951.0,65.490196228,,,,,,,,,,,,
10.7608646944,185,1540,210400,42.2879530556,-83.6920877778,43.0,21.3299999237,1951.0,65.490196228,,,,,,,,,,,,
10.7608646944,185,1540,211400,42.2879530556,-83.6920877778,47.0,24.0599994659,2148.0,65.490196228,,,,,,,,,,,,
10.7608646944,185,1540,212500,42.2879913889,-83.6913925,51.0,24.0599994659,2148.0,56.8627471924,,,,,,,,,,,,
10.7608646944,185,1540,213500,42.2879913889,-83.6913925,54.0,18.7600002289,1880.0,56.8627471924,,,,,,,,,,,,
10.7608646944,185,1540,214600,42.2879913889,-83.6913925,58.0,18.7600002289,1880.0,56.8627471924,,,,,,,,,,,,
10.7608646944,185,1540,215600,42.2879913889,-83.6913925,61.0,20.8700008392,2068.0,56.8627471924,,,,,,,,,,,,
10.7608646944,185,1540,216600,42.2879913889,-83.6913925,65.0,20.8700008392,2068.0,56.8627471924,,,,,,,,,,,,
10.7608646944,185,1540,217700,42.2880477778,-83.6902366667,66.0,12.6800003052,1845.0,47.8431396484,,,,,,,,,,,,
10.7608646944,185,1540,218700,42.2880477778,-83.6902366667,67.0,12.6800003052,1845.0,47.8431396484,,,,,,,,,,,,
10.7608646944,185,1540,219800,42.2880477778,-83.6902366667,67.0,7.57999992371,1716.0,47.8431396484,,,,,,,,,,,,
10.7608646944,185,1540,220800,42.2880477778,-83.6902366667,66.0,7.57999992371,1716.0,47.8431396484,,,,,,,,,,,,
10.7608646944,185,1540,221800,42.2880477778,-83.6902366667,65.0,9.60000038147,1479.0,47.8431396484,,,,,,,,,,,,
10.7608646944,185,1540,222900,42.2880716667,-83.6891252778,64.0,9.60000038147,1479.0,41.1764717102,,,,,,,,,,,,
10.7608646944,185,1540,223900,42.2880716667,-83.6891252778,63.0,8.26000022888,1489.0,41.1764717102,,,,,,,,,,,,
10.7608646944,185,1540,225100,42.2880716667,-83.6891252778,62.0,8.26000022888,1489.0,41.1764717102,,,,,,,,,,,,
10.7608646944,185,1540,226200,42.2880716667,-83.6891252778,63.0,11.5200004578,1464.0,41.1764717102,,,,,,,,,,,,
10.7608646944,185,1540,228200,42.28808,-83.6880513889,64.0,11.7299995422,1543.0,52.9411773682,,,,,,,,,,,,
10.7608646944,185,1540,230300,42.28808,-83.6880513889,64.0,13.5699996948,1569.0,52.9411773682,,,,,,,,,,,,
10.7608646944,185,1540,232400,42.28808,-83.6880513889,64.0,4.67999982834,1635.0,52.9411773682,,,,,,,,,,,,
10.7608646944,185,1540,233400,42.2881186111,-83.6869569444,62.0,4.67999982834,1635.0,20.7843132019,,,,,,,,,,,,
10.7608646944,185,1540,234500,42.2881186111,-83.6869569444,61.0,5.19999980927,1393.0,20.7843132019,,,,,,,,,,,,
10.7608646944,185,1540,236600,42.2881186111,-83.6869569444,60.0,8.67000007629,1636.0,20.7843132019,,,,,,,,,,,,
10.7608646944,185,1540,238600,42.2881594444,-83.6857227778,60.0,9.28999996185,1448.0,43.9215698242,,,,,,,,,,,,
10.7608646944,185,1540,240700,42.2881594444,-83.6857227778,60.0,4.80999994278,1496.0,43.9215698242,,,,,,,,,,,,
10.7608646944,185,1540,241800,42.2881594444,-83.6857227778,59.0,4.80999994278,1496.0,43.9215698242,,,,,,,,,,,,
10.7608646944,185,1540,242800,42.2881594444,-83.6857227778,58.0,12.2399997711,1624.0,43.9215698242,,,,,,,,,,,,
10.7608646944,185,1540,243800,42.2881841667,-83.6847241667,60.0,12.2399997711,1624.0,52.9411773682,,,,,,,,,,,,
10.7608646944,185,1540,244900,42.2881841667,-83.6847241667,61.0,11.6599998474,1541.0,52.9411773682,,,,,,,,,,,,
10.7608646944,185,1540,245900,42.2881841667,-83.6847241667,62.0,11.6599998474,1541.0,52.9411773682,,,,,,,,,,,,
10.7608646944,185,1540,247000,42.2881841667,-83.6847241667,60.0,3.01999998093,1369.0,52.9411773682,,,,,,,,,,,,
10.7608646944,185,1540,248000,42.2881841667,-83.6847241667,57.0,3.01999998093,1369.0,52.9411773682,,,,,,,,,,,,
10.7608646944,185,1540,249700,42.2882161111,-83.6835672222,52.0,2.69000005722,1163.0,16.0784320831,,,,,,,,,,,,
10.7608646944,185,1540,250800,42.2882161111,-83.6835672222,46.0,2.69000005722,1163.0,16.0784320831,,,,,,,,,,,,
10.7608646944,185,1540,251700,42.2882161111,-83.6835672222,46.0,2.78999996185,1300.0,16.0784320831,,,,,,,,,,,,
10.7608646944,185,1540,251800,42.2882161111,-83.6835672222,42.0,2.78999996185,1300.0,16.0784320831,,,,,,,,,,,,
10.7608646944,185,1540,252800,42.2882161111,-83.6835672222,37.0,2.78999996185,1300.0,16.0784320831,,,,,,,,,,,,
10.7608646944,185,1540,253700,42.2882161111,-83.6835672222,37.0,3.21000003815,852.0,16.0784320831,,,,,,,,,,,,
10.7608646944,185,1540,253900,42.2882161111,-83.6835672222,32.0,3.21000003815,852.0,16.0784320831,,,,,,,,,,,,
10.7608646944,185,1540,254800,42.28824,-83.6829366667,32.0,3.21000003815,852.0,17.6470584869,,,,,,,,,,,,
10.7608646944,185,1540,254900,42.28824,-83.6829366667,24.0,3.21000003815,852.0,17.6470584869,,,,,,,,,,,,
10.7608646944,185,1540,255700,42.28824,-83.6829366667,24.0,3.21000003815,1112.0,17.6470584869,,,,,,,,,,,,
10.7608646944,185,1540,255800,42.28824,-83.6829366667,24.0,3.1099998951,1112.0,17.6470584869,,,,,,,,,,,,
10.7608646944,185,1540,257000,42.28824,-83.6829366667,17.0,3.1099998951,1112.0,17.6470584869,,,,,,,,,,,,
10.7608646944,185,1540,258000,42.28824,-83.6829366667,17.0,11.7299995422,1323.0,17.6470584869,,,,,,,,,,,,
10.7608646944,185,1540,258100,42.28824,-83.6829366667,15.0,11.7299995422,1323.0,17.6470584869,,,,,,,,,,,,
10.7608646944,185,1540,259200,42.28824,-83.6829366667,18.0,11.7299995422,1323.0,17.6470584869,,,,,,,,,,,,
10.7608646944,185,1540,260100,42.2881911111,-83.6826422222,18.0,11.5200004578,1459.0,52.1568641663,,,,,,,,,,,,
10.7608646944,185,1540,260200,42.2881911111,-83.6826422222,22.0,11.5200004578,1459.0,52.1568641663,,,,,,,,,,,,
10.7608646944,185,1540,262200,42.2881911111,-83.6826422222,22.0,18.8600006104,2348.0,52.1568641663,,,,,,,,,,,,
10.7608646944,185,1540,262300,42.2881911111,-83.6826422222,25.0,18.8600006104,2348.0,52.1568641663,,,,,,,,,,,,
10.7608646944,185,1540,263300,42.2881911111,-83.6826422222,29.0,18.8600006104,2348.0,52.1568641663,,,,,,,,,,,,
10.7608646944,185,1540,264200,42.2881911111,-83.6826422222,29.0,21.3299999237,2497.0,52.1568641663,,,,,,,,,,,,
10.7608646944,185,1540,264400,42.2881911111,-83.6826422222,33.0,21.3299999237,2497.0,52.1568641663,,,,,,,,,,,,
10.7608646944,185,1540,265300,42.2878730556,-83.6825827778,33.0,21.3299999237,2497.0,62.3529434204,,,,,,,,,,,,
10.7608646944,185,1540,265400,42.2878730556,-83.6825827778,37.0,21.3299999237,2497.0,62.3529434204,,,,,,,,,,,,
10.7608646944,185,1540,266300,42.2878730556,-83.6825827778,37.0,17.7999992371,1809.0,62.3529434204,,,,,,,,,,,,
10.7608646944,185,1540,266500,42.2878730556,-83.6825827778,43.0,17.7999992371,1809.0,62.3529434204,,,,,,,,,,,,
10.7608646944,185,1540,268400,42.2878730556,-83.6825827778,43.0,11.6599998474,2102.0,62.3529434204,,,,,,,,,,,,
10.7608646944,185,1540,268500,42.2878730556,-83.6825827778,46.0,11.6599998474,2102.0,62.3529434204,,,,,,,,,,,,
10.7608646944,185,1540,269600,42.2878730556,-83.6825827778,47.0,11.6599998474,2102.0,62.3529434204,,,,,,,,,,,,
10.7608646944,185,1540,270500,42.2873361111,-83.6825441667,47.0,13.4799995422,1641.0,53.7254905701,,,,,,,,,,,,
10.7608646944,185,1540,270600,42.2873361111,-83.6825441667,49.0,13.4799995422,1641.0,53.7254905701,,,,,,,,,,,,
10.7608646944,185,1540,271600,42.2873361111,-83.6825441667,51.0,13.4799995422,1641.0,53.7254905701,,,,,,,,,,,,
10.7608646944,185,1540,272600,42.2873361111,-83.6825441667,51.0,13.5699996948,1724.0,53.7254905701,,,,,,,,,,,,
10.7608646944,185,1540,272700,42.2873361111,-83.6825441667,53.0,13.5699996948,1724.0,53.7254905701,,,,,,,,,,,,
10.7608646944,185,1540,273700,42.2873361111,-83.6825441667,55.0,13.5699996948,1724.0,53.7254905701,,,,,,,,,,,,
10.7608646944,185,1540,274600,42.2873361111,-83.6825441667,55.0,15.8800001144,1855.0,53.7254905701,,,,,,,,,,,,
10.7608646944,185,1540,274800,42.2873361111,-83.6825441667,57.0,15.8800001144,1855.0,53.7254905701,,,,,,,,,,,,
10.7608646944,185,1540,275700,42.2865283333,-83.6824586111,57.0,15.8800001144,1855.0,57.254901886,,,,,,,,,,,,
10.7608646944,185,1540,275800,42.2865283333,-83.6824586111,59.0,15.8800001144,1855.0,57.254901886,,,,,,,,,,,,
10.7608646944,185,1540,276700,42.2865283333,-83.6824586111,59.0,14.4600000381,2055.0,57.254901886,,,,,,,,,,,,
10.7608646944,185,1540,276900,42.2865283333,-83.6824586111,61.0,14.4600000381,2055.0,57.254901886,,,,,,,,,,,,
10.7608646944,185,1540,278800,42.2865283333,-83.6824586111,61.0,2.96000003815,1368.0,57.254901886,,,,,,,,,,,,
10.7608646944,185,1540,280000,42.2865283333,-83.6824586111,59.0,2.96000003815,1368.0,57.254901886,,,,,,,,,,,,
10.7608646944,185,1540,280900,42.2857727778,-83.6824227778,59.0,2.86999988556,1297.0,14.9019613266,,,,,,,,,,,,
10.7608646944,185,1540,281000,42.2857727778,-83.6824227778,58.0,2.86999988556,1297.0,14.9019613266,,,,,,,,,,,,
10.7608646944,185,1540,283000,42.2857727778,-83.6824227778,58.0,5.59999990463,1484.0,14.9019613266,,,,,,,,,,,,
10.7608646944,185,1540,283100,42.2857727778,-83.6824227778,57.0,5.59999990463,1484.0,14.9019613266,,,,,,,,,,,,
10.7608646944,185,1540,285000,42.2857727778,-83.6824227778,57.0,3.91000008583,1118.0,14.9019613266,,,,,,,,,,,,
10.7608646944,185,1540,285200,42.2857727778,-83.6824227778,58.0,3.91000008583,1118.0,14.9019613266,,,,,,,,,,,,
10.7608646944,185,1540,286100,42.2850461111,-83.6823986111,58.0,3.91000008583,1118.0,22.3529415131,,,,,,,,,,,,
10.7608646944,185,1540,286200,42.2850461111,-83.6823986111,59.0,3.91000008583,1118.0,22.3529415131,,,,,,,,,,,,
10.7608646944,185,1540,287100,42.2850461111,-83.6823986111,59.0,3.91000008583,1215.0,22.3529415131,,,,,,,,,,,,
10.7608646944,185,1540,289200,42.2850461111,-83.6823986111,59.0,3.21000003815,1577.0,22.3529415131,,,,,,,,,,,,
10.7608646944,185,1540,290400,42.2850461111,-83.6823986111,58.0,3.21000003815,1577.0,22.3529415131,,,,,,,,,,,,
10.7608646944,185,1540,291400,42.2843130556,-83.6823952778,58.0,3.49000000954,1891.0,13.3333339691,,,,,,,,,,,,
10.7608646944,185,1540,292500,42.2843130556,-83.6823952778,57.0,3.49000000954,1891.0,13.3333339691,,,,,,,,,,,,
10.7608646944,185,1540,293400,42.2843130556,-83.6823952778,57.0,7.57999992371,1376.0,13.3333339691,,,,,,,,,,,,
10.7608646944,185,1540,294600,42.2843130556,-83.6823952778,58.0,7.57999992371,1376.0,13.3333339691,,,,,,,,,,,,
10.7608646944,185,1540,295500,42.2843130556,-83.6823952778,58.0,7.53000020981,1428.0,13.3333339691,,,,,,,,,,,,
10.7608646944,185,1540,296600,42.2835783333,-83.6824097222,58.0,7.53000020981,1428.0,12.9411764145,,,,,,,,,,,,
10.7608646944,185,1540,297600,42.2835783333,-83.6824097222,58.0,2.81999993324,1378.0,12.9411764145,,,,,,,,,,,,
10.7608646944,185,1540,299700,42.2835783333,-83.6824097222,58.0,11.6599998474,1574.0,12.9411764145,,,,,,,,,,,,
10.7608646944,185,1540,300800,42.2835783333,-83.6824097222,60.0,11.6599998474,1574.0,12.9411764145,,,,,,,,,,,,
10.7608646944,185,1540,301800,42.2826802778,-83.6823991667,60.0,6.40000009537,1570.0,19.607843399,,,,,,,,,,,,
10.7608646944,185,1540,301900,42.2826802778,-83.6823991667,61.0,6.40000009537,1570.0,19.607843399,,,,,,,,,,,,
10.7608646944,185,1540,302900,42.2826802778,-83.6823991667,63.0,6.40000009537,1570.0,19.607843399,,,,,,,,,,,,
10.7608646944,185,1540,303800,42.2826802778,-83.6823991667,63.0,9.10000038147,1619.0,19.607843399,,,,,,,,,,,,
10.7608646944,185,1540,305900,42.2826802778,-83.6823991667,63.0,5.28999996185,1448.0,19.607843399,,,,,,,,,,,,
10.7608646944,185,1540,307000,42.2818791667,-83.6823780556,63.0,5.28999996185,1448.0,28.235294342,,,,,,,,,,,,
10.7608646944,185,1540,308000,42.2818791667,-83.6823780556,63.0,3.01999998093,1402.0,28.235294342,,,,,,,,,,,,
10.7608646944,185,1540,308100,42.2818791667,-83.6823780556,62.0,3.01999998093,1402.0,28.235294342,,,,,,,,,,,,
10.7608646944,185,1540,309200,42.2818791667,-83.6823780556,60.0,3.01999998093,1402.0,28.235294342,,,,,,,,,,,,
10.7608646944,185,1540,310800,42.2818791667,-83.6823780556,59.0,3.98000001907,1547.0,28.235294342,,,,,,,,,,,,
10.7608646944,185,1540,311800,42.2818791667,-83.6823780556,56.0,3.98000001907,1547.0,28.235294342,,,,,,,,,,,,
10.7608646944,185,1540,312000,42.2811302778,-83.6823558333,56.0,3.98000001907,1547.0,34.1176490784,,,,,,,,,,,,
10.7608646944,185,1540,312800,42.2811302778,-83.6823558333,56.0,10.2299995422,1766.0,34.1176490784,,,,,,,,,,,,
10.7608646944,185,1540,312900,42.2811302778,-83.6823558333,55.0,10.2299995422,1766.0,34.1176490784,,,,,,,,,,,,
10.7608646944,185,1540,313900,42.2811302778,-83.6823558333,53.0,10.2299995422,1766.0,34.1176490784,,,,,,,,,,,,
10.7608646944,185,1540,314800,42.2811302778,-83.6823558333,53.0,2.69000005722,1137.0,34.1176490784,,,,,,,,,,,,
10.7608646944,185,1540,314900,42.2811302778,-83.6823558333,50.0,2.69000005722,1137.0,34.1176490784,,,,,,,,,,,,
10.7608646944,185,1540,316000,42.2811302778,-83.6823558333,48.0,2.69000005722,1137.0,34.1176490784,,,,,,,,,,,,
10.7608646944,185,1540,316800,42.2811302778,-83.6823558333,48.0,3.84999990463,1230.0,34.1176490784,,,,,,,,,,,,
10.7608646944,185,1540,317000,42.2804791667,-83.6823319444,46.0,3.84999990463,1230.0,20.392156601,,,,,,,,,,,,
10.7608646944,185,1540,318000,42.2804791667,-83.6823319444,45.0,3.84999990463,1230.0,20.392156601,,,,,,,,,,,,
10.7608646944,185,1540,318900,42.2804791667,-83.6823319444,45.0,15.5,1757.0,20.392156601,,,,,,,,,,,,
10.7608646944,185,1540,319100,42.2804791667,-83.6823319444,46.0,15.5,1757.0,20.392156601,,,,,,,,,,,,
10.7608646944,185,1540,320100,42.2804791667,-83.6823319444,48.0,15.5,1757.0,20.392156601,,,,,,,,,,,,
10.7608646944,185,1540,321000,42.2804791667,-83.6823319444,48.0,11.0799999237,1600.0,20.392156601,,,,,,,,,,,,
10.7608646944,185,1540,322000,42.2804791667,-83.6823319444,48.0,11.0799999237,1600.0,52.9411773682,,,,,,,,,,,,
10.7608646944,185,1540,322100,42.2798844444,-83.6822983333,48.0,11.0799999237,1600.0,52.9411773682,,,,,,,,,,,,
10.7608646944,185,1540,323000,42.2798844444,-83.6822983333,48.0,15.6899995804,1915.0,52.9411773682,,,,,,,,,,,,
10.7608646944,185,1540,325300,42.2798844444,-83.6822983333,48.0,8.78999996185,1756.0,52.9411773682,,,,,,,,,,,,
10.7608646944,185,1540,325400,42.2798844444,-83.6822983333,49.0,8.78999996185,1756.0,52.9411773682,,,,,,,,,,,,
10.7608646944,185,1540,326400,42.2798844444,-83.6822983333,50.0,8.78999996185,1756.0,52.9411773682,,,,,,,,,,,,
10.7608646944,185,1540,327400,42.2792733333,-83.6822744444,50.0,4.67999982834,1668.0,18.8235301971,,,,,,,,,,,,
10.7608646944,185,1540,327500,42.2792733333,-83.6822744444,51.0,4.67999982834,1668.0,18.8235301971,,,,,,,,,,,,
10.7608646944,185,1540,328500,42.2792733333,-83.6822744444,52.0,4.67999982834,1668.0,18.8235301971,,,,,,,,,,,,
10.7608646944,185,1540,329400,42.2792733333,-83.6822744444,52.0,3.1400001049,1667.0,18.8235301971,,,,,,,,,,,,
10.7608646944,185,1540,329600,42.2792733333,-83.6822744444,54.0,3.1400001049,1667.0,18.8235301971,,,,,,,,,,,,
10.7608646944,185,1540,331500,42.2792733333,-83.6822744444,54.0,5.28999996185,1690.0,18.8235301971,,,,,,,,,,,,
10.7608646944,185,1540,331700,42.2792733333,-83.6822744444,55.0,5.28999996185,1690.0,18.8235301971,,,,,,,,,,,,
10.7608646944,185,1540,332600,42.2786,-83.682235,55.0,5.28999996185,1690.0,18.0392150879,,,,,,,,,,,,
10.7608646944,185,1540,332700,42.2786,-83.682235,57.0,5.28999996185,1690.0,18.0392150879,,,,,,,,,,,,
10.7608646944,185,1540,333600,42.2786,-83.682235,57.0,3.49000000954,1817.0,18.0392150879,,,,,,,,,,,,
10.7608646944,185,1540,333700,42.2786,-83.682235,58.0,3.49000000954,1817.0,18.0392150879,,,,,,,,,,,,
10.7608646944,185,1540,334800,42.2786,-83.682235,59.0,3.49000000954,1817.0,18.0392150879,,,,,,,,,,,,
10.7608646944,185,1540,335700,42.2786,-83.682235,59.0,3.54999995232,1884.0,18.0392150879,,,,,,,,,,,,
10.7608646944,185,1540,335800,42.2786,-83.682235,60.0,3.54999995232,1884.0,18.0392150879,,,,,,,,,,,,
10.7608646944,185,1540,337800,42.2777119444,-83.6822077778,60.0,3.6400001049,1855.0,12.9411764145,,,,,,,,,,,,
10.7608646944,185,1540,337900,42.2777119444,-83.6822077778,59.0,3.6400001049,1855.0,12.9411764145,,,,,,,,,,,,
10.7608646944,185,1540,339800,42.2777119444,-83.6822077778,59.0,3.6099998951,1863.0,12.9411764145,,,,,,,,,,,,
10.7608646944,185,1540,340000,42.2777119444,-83.6822077778,60.0,3.6099998951,1863.0,12.9411764145,,,,,,,,,,,,
10.7608646944,185,1540,341900,42.2777119444,-83.6822077778,60.0,3.6400001049,1855.0,12.9411764145,,,,,,,,,,,,
10.7608646944,185,1540,343000,42.2769522222,-83.6821922222,60.0,3.6400001049,1855.0,12.9411764145,,,,,,,,,,,,
10.7608646944,185,1540,343100,42.2769522222,-83.6821922222,58.0,3.6400001049,1855.0,12.9411764145,,,,,,,,,,,,
10.7608646944,185,1540,344000,42.2769522222,-83.6821922222,58.0,3.54999995232,1734.0,12.9411764145,,,,,,,,,,,,
10.7608646944,185,1540,344100,42.2769522222,-83.6821922222,55.0,3.54999995232,1734.0,12.9411764145,,,,,,,,,,,,
10.7608646944,185,1540,345200,42.2769522222,-83.6821922222,56.0,3.54999995232,1734.0,12.9411764145,,,,,,,,,,,,
10.7608646944,185,1540,346100,42.2769522222,-83.6821922222,56.0,7.17000007629,1914.0,12.9411764145,,,,,,,,,,,,
10.7608646944,185,1540,348200,42.276245,-83.6821725,56.0,4.28999996185,1599.0,18.0392150879,,,,,,,,,,,,
10.7608646944,185,1540,348300,42.276245,-83.6821725,53.0,4.28999996185,1599.0,18.0392150879,,,,,,,,,,,,
10.7608646944,185,1540,350200,42.276245,-83.6821725,53.0,4.94000005722,1689.0,18.0392150879,,,,,,,,,,,,
10.7608646944,185,1540,350400,42.276245,-83.6821725,52.0,4.94000005722,1689.0,18.0392150879,,,,,,,,,,,,
10.7608646944,185,1540,352300,42.276245,-83.6821725,52.0,3.29999995232,1540.0,18.0392150879,,,,,,,,,,,,
10.7608646944,185,1540,352400,42.276245,-83.6821725,50.0,3.29999995232,1540.0,18.0392150879,,,,,,,,,,,,
10.7608646944,185,1540,353400,42.2755883333,-83.6821561111,50.0,3.29999995232,1540.0,14.117647171,,,,,,,,,,,,
10.7608646944,185,1540,353500,42.2755883333,-83.6821561111,48.0,3.29999995232,1540.0,14.117647171,,,,,,,,,,,,
10.7608646944,185,1540,354400,42.2755883333,-83.6821561111,48.0,3.01999998093,1413.0,14.117647171,,,,,,,,,,,,
10.7608646944,185,1540,354500,42.2755883333,-83.6821561111,45.0,3.01999998093,1413.0,14.117647171,,,,,,,,,,,,
10.7608646944,185,1540,355600,42.2755883333,-83.6821561111,42.0,3.01999998093,1413.0,14.117647171,,,,,,,,,,,,
10.7608646944,185,1540,356500,42.2755883333,-83.6821561111,42.0,2.76999998093,1167.0,14.117647171,,,,,,,,,,,,
10.7608646944,185,1540,356600,42.2755883333,-83.6821561111,37.0,2.76999998093,1167.0,14.117647171,,,,,,,,,,,,
10.7608646944,185,1540,357700,42.2755883333,-83.6821561111,32.0,2.76999998093,1167.0,14.117647171,,,,,,,,,,,,
10.7608646944,185,1540,358700,42.2750194444,-83.6821555556,32.0,3.21000003815,1169.0,18.4313735962,,,,,,,,,,,,
10.7608646944,185,1540,358800,42.2750194444,-83.6821555556,26.0,3.21000003815,1169.0,18.4313735962,,,,,,,,,,,,
10.7608646944,185,1540,359800,42.2750194444,-83.6821555556,19.0,3.21000003815,1169.0,18.4313735962,,,,,,,,,,,,
10.7608646944,185,1540,360700,42.2750194444,-83.6821555556,19.0,3.46000003815,785.0,18.4313735962,,,,,,,,,,,,
10.7608646944,185,1540,360800,42.2750194444,-83.6821555556,8.0,3.46000003815,785.0,18.4313735962,,,,,,,,,,,,
10.7608646944,185,1540,360900,42.2750194444,-83.6821555556,8.0,3.46000003815,792.0,18.4313735962,,,,,,,,,,,,
10.7608646944,185,1540,361000,42.2750194444,-83.6821555556,8.0,3.21000003815,792.0,18.4313735962,,,,,,,,,,,,
10.7608646944,185,1540,361100,42.2750194444,-83.6821555556,8.0,3.21000003815,792.0,26.2745094299,,,,,,,,,,,,
10.7608646944,185,1540,361700,42.2750194444,-83.6821555556,0.0,3.21000003815,792.0,26.2745094299,,,,,,,,,,,,
10.7608646944,185,1540,362900,42.2750194444,-83.6821555556,0.0,3.21000003815,789.0,26.2745094299,,,,,,,,,,,,
10.7608646944,185,1540,364900,42.2750194444,-83.6821555556,0.0,3.21000003815,790.0,26.2745094299,,,,,,,,,,,,
10.7608646944,185,1540,365800,42.2749438889,-83.6821619444,0.0,3.21000003815,790.0,26.2745094299,,,,,,,,,,,,
10.7608646944,185,1540,365900,42.2749438889,-83.6821619444,0.0,3.21000003815,1149.0,26.2745094299,,,,,,,,,,,,
10.7608646944,185,1540,366000,42.2749438889,-83.6821619444,0.0,8.43000030518,1149.0,26.2745094299,,,,,,,,,,,,
10.7608646944,185,1540,366100,42.2749438889,-83.6821619444,0.0,8.43000030518,1149.0,45.490196228,,,,,,,,,,,,
10.7608646944,185,1540,366600,42.2749438889,-83.6821619444,7.0,8.43000030518,1149.0,45.490196228,,,,,,,,,,,,
10.7608646944,185,1540,367900,42.2749438889,-83.6821619444,7.0,8.43000030518,1509.0,45.490196228,,,,,,,,,,,,
10.7608646944,185,1540,368000,42.2749438889,-83.6821619444,7.0,6.25,1509.0,45.490196228,,,,,,,,,,,,
10.7608646944,185,1540,368700,42.2749438889,-83.6821619444,11.0,6.25,1509.0,45.490196228,,,,,,,,,,,,
10.7608646944,185,1540,369800,42.2749438889,-83.6821619444,14.0,6.25,1509.0,45.490196228,,,,,,,,,,,,
10.7608646944,185,1540,369900,42.2749438889,-83.6821619444,14.0,6.25,2152.0,45.490196228,,,,,,,,,,,,
10.7608646944,185,1540,370000,42.2749438889,-83.6821619444,14.0,11.8800001144,2152.0,45.490196228,,,,,,,,,,,,
10.7608646944,185,1540,371500,42.2748052778,-83.6821816667,17.0,11.8800001144,2152.0,42.745098114,,,,,,,,,,,,
10.7608646944,185,1540,372300,42.2748052778,-83.6821816667,17.0,5.07000017166,1108.0,42.745098114,,,,,,,,,,,,
10.7608646944,185,1540,372500,42.2748052778,-83.6821816667,12.0,5.07000017166,1108.0,42.745098114,,,,,,,,,,,,
10.7608646944,185,1540,373600,42.2748052778,-83.6821816667,2.0,5.07000017166,1108.0,42.745098114,,,,,,,,,,,,
10.7608646944,185,1540,373700,42.2748052778,-83.6821816667,2.0,4.51999998093,866.0,42.745098114,,,,,,,,,,,,
10.7608646944,185,1540,373800,42.2748052778,-83.6821816667,2.0,4.51999998093,866.0,35.2941169739,,,,,,,,,,,,
10.7608646944,185,1540,374500,42.2748052778,-83.6821816667,2.0,8.85000038147,1090.0,35.2941169739,,,,,,,,,,,,
10.7608646944,185,1540,374600,42.2748052778,-83.6821816667,2.0,8.85000038147,1090.0,54.9019622803,,,,,,,,,,,,
10.7608646944,185,1540,375200,42.2748052778,-83.6821816667,6.0,8.85000038147,1090.0,54.9019622803,,,,,,,,,,,,
10.7608646944,185,1540,376400,42.2748052778,-83.6821816667,6.0,8.85000038147,1600.0,54.9019622803,,,,,,,,,,,,
10.7608646944,185,1540,376500,42.2747377778,-83.6822405556,6.0,11.0799999237,1600.0,54.9019622803,,,,,,,,,,,,
10.7608646944,185,1540,377300,42.2747377778,-83.6822405556,12.0,11.0799999237,1600.0,54.9019622803,,,,,,,,,,,,
10.7608646944,185,1540,378300,42.2747377778,-83.6822405556,13.0,11.0799999237,1600.0,54.9019622803,,,,,,,,,,,,
10.7608646944,185,1540,378500,42.2747377778,-83.6822405556,13.0,5.19999980927,1788.0,54.9019622803,,,,,,,,,,,,
10.7608646944,185,1540,379600,42.2747377778,-83.6822405556,13.0,5.19999980927,1788.0,13.7254905701,,,,,,,,,,,,
10.7608646944,185,1540,380400,42.2747377778,-83.6822405556,14.0,5.19999980927,1913.0,13.7254905701,,,,,,,,,,,,
10.7608646944,185,1540,380500,42.2747377778,-83.6822405556,14.0,6.80000019073,1913.0,13.7254905701,,,,,,,,,,,,
10.7608646944,185,1540,381400,42.2747377778,-83.6822405556,15.0,6.80000019073,1913.0,13.7254905701,,,,,,,,,,,,
10.7608646944,185,1540,381600,42.2746033333,-83.6823088889,15.0,6.80000019073,1913.0,13.7254905701,,,,,,,,,,,,
10.7608646944,185,1540,382500,42.2746033333,-83.6823088889,15.0,2.78999996185,1226.0,13.7254905701,,,,,,,,,,,,
10.7608646944,185,1540,384600,42.2746033333,-83.6823088889,15.0,2.90000009537,1032.0,13.7254905701,,,,,,,,,,,,
10.7608646944,185,1540,384700,42.2746033333,-83.6823088889,15.0,2.90000009537,1032.0,18.8235301971,,,,,,,,,,,,
10.7608646944,185,1540,386600,42.274505,-83.6821230556,18.0,11.5900001526,1919.0,18.8235301971,,,,,,,,,,,,
10.7608646944,185,1540,387700,42.274505,-83.6821230556,22.0,11.5900001526,1919.0,18.8235301971,,,,,,,,,,,,
10.7608646944,185,1540,388700,42.274505,-83.6821230556,23.0,11.6599998474,2029.0,18.8235301971,,,,,,,,,,,,
10.7608646944,185,1540,389900,42.274505,-83.6821230556,26.0,11.6599998474,2029.0,52.1568641663,,,,,,,,,,,,
10.7608646944,185,1540,391000,42.274505,-83.6821230556,29.0,14.0100002289,1610.0,52.1568641663,,,,,,,,,,,,
10.7608646944,185,1540,392000,42.274505,-83.6821230556,33.0,14.0100002289,1610.0,52.1568641663,,,,,,,,,,,,
10.7608646944,185,1540,392100,42.2745719444,-83.6816211111,33.0,14.0100002289,1610.0,52.1568641663,,,,,,,,,,,,
10.7608646944,185,1540,393000,42.2745719444,-83.6816211111,33.0,12.3199996948,1648.0,52.1568641663,,,,,,,,,,,,
10.7608646944,185,1540,393100,42.2745719444,-83.6816211111,36.0,12.3199996948,1648.0,52.1568641663,,,,,,,,,,,,
10.7608646944,185,1540,394100,42.2745719444,-83.6816211111,39.0,12.3199996948,1648.0,52.1568641663,,,,,,,,,,,,
10.7608646944,185,1540,395100,42.2745719444,-83.6816211111,39.0,14.7399997711,1758.0,41.9607849121,,,,,,,,,,,,
10.7608646944,185,1540,395200,42.2745719444,-83.6816211111,41.0,14.7399997711,1758.0,41.9607849121,,,,,,,,,,,,
10.7608646944,185,1540,397200,42.2745611111,-83.6809733333,41.0,5.42000007629,1495.0,41.9607849121,,,,,,,,,,,,
10.7608646944,185,1540,397300,42.2745611111,-83.6809733333,42.0,5.42000007629,1495.0,41.9607849121,,,,,,,,,,,,
10.7608646944,185,1540,398300,42.2745611111,-83.6809733333,41.0,5.42000007629,1495.0,41.9607849121,,,,,,,,,,,,
10.7608646944,185,1540,399300,42.2745611111,-83.6809733333,41.0,4.09000015259,1425.0,41.9607849121,,,,,,,,,,,,
10.7608646944,185,1540,400300,42.2745611111,-83.6809733333,41.0,4.09000015259,1425.0,15.2941179276,,,,,,,,,,,,
10.7608646944,185,1540,400400,42.2745611111,-83.6809733333,40.0,4.09000015259,1425.0,15.2941179276,,,,,,,,,,,,
10.7608646944,185,1540,401300,42.2745611111,-83.6809733333,40.0,4.09000015259,1478.0,15.2941179276,,,,,,,,,,,,
10.7608646944,185,1540,401400,42.2745611111,-83.6809733333,40.0,5.78000020981,1478.0,15.2941179276,,,,,,,,,,,,
10.7608646944,185,1540,402400,42.2745355556,-83.6802916667,40.0,5.78000020981,1478.0,15.2941179276,,,,,,,,,,,,
10.7608646944,185,1540,403400,42.2745355556,-83.6802916667,40.0,3.1400001049,1426.0,15.2941179276,,,,,,,,,,,,
10.7608646944,185,1540,403500,42.2745355556,-83.6802916667,41.0,3.1400001049,1426.0,15.2941179276,,,,,,,,,,,,
10.7608646944,185,1540,405500,42.2745355556,-83.6802916667,41.0,4.55999994278,1443.0,21.1764717102,,,,,,,,,,,,
10.7608646944,185,1540,406600,42.2745355556,-83.6802916667,40.0,4.55999994278,1443.0,21.1764717102,,,,,,,,,,,,
10.7608646944,185,1540,407600,42.2745086111,-83.6794680556,39.0,11.8000001907,1554.0,21.1764717102,,,,,,,,,,,,
10.7608646944,185,1540,408700,42.2745086111,-83.6794680556,40.0,11.8000001907,1554.0,21.1764717102,,,,,,,,,,,,
10.7608646944,185,1540,409700,42.2745086111,-83.6794680556,41.0,10.3500003815,1470.0,21.1764717102,,,,,,,,,,,,
10.7608646944,185,1540,410700,42.2745086111,-83.6794680556,41.0,10.3500003815,1470.0,38.8235282898,,,,,,,,,,,,
10.7608646944,185,1540,411800,42.2745086111,-83.6794680556,39.0,8.19999980927,1330.0,38.8235282898,,,,,,,,,,,,
10.7608646944,185,1540,412800,42.2744794444,-83.6787961111,39.0,8.19999980927,1330.0,38.8235282898,,,,,,,,,,,,
10.7608646944,185,1540,412900,42.2744794444,-83.6787961111,30.0,8.19999980927,1330.0,38.8235282898,,,,,,,,,,,,
10.7608646944,185,1540,413800,42.2744794444,-83.6787961111,30.0,20.9899997711,2145.0,38.8235282898,,,,,,,,,,,,
10.7608646944,185,1540,414900,42.2744794444,-83.6787961111,29.0,20.9899997711,2145.0,38.8235282898,,,,,,,,,,,,
10.7608646944,185,1540,415900,42.2744794444,-83.6787961111,29.0,11.7299995422,1548.0,43.1372566223,,,,,,,,,,,,
10.7608646944,185,1540,416000,42.2744794444,-83.6787961111,31.0,11.7299995422,1548.0,43.1372566223,,,,,,,,,,,,
10.7608646944,185,1540,417000,42.2744794444,-83.6787961111,32.0,11.7299995422,1548.0,43.1372566223,,,,,,,,,,,,
10.7608646944,185,1540,418000,42.2743408333,-83.6783011111,33.0,19.0799999237,1660.0,43.1372566223,,,,,,,,,,,,
10.7608646944,185,1540,419100,42.2743408333,-83.6783011111,36.0,19.0799999237,1660.0,43.1372566223,,,,,,,,,,,,
10.7608646944,185,1540,420100,42.2743408333,-83.6783011111,40.0,31.5300006866,2705.0,43.1372566223,,,,,,,,,,,,
10.7608646944,185,1540,421100,42.2743408333,-83.6783011111,40.0,31.5300006866,2705.0,75.2941207886,,,,,,,,,,,,
10.7608646944,185,1540,421200,42.2743408333,-83.6783011111,44.0,31.5300006866,2705.0,75.2941207886,,,,,,,,,,,,
10.7608646944,185,1540,422200,42.2743408333,-83.6783011111,44.0,34.4000015259,2909.0,75.2941207886,,,,,,,,,,,,
10.7608646944,185,1540,422300,42.2743408333,-83.6783011111,49.0,34.4000015259,2909.0,75.2941207886,,,,,,,,,,,,
10.7608646944,185,1540,423200,42.2744213889,-83.6775941667,49.0,34.4000015259,2909.0,75.2941207886,,,,,,,,,,,,
10.7608646944,185,1540,423300,42.2744213889,-83.6775941667,53.0,34.4000015259,2909.0,75.2941207886,,,,,,,,,,,,
10.7608646944,185,1540,424300,42.2744213889,-83.6775941667,53.0,21.6700000763,2441.0,75.2941207886,,,,,,,,,,,,
10.7608646944,185,1540,424400,42.2744213889,-83.6775941667,58.0,21.6700000763,2441.0,75.2941207886,,,,,,,,,,,,
10.7608646944,185,1540,426400,42.2744213889,-83.6775941667,58.0,18.6499996185,2087.0,61.1764717102,,,,,,,,,,,,
10.7608646944,185,1540,426500,42.2744213889,-83.6775941667,60.0,18.6499996185,2087.0,61.1764717102,,,,,,,,,,,,
10.7608646944,185,1540,427500,42.2744213889,-83.6775941667,62.0,18.6499996185,2087.0,61.1764717102,,,,,,,,,,,,
10.7608646944,185,1540,428500,42.2744177778,-83.676615,62.0,6.75,1853.0,61.1764717102,,,,,,,,,,,,
10.7608646944,185,1540,430600,42.2744177778,-83.676615,61.0,4.48000001907,1549.0,61.1764717102,,,,,,,,,,,,
10.7608646944,185,1540,432300,42.2744177778,-83.676615,61.0,4.48000001907,1549.0,20.7843132019,,,,,,,,,,,,
10.7608646944,185,1540,432500,42.2744177778,-83.676615,61.0,2.99000000954,1325.0,20.7843132019,,,,,,,,,,,,
10.7608646944,185,1540,433300,42.2744177778,-83.676615,59.0,2.99000000954,1325.0,20.7843132019,,,,,,,,,,,,
10.7608646944,185,1540,433500,42.2743744444,-83.6755691667,59.0,2.99000000954,1325.0,20.7843132019,,,,,,,,,,,,
10.7608646944,185,1540,434400,42.2743744444,-83.6755691667,54.0,2.99000000954,1325.0,20.7843132019,,,,,,,,,,,,
10.7608646944,185,1540,434500,42.2743744444,-83.6755691667,54.0,3.98000001907,1152.0,20.7843132019,,,,,,,,,,,,
10.7608646944,185,1540,435400,42.2743744444,-83.6755691667,47.0,3.98000001907,1152.0,20.7843132019,,,,,,,,,,,,
10.7608646944,185,1540,436400,42.2743744444,-83.6755691667,39.0,3.98000001907,1152.0,20.7843132019,,,,,,,,,,,,
10.7608646944,185,1540,436500,42.2743744444,-83.6755691667,39.0,4.13000011444,1084.0,20.7843132019,,,,,,,,,,,,
10.7608646944,185,1540,437300,42.2743744444,-83.6755691667,39.0,4.13000011444,1084.0,24.3137264252,,,,,,,,,,,,
10.7608646944,185,1540,437500,42.2743744444,-83.6755691667,32.0,4.13000011444,1084.0,24.3137264252,,,,,,,,,,,,
10.7608646944,185,1540,438500,42.2743352778,-83.6748130556,32.0,4.05000019073,1046.0,24.3137264252,,,,,,,,,,,,
10.7608646944,185,1540,439600,42.2743352778,-83.6748130556,29.0,4.05000019073,1046.0,24.3137264252,,,,,,,,,,,,
10.7608646944,185,1540,440500,42.2743352778,-83.6748130556,29.0,10.3500003815,1728.0,24.3137264252,,,,,,,,,,,,
10.7608646944,185,1540,441700,42.2743352778,-83.6748130556,30.0,10.3500003815,1728.0,24.3137264252,,,,,,,,,,,,
10.7608646944,185,1540,442500,42.2743352778,-83.6748130556,30.0,12.3199996948,1798.0,44.7058830261,,,,,,,,,,,,
10.7608646944,185,1540,442700,42.2743352778,-83.6748130556,31.0,12.3199996948,1798.0,44.7058830261,,,,,,,,,,,,
