DayNum,VehId,Trip,Timestamp(ms),Latitude[deg],Longitude[deg],Vehicle Speed[km/h],MAF[g/sec],Engine RPM[RPM],Absolute Load[%],OAT[DegC],Fuel Rate[L/hr],Air Conditioning Power[kW],Air Conditioning Power[Watts],Heater Power[Watts],HV Battery Current[A],HV Battery SOC[%],HV Battery Voltage[V],Short Term Fuel Trim Bank 1[%],Short Term Fuel Trim Bank 2[%],Long Term Fuel Trim Bank 1[%],Long Term Fuel Trim Bank 2[%]
11.9751564167,443,790,0,42.2777272222,-83.7428994444,16.8099994659,0.709999978542,0.0,,2.5,,,0.0,,-21.799987793,37.9392433167,300.5,,,,
11.9751564167,443,790,1100,42.2777272222,-83.7428994444,13.0599994659,0.709999978542,0.0,,2.5,,,0.0,,-9.75,37.9392433167,300.5,,,,
11.9751564167,443,790,2100,42.2777272222,-83.7428994444,12.8999996185,0.709999978542,0.0,,2.5,,,0.0,,-46.549987793,37.9392433167,300.5,,,,
11.9751564167,443,790,2300,42.2777344444,-83.7427575,12.8999996185,0.709999978542,0.0,,2.5,,,0.0,,-46.549987793,37.9392433167,300.5,,,,
11.9751564167,443,790,3100,42.2777344444,-83.7427575,14.3899993896,0.709999978542,0.0,,2.5,,,0.0,,-24.25,37.9392433167,300.5,,,,
11.9751564167,443,790,4200,42.2777344444,-83.7427575,13.8400001526,0.709999978542,0.0,,2.5,,,0.0,,-19.549987793,37.9392433167,300.5,,,,
11.9751564167,443,790,5300,42.2777486111,-83.742635,14.8599996567,0.709999978542,0.0,,2.5,,,0.0,,-51.6000366211,37.9392433167,300.5,,,,
11.9751564167,443,790,6400,42.2777486111,-83.742635,17.1900005341,0.709999978542,0.0,,2.5,,,0.0,,-32.5,37.9392433167,300.5,,,,
11.9751564167,443,790,7500,42.2777486111,-83.742635,16.3500003815,0.709999978542,0.0,,2.5,,,0.0,,1.04998779297,37.9392433167,300.5,,,,
11.9751564167,443,790,7700,42.2777486111,-83.742635,16.3500003815,0.709999978542,0.0,,2.5,,,0.0,,1.04998779297,37.9392433167,305.0,,,,
11.9751564167,443,790,8300,42.2777852778,-83.7425008333,16.3500003815,0.709999978542,0.0,,2.5,,,0.0,,1.04998779297,37.9392433167,305.0,,,,
11.9751564167,443,790,8500,42.2777852778,-83.7425008333,11.5,0.709999978542,0.0,,2.5,,,0.0,,-0.75,37.9392433167,305.0,,,,
11.9751564167,443,790,9600,42.2777852778,-83.7425008333,7.2999997139,0.709999978542,0.0,,2.5,,,0.0,,-19.049987793,37.9392433167,305.0,,,,
11.9751564167,443,790,10600,42.2777852778,-83.7425008333,7.50999975204,0.709999978542,0.0,,2.5,,,0.0,,-40.1500244141,37.9392433167,305.0,,,,
11.9751564167,443,790,11300,42.277825,-83.7424316667,7.50999975204,0.709999978542,0.0,,2.5,,,0.0,,-40.1500244141,37.9392433167,305.0,,,,
11.9751564167,443,790,11700,42.277825,-83.7424316667,10.8400001526,0.709999978542,0.0,,2.5,,,0.0,,-29.9000244141,37.9392433167,305.0,,,,
11.9751564167,443,790,12700,42.277825,-83.7424316667,8.42000007629,0.709999978542,0.0,,2.5,,,0.0,,-15.25,37.9392433167,303.5,,,,
11.9751564167,443,790,13700,42.277825,-83.7424316667,3.15999984741,0.709999978542,0.0,,2.5,,,0.0,,-20.0,37.9392433167,303.5,,,,
11.9751564167,443,790,14200,42.2778608333,-83.7423786111,3.15999984741,0.709999978542,0.0,,2.5,,,0.0,,-20.0,37.9392433167,303.5,,,,
11.9751564167,443,790,14800,42.2778608333,-83.7423786111,0.329999983311,0.709999978542,0.0,,2.5,,,0.0,,-20.1500244141,37.9392433167,303.5,,,,
11.9751564167,443,790,15600,42.2778608333,-83.7423786111,0.0,0.709999978542,0.0,,2.5,,,0.0,,-19.700012207,37.9392433167,303.0,,,,
11.9751564167,443,790,15700,42.2778608333,-83.7423786111,0.0,0.709999978542,0.0,,2.5,,,0.0,,-19.700012207,36.7443084717,303.0,,,,
11.9751564167,443,790,16600,42.2778608333,-83.7423786111,0.0,0.709999978542,0.0,,2.5,,,0.0,,-19.25,36.7443084717,303.0,,,,
11.9751564167,443,790,17700,42.2778608333,-83.7423786111,0.0,0.709999978542,0.0,,2.5,,,0.0,,-18.75,36.7443084717,303.0,,,,
11.9751564167,443,790,18700,42.2778608333,-83.7423786111,0.0,0.709999978542,0.0,,2.5,,,0.0,,-20.75,36.7443084717,303.0,,,,
11.9751564167,443,790,19300,42.2778930556,-83.7423652778,0.0,0.709999978542,0.0,,2.5,,,0.0,,-20.75,36.7443084717,303.0,,,,
11.9751564167,443,790,19600,42.2778930556,-83.7423652778,1.84999990463,0.709999978542,0.0,,2.5,,,0.0,,-28.549987793,36.6151924133,302.5,,,,
11.9751564167,443,790,20600,42.2778930556,-83.7423652778,6.0499997139,0.709999978542,0.0,,2.5,,,0.0,,-31.6000366211,36.6151924133,302.5,,,,
11.9751564167,443,790,21700,42.2778930556,-83.7423652778,7.07999992371,0.709999978542,0.0,,2.5,,,0.0,,-22.450012207,36.6151924133,302.5,,,,
11.9751564167,443,790,22300,42.2778908333,-83.7423047222,7.07999992371,0.709999978542,0.0,,2.5,,,0.0,,-22.450012207,36.6151924133,302.5,,,,
11.9751564167,443,790,22700,42.2778908333,-83.7423047222,6.63999986649,0.709999978542,0.0,,2.5,,,0.0,,-19.25,36.6151924133,302.5,,,,
11.9751564167,443,790,23700,42.2778908333,-83.7423047222,3.17999982834,0.709999978542,0.0,,2.5,,,0.0,,-19.4000244141,36.6151924133,302.5,,,,
11.9751564167,443,790,24600,42.2778908333,-83.7423047222,3.17999982834,0.709999978542,0.0,,2.5,,,0.0,,-19.4000244141,36.6151924133,303.0,,,,
11.9751564167,443,790,24800,42.2778908333,-83.7423047222,0.299999982119,0.709999978542,0.0,,2.5,,,0.0,,-19.549987793,36.6151924133,303.0,,,,
11.9751564167,443,790,25600,42.2778908333,-83.7423047222,0.0,0.709999978542,0.0,,2.5,,,0.0,,-19.549987793,36.6151924133,303.0,,,,
11.9751564167,443,790,26700,42.2778908333,-83.7423047222,0.0,0.709999978542,0.0,,2.5,,,0.0,,-18.9000244141,36.6151924133,303.0,,,,
11.9751564167,443,790,27700,42.2778908333,-83.7423047222,0.0,0.709999978542,0.0,,2.5,,,0.0,,-19.25,36.6151924133,303.0,,,,
11.9751564167,443,790,28800,42.2778908333,-83.7423047222,0.0,0.709999978542,0.0,,2.5,,,0.0,,-19.049987793,36.6151924133,303.0,,,,
11.9751564167,443,790,29800,42.2778908333,-83.7423047222,0.0,0.709999978542,0.0,,2.5,,,0.0,,-19.25,36.6151924133,303.0,,,,
11.9751564167,443,790,30900,42.2778908333,-83.7423047222,0.0,0.709999978542,0.0,,2.5,,,0.0,,-18.9000244141,36.6151924133,303.0,,,,
11.9751564167,443,790,31900,42.2778908333,-83.7423047222,0.0,0.709999978542,0.0,,2.5,,,0.0,,-19.25,36.6151924133,303.0,,,,
11.9751564167,443,790,32900,42.2778908333,-83.7423047222,0.0,0.709999978542,0.0,,2.5,,,0.0,,-20.299987793,36.6151924133,303.0,,,,
11.9751564167,443,790,33300,42.2778866667,-83.7422380556,0.0,0.709999978542,0.0,,2.5,,,0.0,,-20.299987793,36.6151924133,303.0,,,,
11.9751564167,443,790,33600,42.2778866667,-83.7422380556,0.810000002384,0.709999978542,0.0,,2.5,,,0.0,,-20.299987793,36.6151924133,303.0,,,,
11.9751564167,443,790,33700,42.2778866667,-83.7422380556,0.810000002384,0.709999978542,0.0,,2.5,,,0.0,,-22.1500244141,36.6151924133,303.0,,,,
11.9751564167,443,790,34600,42.2778866667,-83.7422380556,2.01999998093,0.709999978542,0.0,,2.5,,,0.0,,-22.1500244141,36.6151924133,303.0,,,,
11.9751564167,443,790,34700,42.2778866667,-83.7422380556,2.01999998093,0.709999978542,0.0,,2.5,,,0.0,,-22.9000244141,36.6151924133,303.0,,,,
11.9751564167,443,790,35700,42.2778866667,-83.7422380556,3.31999993324,0.709999978542,0.0,,2.5,,,0.0,,-35.8500366211,36.6151924133,303.0,,,,
11.9751564167,443,790,36200,42.2778933333,-83.7422113889,3.31999993324,0.709999978542,0.0,,2.5,,,0.0,,-35.8500366211,36.6151924133,303.0,,,,
11.9751564167,443,790,36700,42.2778933333,-83.7422113889,11.6999998093,0.709999978542,0.0,,2.5,,,0.0,,-35.8500366211,36.6151924133,303.0,,,,
11.9751564167,443,790,36800,42.2778933333,-83.7422113889,11.6999998093,0.709999978542,0.0,,2.5,,,0.0,,-108.350036621,36.6151924133,303.0,,,,
11.9751564167,443,790,37700,42.2778933333,-83.7422113889,19.8099994659,0.709999978542,0.0,,2.5,,,0.0,,-108.350036621,36.6151924133,303.0,,,,
11.9751564167,443,790,37800,42.2778933333,-83.7422113889,19.8099994659,0.709999978542,0.0,,2.5,,,0.0,,-119.049987793,36.6151924133,303.0,,,,
11.9751564167,443,790,38700,42.2778933333,-83.7422113889,19.8099994659,0.709999978542,0.0,,2.5,,,0.0,,-119.049987793,36.6151924133,290.5,,,,
11.9751564167,443,790,38800,42.2778933333,-83.7422113889,26.5399990082,0.709999978542,0.0,,2.5,,,0.0,,-119.049987793,36.6151924133,290.5,,,,
11.9751564167,443,790,38900,42.2778933333,-83.7422113889,26.5399990082,0.709999978542,0.0,,2.5,,,0.0,,-137.950012207,36.6151924133,290.5,,,,
11.9751564167,443,790,39300,42.2779166667,-83.7420038889,26.5399990082,0.709999978542,0.0,,2.5,,,0.0,,-137.950012207,36.6151924133,290.5,,,,
11.9751564167,443,790,39900,42.2779166667,-83.7420038889,32.8699989319,0.709999978542,0.0,,2.5,,,0.0,,-139.799987793,36.6151924133,290.5,,,,
11.9751564167,443,790,40900,42.2779166667,-83.7420038889,36.7700004578,0.709999978542,0.0,,2.5,,,0.0,,-52.799987793,36.6151924133,290.5,,,,
11.9751564167,443,790,42000,42.2779166667,-83.7420038889,36.1300010681,0.709999978542,0.0,,2.5,,,0.0,,-17.1000366211,36.6151924133,290.5,,,,
11.9751564167,443,790,42300,42.2779283333,-83.7416544444,36.1300010681,0.709999978542,0.0,,2.5,,,0.0,,-17.1000366211,36.6151924133,290.5,,,,
11.9751564167,443,790,43100,42.2779283333,-83.7416544444,34.8099975586,0.709999978542,0.0,,2.5,,,0.0,,17.700012207,36.6151924133,290.5,,,,
11.9751564167,443,790,43700,42.2779283333,-83.7416544444,34.8099975586,0.709999978542,0.0,,2.5,,,0.0,,17.700012207,36.6151924133,305.5,,,,
11.9751564167,443,790,44200,42.2779283333,-83.7416544444,28.0699996948,0.709999978542,0.0,,2.5,,,0.0,,11.1499633789,36.6151924133,305.5,,,,
11.9751564167,443,790,45200,42.2779283333,-83.7416544444,28.0699996948,0.709999978542,0.0,,2.5,,,0.0,,13.299987793,36.6151924133,305.5,,,,
11.9751564167,443,790,45300,42.2779211111,-83.7413527778,24.4099998474,0.709999978542,0.0,,2.5,,,0.0,,13.299987793,36.6151924133,305.5,,,,
11.9751564167,443,790,46300,42.2779211111,-83.7413527778,22.4499988556,0.709999978542,0.0,,2.5,,,0.0,,-16.950012207,36.6151924133,305.5,,,,
11.9751564167,443,790,47300,42.2779211111,-83.7413527778,21.2299995422,0.709999978542,0.0,,2.5,,,0.0,,-16.6500244141,35.2151947021,305.5,,,,
11.9751564167,443,790,48300,42.27793,-83.7411208333,19.2399997711,0.709999978542,0.0,,2.5,,,0.0,,6.25,35.2151947021,305.5,,,,
11.9751564167,443,790,48700,42.27793,-83.7411208333,19.2399997711,0.709999978542,0.0,,2.5,,,0.0,,6.25,35.2151947021,305.0,,,,
11.9751564167,443,790,49400,42.27793,-83.7411208333,14.5099992752,0.709999978542,0.0,,2.5,,,0.0,,5.5,35.2151947021,305.0,,,,
11.9751564167,443,790,49600,42.27793,-83.7411208333,14.5099992752,0.709999978542,0.0,,2.5,,,0.0,,5.5,35.2151947021,305.0,,,,
11.9751564167,443,790,50400,42.27793,-83.7411208333,8.68999958038,0.709999978542,0.0,,2.5,,,0.0,,-11.6000366211,35.2151947021,305.0,,,,
11.9751564167,443,790,51300,42.2779241667,-83.7409977778,8.68999958038,0.709999978542,0.0,,2.5,,,0.0,,-11.6000366211,35.2151947021,305.0,,,,
11.9751564167,443,790,51500,42.2779241667,-83.7409977778,1.26999998093,0.709999978542,0.0,,2.5,,,0.0,,-19.25,35.2151947021,305.0,,,,
11.9751564167,443,790,52500,42.2779241667,-83.7409977778,0.170000001788,0.709999978542,0.0,,2.5,,,0.0,,-21.3500366211,35.2151947021,305.0,,,,
11.9751564167,443,790,53500,42.2779241667,-83.7409977778,1.20999991894,0.709999978542,0.0,,2.5,,,0.0,,-21.3500366211,35.2151947021,305.0,,,,
11.9751564167,443,790,53800,42.2779241667,-83.7409977778,1.20999991894,0.709999978542,0.0,,2.5,,,0.0,,-21.3500366211,35.2151947021,302.5,,,,
11.9751564167,443,790,54200,42.277915,-83.7409736111,1.20999991894,0.709999978542,0.0,,2.5,,,0.0,,-21.3500366211,35.2151947021,302.5,,,,
11.9751564167,443,790,54600,42.277915,-83.7409736111,0.789999961853,0.709999978542,0.0,,2.5,,,0.0,,-20.75,35.2151947021,302.5,,,,
11.9751564167,443,790,55600,42.277915,-83.7409736111,0.629999995232,0.709999978542,0.0,,2.5,,,0.0,,-20.75,35.2151947021,302.5,,,,
11.9751564167,443,790,56700,42.277915,-83.7409736111,0.179999992251,0.709999978542,0.0,,2.5,,,0.0,,-20.0,35.2151947021,302.5,,,,
11.9751564167,443,790,57600,42.277915,-83.7409736111,0.0,0.709999978542,0.0,,2.5,,,0.0,,-20.299987793,34.9848098755,302.5,,,,
11.9751564167,443,790,58200,42.2779113889,-83.740955,0.0,0.709999978542,0.0,,2.5,,,0.0,,-20.299987793,34.9848098755,302.5,,,,
11.9751564167,443,790,59200,42.2779113889,-83.740955,2.75,0.709999978542,0.0,,2.75,,,0.0,,-37.4000244141,34.9189910889,301.0,,,,
11.9751564167,443,790,60200,42.2779113889,-83.740955,6.09999990463,0.709999978542,0.0,,2.75,,,0.0,,-24.700012207,34.9189910889,301.0,,,,
11.9751564167,443,790,61200,42.2779113889,-83.740955,8.89999961853,0.709999978542,0.0,,2.75,,,0.0,,-59.3500366211,34.9189910889,301.0,,,,
11.9751564167,443,790,62200,42.2778625,-83.7408755556,8.89999961853,0.709999978542,0.0,,2.75,,,0.0,,-59.3500366211,34.9189910889,301.0,,,,
11.9751564167,443,790,62300,42.2778625,-83.7408755556,15.7699995041,0.709999978542,0.0,,2.75,,,0.0,,-100.25,34.9189910889,301.0,,,,
11.9751564167,443,790,63300,42.2778625,-83.7408755556,23.3099994659,0.709999978542,0.0,,2.75,,,0.0,,-151.100036621,34.9189910889,301.0,,,,
11.9751564167,443,790,64200,42.2778625,-83.7408755556,23.3099994659,0.709999978542,0.0,,2.75,,,0.0,,-151.100036621,34.9189910889,287.0,,,,
11.9751564167,443,790,64300,42.2778625,-83.7408755556,30.8199996948,0.709999978542,0.0,,2.75,,,0.0,,-167.100036621,34.9189910889,287.0,,,,
11.9751564167,443,790,65200,42.2776402778,-83.7408422222,30.8199996948,0.709999978542,0.0,,2.75,,,0.0,,-167.100036621,34.9189910889,287.0,,,,
11.9751564167,443,790,65400,42.2776402778,-83.7408422222,37.4599990845,0.709999978542,0.0,,2.75,,,0.0,,-165.450012207,34.9189910889,287.0,,,,
11.9751564167,443,790,66400,42.2776402778,-83.7408422222,42.969997406,0.709999978542,0.0,,2.75,,,0.0,,-163.299987793,34.9189910889,287.0,,,,
11.9751564167,443,790,67300,42.2774522222,-83.7408352778,42.969997406,0.709999978542,0.0,,2.75,,,0.0,,-163.299987793,34.9189910889,287.0,,,,
11.9751564167,443,790,67500,42.2774522222,-83.7408352778,46.5799980164,0.709999978542,0.0,,2.75,,,0.0,,-50.950012207,34.9189910889,287.0,,,,
11.9751564167,443,790,68500,42.2774522222,-83.7408352778,46.1699981689,0.709999978542,0.0,,2.75,,,0.0,,-1.65002441406,34.9189910889,287.0,,,,
11.9751564167,443,790,69200,42.2774522222,-83.7408352778,46.1699981689,0.709999978542,0.0,,2.75,,,0.0,,-1.65002441406,34.9189910889,306.0,,,,
11.9751564167,443,790,69500,42.2774522222,-83.7408352778,44.0,0.709999978542,0.0,,2.75,,,0.0,,34.950012207,34.9189910889,306.0,,,,
11.9751564167,443,790,70600,42.2774522222,-83.7408352778,40.0499992371,0.709999978542,0.0,,2.75,,,0.0,,24.5999755859,34.9189910889,306.0,,,,
11.9751564167,443,790,71300,42.2770575,-83.7408116667,40.0499992371,0.709999978542,0.0,,2.75,,,0.0,,24.5999755859,34.9189910889,306.0,,,,
11.9751564167,443,790,71600,42.2770575,-83.7408116667,36.7099990845,0.709999978542,0.0,,2.75,,,0.0,,43.049987793,34.9189910889,306.0,,,,
11.9751564167,443,790,72700,42.2770575,-83.7408116667,32.8400001526,0.709999978542,0.0,,2.75,,,0.0,,-14.799987793,34.9189910889,306.0,,,,
11.9751564167,443,790,73700,42.2770575,-83.7408116667,31.4599990845,0.709999978542,0.0,,2.75,,,0.0,,-91.549987793,34.9189910889,306.0,,,,
11.9751564167,443,790,74300,42.2768236111,-83.7408052778,31.4599990845,0.709999978542,0.0,,2.75,,,0.0,,-91.549987793,34.9189910889,295.0,,,,
11.9751564167,443,790,74700,42.2768236111,-83.7408052778,35.8099975586,0.709999978542,0.0,,2.75,,,0.0,,-123.299987793,34.9189910889,295.0,,,,
11.9751564167,443,790,75800,42.2768236111,-83.7408052778,40.2099990845,0.709999978542,0.0,,2.75,,,0.0,,-127.450012207,34.9189910889,295.0,,,,
11.9751564167,443,790,76800,42.2768236111,-83.7408052778,44.0200004578,0.709999978542,0.0,,2.75,,,0.0,,-122.850036621,34.9189910889,295.0,,,,
11.9751564167,443,790,77400,42.2765266667,-83.7408019444,44.0200004578,0.709999978542,0.0,,2.75,,,0.0,,-122.850036621,34.9189910889,295.0,,,,
11.9751564167,443,790,77900,42.2765266667,-83.7408019444,47.3799972534,0.709999978542,0.0,,2.75,,,0.0,,-76.9000244141,34.9189910889,295.0,,,,
11.9751564167,443,790,79000,42.2765266667,-83.7408019444,47.3799972534,0.709999978542,0.0,,2.75,,,0.0,,-14.6500244141,34.9189910889,295.0,,,,
11.9751564167,443,790,79300,42.2765266667,-83.7408019444,47.3799972534,0.709999978542,0.0,,2.75,,,0.0,,-14.6500244141,34.9189910889,300.5,,,,
11.9751564167,443,790,80100,42.2765266667,-83.7408019444,45.3400001526,0.709999978542,0.0,,2.75,,,0.0,,91.450012207,34.9189910889,300.5,,,,
11.9751564167,443,790,80200,42.2761861111,-83.7407780556,45.3400001526,0.709999978542,0.0,,2.75,,,0.0,,91.450012207,34.9189910889,300.5,,,,
11.9751564167,443,790,81100,42.2761861111,-83.7407780556,38.3400001526,0.709999978542,0.0,,2.75,,,0.0,,79.8499755859,34.9189910889,300.5,,,,
11.9751564167,443,790,82100,42.2761861111,-83.7407780556,32.0400009155,0.709999978542,0.0,,2.75,,,0.0,,51.75,34.9189910889,300.5,,,,
11.9751564167,443,790,83200,42.2759502778,-83.7407761111,23.9599990845,0.709999978542,0.0,,2.75,,,0.0,,60.1499633789,34.9189910889,300.5,,,,
11.9751564167,443,790,84200,42.2759502778,-83.7407761111,13.2899999619,0.709999978542,0.0,,2.75,,,0.0,,15.8999633789,34.9189910889,300.5,,,,
11.9751564167,443,790,84400,42.2759502778,-83.7407761111,13.2899999619,0.709999978542,0.0,,2.75,,,0.0,,15.8999633789,34.9189910889,306.0,,,,
11.9751564167,443,790,85300,42.2759502778,-83.7407761111,6.82999992371,0.709999978542,0.0,,2.75,,,0.0,,-15.1000366211,34.9189910889,306.0,,,,
11.9751564167,443,790,86300,42.2758652778,-83.7407672222,5.88999986649,0.709999978542,0.0,,2.75,,,0.0,,-20.6000366211,34.9189910889,306.0,,,,
11.9751564167,443,790,87300,42.2758652778,-83.7407672222,9.31999969482,0.709999978542,0.0,,2.75,,,0.0,,-58.9000244141,34.9189910889,306.0,,,,
11.9751564167,443,790,88400,42.2758652778,-83.7407672222,15.6700000763,0.709999978542,0.0,,2.75,,,0.0,,-86.549987793,34.9189910889,306.0,,,,
11.9751564167,443,790,89300,42.2757477778,-83.7407691667,15.6700000763,0.709999978542,0.0,,2.75,,,0.0,,-86.549987793,34.9189910889,306.0,,,,
11.9751564167,443,790,89400,42.2757477778,-83.7407691667,23.3099994659,0.709999978542,0.0,,2.75,,,0.0,,-138.100036621,34.9189910889,290.0,,,,
11.9751564167,443,790,90500,42.2757477778,-83.7407691667,30.5199985504,0.709999978542,0.0,,2.75,,,0.0,,-145.450012207,34.9189910889,290.0,,,,
11.9751564167,443,790,91500,42.2757477778,-83.7407691667,34.5900001526,0.709999978542,0.0,,2.75,,,0.0,,-36.0,34.9189910889,290.0,,,,
11.9751564167,443,790,92200,42.2755122222,-83.7407419444,34.5900001526,0.709999978542,0.0,,2.75,,,0.0,,-36.0,34.9189910889,290.0,,,,
11.9751564167,443,790,92500,42.2755122222,-83.7407419444,34.4399986267,0.709999978542,0.0,,2.75,,,0.0,,-14.049987793,34.9189910889,290.0,,,,
11.9751564167,443,790,93600,42.2755122222,-83.7407419444,32.0999984741,0.709999978542,0.0,,2.75,,,0.0,,43.6499633789,34.9189910889,290.0,,,,
11.9751564167,443,790,94500,42.2755122222,-83.7407419444,32.0999984741,0.709999978542,0.0,,2.75,,,0.0,,43.6499633789,34.9189910889,308.0,,,,
11.9751564167,443,790,94600,42.2755122222,-83.7407419444,26.0599994659,0.709999978542,0.0,,2.75,,,0.0,,48.700012207,34.9189910889,308.0,,,,
11.9751564167,443,790,95200,42.2753091667,-83.7407247222,26.0599994659,0.709999978542,0.0,,2.75,,,0.0,,48.700012207,34.9189910889,308.0,,,,
11.9751564167,443,790,95700,42.2753091667,-83.7407247222,18.6999988556,0.709999978542,0.0,,2.75,,,0.0,,31.5999755859,34.9189910889,308.0,,,,
11.9751564167,443,790,96700,42.2753091667,-83.7407247222,4.34999990463,0.709999978542,0.0,,2.75,,,0.0,,-19.049987793,34.9189910889,308.0,,,,
11.9751564167,443,790,97700,42.2753091667,-83.7407247222,3.58999991417,0.709999978542,0.0,,2.75,,,0.0,,-21.5,34.9189910889,308.0,,,,
11.9751564167,443,790,98300,42.2752383333,-83.7407225,3.58999991417,0.709999978542,0.0,,2.75,,,0.0,,-21.5,34.9189910889,308.0,,,,
11.9751564167,443,790,98800,42.2752383333,-83.7407225,4.33999967575,0.709999978542,0.0,,2.75,,,0.0,,-23.3500366211,34.9189910889,308.0,,,,
11.9751564167,443,790,99500,42.2752383333,-83.7407225,4.33999967575,0.709999978542,0.0,,2.75,,,0.0,,-23.3500366211,34.9189910889,301.5,,,,
11.9751564167,443,790,99800,42.2752383333,-83.7407225,7.65999984741,0.709999978542,0.0,,2.75,,,0.0,,-46.1000366211,34.9189910889,301.5,,,,
11.9751564167,443,790,100900,42.2752383333,-83.7407225,15.8999996185,0.709999978542,0.0,,2.75,,,0.0,,-122.100036621,34.9189910889,301.5,,,,
11.9751564167,443,790,101200,42.27517,-83.7407125,15.8999996185,0.709999978542,0.0,,2.75,,,0.0,,-122.100036621,34.9189910889,301.5,,,,
11.9751564167,443,790,101900,42.27517,-83.7407125,23.3799991608,0.709999978542,0.0,,2.75,,,0.0,,-132.450012207,34.9189910889,301.5,,,,
11.9751564167,443,790,102900,42.27517,-83.7407125,30.0599994659,0.709999978542,0.0,,2.75,,,0.0,,-151.400024414,34.9189910889,301.5,,,,
11.9751564167,443,790,104000,42.27517,-83.7407125,36.0999984741,0.709999978542,0.0,,2.75,,,0.0,,-153.700012207,34.9189910889,301.5,,,,
11.9751564167,443,790,104200,42.2750697222,-83.7405288889,36.0999984741,0.709999978542,0.0,,2.75,,,0.0,,-153.700012207,34.9189910889,301.5,,,,
11.9751564167,443,790,104500,42.2750697222,-83.7405288889,36.0999984741,0.709999978542,0.0,,2.75,,,0.0,,-153.700012207,34.9189910889,287.0,,,,
11.9751564167,443,790,105000,42.2750697222,-83.7405288889,40.9099998474,0.709999978542,0.0,,2.75,,,0.0,,-150.200012207,34.9189910889,287.0,,,,
11.9751564167,443,790,106100,42.2750697222,-83.7405288889,45.3299980164,0.709999978542,0.0,,2.75,,,0.0,,-146.049987793,34.9189910889,287.0,,,,
11.9751564167,443,790,107100,42.2750697222,-83.7405288889,48.9099998474,0.709999978542,0.0,,2.75,,,0.0,,-121.049987793,34.9189910889,287.0,,,,
11.9751564167,443,790,107200,42.2750533333,-83.740085,48.9099998474,0.709999978542,0.0,,2.75,,,0.0,,-121.049987793,34.9189910889,287.0,,,,
11.9751564167,443,790,108100,42.2750533333,-83.740085,50.8199996948,0.709999978542,0.0,,2.75,,,0.0,,-77.549987793,34.9189910889,287.0,,,,
11.9751564167,443,790,109200,42.2750533333,-83.740085,51.0399971008,0.709999978542,0.0,,2.75,,,0.0,,-26.25,34.9189910889,287.0,,,,
11.9751564167,443,790,109600,42.2750533333,-83.740085,51.0399971008,0.709999978542,0.0,,2.75,,,0.0,,-26.25,34.9189910889,298.5,,,,
11.9751564167,443,790,109700,42.2750533333,-83.740085,51.0399971008,0.709999978542,0.0,,2.75,,,0.0,,-26.25,34.9189910889,298.5,,,,
11.9751564167,443,790,110200,42.2750552778,-83.7395786111,50.0299987793,0.709999978542,0.0,,2.75,,,0.0,,-4.75,34.9189910889,298.5,,,,
11.9751564167,443,790,111300,42.2750552778,-83.7395786111,49.0900001526,0.709999978542,0.0,,2.75,,,0.0,,-2.0,34.9189910889,298.5,,,,
11.9751564167,443,790,112300,42.2750552778,-83.7395786111,47.5299987793,0.709999978542,0.0,,2.75,,,0.0,,-1.5,34.9189910889,298.5,,,,
11.9751564167,443,790,113200,42.2750502778,-83.7390916667,47.5299987793,0.709999978542,0.0,,2.75,,,0.0,,-1.5,34.9189910889,298.5,,,,
11.9751564167,443,790,113400,42.2750502778,-83.7390916667,45.9799995422,0.709999978542,0.0,,2.75,,,0.0,,-3.35003662109,34.9189910889,298.5,,,,
11.9751564167,443,790,114500,42.2750502778,-83.7390916667,45.0599975586,0.709999978542,0.0,,2.75,,,0.0,,-3.04998779297,34.9189910889,298.5,,,,
11.9751564167,443,790,114600,42.2750502778,-83.7390916667,45.0599975586,0.709999978542,0.0,,2.75,,,0.0,,-3.04998779297,34.9189910889,301.5,,,,
11.9751564167,443,790,115600,42.2750502778,-83.7390916667,43.3899993896,0.709999978542,0.0,,2.75,,,0.0,,-4.40002441406,34.9189910889,301.5,,,,
11.9751564167,443,790,116200,42.2750361111,-83.7386483333,43.3899993896,0.709999978542,0.0,,2.75,,,0.0,,-4.40002441406,34.9189910889,301.5,,,,
11.9751564167,443,790,116700,42.2750361111,-83.7386483333,42.1499977112,0.709999978542,0.0,,2.75,,,0.0,,-22.450012207,34.9189910889,301.5,,,,
11.9751564167,443,790,117700,42.2750361111,-83.7386483333,41.7399978638,0.709999978542,0.0,,2.75,,,0.0,,-68.3500366211,34.9189910889,301.5,,,,
11.9751564167,443,790,118700,42.2750361111,-83.7386483333,43.3600006104,0.709999978542,0.0,,2.75,,,0.0,,-80.9000244141,34.9189910889,301.5,,,,
11.9751564167,443,790,119100,42.2750361111,-83.7386483333,43.3600006104,0.709999978542,0.0,,2.0,,,0.0,,-80.9000244141,34.9189910889,301.5,,,,
11.9751564167,443,790,119200,42.2750316667,-83.7382225,43.3600006104,0.709999978542,0.0,,2.0,,,0.0,,-80.9000244141,30.675951004,301.5,,,,
11.9751564167,443,790,119600,42.2750316667,-83.7382225,43.3600006104,0.709999978542,0.0,,2.0,,,0.0,,-80.9000244141,30.675951004,294.5,,,,
11.9751564167,443,790,119800,42.2750316667,-83.7382225,45.7700004578,0.709999978542,0.0,,2.0,,,0.0,,-91.549987793,30.675951004,294.5,,,,
11.9751564167,443,790,120800,42.2750316667,-83.7382225,47.3400001526,0.709999978542,0.0,,2.0,,,0.0,,-69.450012207,30.675951004,294.5,,,,
11.9751564167,443,790,121900,42.2750316667,-83.7382225,48.0099983215,0.709999978542,0.0,,2.0,,,0.0,,-40.6000366211,30.675951004,294.5,,,,
11.9751564167,443,790,122900,42.2750316667,-83.7382225,48.0599975586,0.709999978542,0.0,,2.0,,,0.0,,-26.8500366211,30.675951004,294.5,,,,
11.9751564167,443,790,123200,42.2750369444,-83.7375811111,48.0599975586,0.709999978542,0.0,,2.0,,,0.0,,-26.8500366211,30.675951004,294.5,,,,
11.9751564167,443,790,123900,42.2750369444,-83.7375811111,47.7899971008,0.709999978542,0.0,,2.0,,,0.0,,-19.25,30.675951004,294.5,,,,
11.9751564167,443,790,124700,42.2750369444,-83.7375811111,47.7899971008,0.709999978542,0.0,,2.0,,,0.0,,-19.25,30.675951004,300.0,,,,
11.9751564167,443,790,125000,42.2750369444,-83.7375811111,47.2999992371,0.709999978542,0.0,,2.0,,,0.0,,-16.5,30.675951004,300.0,,,,
11.9751564167,443,790,126000,42.2750369444,-83.7375811111,46.4899978638,0.709999978542,0.0,,2.0,,,0.0,,-2.90002441406,30.675951004,300.0,,,,
11.9751564167,443,790,126300,42.2750430556,-83.7371041667,46.4899978638,0.709999978542,0.0,,2.0,,,0.0,,-2.90002441406,30.675951004,300.0,,,,
11.9751564167,443,790,127100,42.2750430556,-83.7371041667,45.8499984741,0.709999978542,0.0,,2.0,,,0.0,,-1.85003662109,30.675951004,300.0,,,,
11.9751564167,443,790,128100,42.2750430556,-83.7371041667,44.7899971008,0.709999978542,0.0,,2.0,,,0.0,,-3.20001220703,30.675951004,300.0,,,,
11.9751564167,443,790,129100,42.2750430556,-83.7371041667,43.6899986267,0.709999978542,0.0,,2.0,,,0.0,,-2.0,30.675951004,300.0,,,,
11.9751564167,443,790,129200,42.2750533333,-83.7366483333,43.6899986267,0.709999978542,0.0,,2.0,,,0.0,,-2.0,30.675951004,300.0,,,,
11.9751564167,443,790,129700,42.2750533333,-83.7366483333,43.6899986267,0.709999978542,0.0,,2.0,,,0.0,,-2.0,30.675951004,302.5,,,,
11.9751564167,443,790,130200,42.2750533333,-83.7366483333,42.719997406,0.709999978542,0.0,,2.0,,,0.0,,-0.450012207031,30.675951004,302.5,,,,
11.9751564167,443,790,131200,42.2750533333,-83.7366483333,40.9500007629,0.709999978542,0.0,,2.0,,,0.0,,42.0,30.675951004,302.5,,,,
11.9751564167,443,790,132300,42.2750597222,-83.7362383333,36.75,0.709999978542,0.0,,2.0,,,0.0,,65.6499633789,30.675951004,302.5,,,,
11.9751564167,443,790,133300,42.2750597222,-83.7362383333,30.8299999237,0.709999978542,0.0,,2.0,,,0.0,,72.200012207,30.675951004,302.5,,,,
11.9751564167,443,790,134300,42.2750597222,-83.7362383333,20.0799999237,0.709999978542,0.0,,2.0,,,0.0,,51.299987793,30.675951004,302.5,,,,
11.9751564167,443,790,134700,42.2750597222,-83.7362383333,20.0799999237,0.709999978542,0.0,,2.0,,,0.0,,51.299987793,30.675951004,303.0,,,,
11.9751564167,443,790,135300,42.2750491667,-83.7360291667,20.0799999237,0.709999978542,0.0,,2.0,,,0.0,,51.299987793,30.675951004,303.0,,,,
11.9751564167,443,790,135400,42.2750491667,-83.7360291667,7.44999980927,0.709999978542,0.0,,2.0,,,0.0,,-10.200012207,30.675951004,303.0,,,,
11.9751564167,443,790,136400,42.2750491667,-83.7360291667,0.870000004768,0.709999978542,0.0,,2.0,,,0.0,,-13.450012207,30.675951004,303.0,,,,
11.9751564167,443,790,137500,42.2750491667,-83.7360291667,0.119999997318,0.709999978542,0.0,,2.0,,,0.0,,-15.8500366211,30.675951004,303.0,,,,
11.9751564167,443,790,138200,42.2750491667,-83.7360291667,0.0,0.709999978542,0.0,,2.0,,,0.0,,-15.8500366211,30.675951004,302.0,,,,
11.9751564167,443,790,139200,42.2750491667,-83.7360291667,0.0,0.709999978542,0.0,,2.0,,,0.0,,-16.0,30.4379768372,302.0,,,,
11.9751564167,443,790,140300,42.2750491667,-83.7360291667,0.0,0.709999978542,0.0,,2.0,,,0.0,,-15.549987793,30.4379768372,302.0,,,,
11.9751564167,443,790,141300,42.2750491667,-83.7360291667,0.0,0.709999978542,0.0,,2.0,,,0.0,,-14.950012207,30.4379768372,302.0,,,,
11.9751564167,443,790,142200,42.2750338889,-83.7360219444,0.0,0.709999978542,0.0,,2.0,,,0.0,,-14.950012207,30.4379768372,302.0,,,,
11.9751564167,443,790,142300,42.2750338889,-83.7360219444,0.0,0.709999978542,0.0,,2.0,,,0.0,,-15.8500366211,30.4379768372,302.0,,,,
11.9751564167,443,790,143200,42.2750338889,-83.7360219444,0.310000002384,0.709999978542,0.0,,2.0,,,0.0,,-17.1000366211,30.4379768372,302.0,,,,
11.9751564167,443,790,144300,42.2750338889,-83.7360219444,6.03999996185,0.709999978542,0.0,,2.0,,,0.0,,-26.549987793,30.4379768372,302.0,,,,
11.9751564167,443,790,145300,42.2750338889,-83.7360219444,10.4799995422,0.709999978542,0.0,,2.0,,,0.0,,-51.1000366211,30.4379768372,302.0,,,,
11.9751564167,443,790,146200,42.2750094444,-83.7359363889,10.4799995422,0.709999978542,0.0,,2.0,,,0.0,,-51.1000366211,30.4379768372,302.0,,,,
11.9751564167,443,790,146300,42.2750094444,-83.7359363889,11.0699996948,0.709999978542,0.0,,2.0,,,0.0,,0.0,30.4379768372,302.0,,,,
11.9751564167,443,790,147400,42.2750094444,-83.7359363889,7.28999996185,0.709999978542,0.0,,2.0,,,0.0,,-23.200012207,30.4379768372,302.0,,,,
11.9751564167,443,790,148200,42.2750094444,-83.7359363889,7.28999996185,0.709999978542,0.0,,2.0,,,0.0,,-23.200012207,30.4379768372,294.0,,,,
11.9751564167,443,790,148500,42.2750094444,-83.7359363889,13.4799995422,0.709999978542,0.0,,2.0,,,0.0,,-98.299987793,30.4379768372,294.0,,,,
11.9751564167,443,790,149300,42.2749583333,-83.7358333333,13.4799995422,0.709999978542,0.0,,2.0,,,0.0,,-98.299987793,30.4379768372,294.0,,,,
11.9751564167,443,790,149500,42.2749583333,-83.7358333333,21.1899986267,0.709999978542,0.0,,2.0,,,0.0,,-119.049987793,30.4379768372,294.0,,,,
11.9751564167,443,790,150600,42.2749583333,-83.7358333333,29.2799987793,0.709999978542,0.0,,2.0,,,0.0,,-147.900024414,30.4379768372,294.0,,,,
11.9751564167,443,790,151700,42.2749583333,-83.7358333333,36.1699981689,0.709999978542,0.0,,2.0,,,0.0,,-151.850036621,30.4379768372,294.0,,,,
11.9751564167,443,790,152300,42.2747933333,-83.7357766667,36.1699981689,0.709999978542,0.0,,2.0,,,0.0,,-151.850036621,30.4379768372,294.0,,,,
11.9751564167,443,790,152800,42.2747933333,-83.7357766667,45.5900001526,0.709999978542,0.0,,2.0,,,0.0,,-74.299987793,30.4379768372,294.0,,,,
11.9751564167,443,790,153800,42.2747933333,-83.7357766667,47.3299980164,0.709999978542,0.0,,2.0,,,0.0,,-74.299987793,30.4379768372,294.0,,,,
11.9751564167,443,790,153900,42.2747933333,-83.7357766667,47.3299980164,0.709999978542,0.0,,2.0,,,0.0,,-59.799987793,30.4379768372,294.0,,,,
11.9751564167,443,790,154900,42.2747933333,-83.7357766667,48.6299972534,0.709999978542,0.0,,2.0,,,0.0,,-52.950012207,30.4379768372,294.0,,,,
11.9751564167,443,790,155300,42.27441,-83.7357775,48.6299972534,0.709999978542,0.0,,2.0,,,0.0,,-52.950012207,30.4379768372,294.0,,,,
11.9751564167,443,790,155900,42.27441,-83.7357775,48.8099975586,0.709999978542,0.0,,2.0,,,0.0,,-15.700012207,30.4379768372,294.0,,,,
11.9751564167,443,790,156900,42.27441,-83.7357775,47.8999977112,0.709999978542,0.0,,2.0,,,0.0,,-3.35003662109,30.4379768372,294.0,,,,
11.9751564167,443,790,158000,42.27441,-83.7357775,44.2000007629,0.709999978542,0.0,,2.0,,,0.0,,105.149963379,30.4379768372,294.0,,,,
11.9751564167,443,790,158300,42.2740411111,-83.7358033333,44.2000007629,0.709999978542,0.0,,2.0,,,0.0,,105.149963379,30.4379768372,311.5,,,,
11.9751564167,443,790,159000,42.2740411111,-83.7358033333,30.9399986267,0.709999978542,0.0,,2.0,,,0.0,,89.75,30.4379768372,311.5,,,,
11.9751564167,443,790,160100,42.2740411111,-83.7358033333,17.0900001526,0.709999978542,0.0,,2.0,,,0.0,,35.0999755859,30.4379768372,311.5,,,,
11.9751564167,443,790,161100,42.2740411111,-83.7358033333,11.5999994278,0.709999978542,0.0,,2.0,,,0.0,,-14.950012207,30.4379768372,311.5,,,,
11.9751564167,443,790,161200,42.2738286111,-83.7358022222,11.5999994278,0.709999978542,0.0,,2.0,,,0.0,,-14.950012207,30.4379768372,311.5,,,,
11.9751564167,443,790,162100,42.2738286111,-83.7358022222,12.3099994659,0.709999978542,0.0,,2.0,,,0.0,,-49.1500244141,30.4379768372,311.5,,,,
11.9751564167,443,790,163200,42.2738286111,-83.7358022222,16.5399990082,0.709999978542,0.0,,2.0,,,0.0,,-67.1500244141,30.4379768372,311.5,,,,
11.9751564167,443,790,163300,42.2738286111,-83.7358022222,16.5399990082,0.709999978542,0.0,,2.0,,,0.0,,-67.1500244141,30.4379768372,296.0,,,,
11.9751564167,443,790,164200,42.2738286111,-83.7358022222,22.2699985504,0.709999978542,0.0,,2.0,,,0.0,,-108.650024414,30.4379768372,296.0,,,,
11.9751564167,443,790,164300,42.2738058333,-83.7356891667,22.2699985504,0.709999978542,0.0,,2.0,,,0.0,,-108.650024414,30.4379768372,296.0,,,,
11.9751564167,443,790,165300,42.2738058333,-83.7356891667,29.359998703,0.709999978542,0.0,,2.0,,,0.0,,-123.450012207,30.4379768372,296.0,,,,
11.9751564167,443,790,166300,42.2738058333,-83.7356891667,34.4199981689,0.709999978542,0.0,,2.0,,,0.0,,-119.650024414,30.4379768372,296.0,,,,
11.9751564167,443,790,167200,42.2738227778,-83.7353644444,34.4199981689,0.709999978542,0.0,,2.0,,,0.0,,-119.650024414,30.4379768372,296.0,,,,
11.9751564167,443,790,167300,42.2738227778,-83.7353644444,36.3299980164,0.709999978542,0.0,,2.0,,,0.0,,-26.4000244141,30.4379768372,296.0,,,,
11.9751564167,443,790,168400,42.2738227778,-83.7353644444,35.7900009155,0.709999978542,0.0,,2.0,,,0.0,,-24.25,30.4379768372,299.0,,,,
11.9751564167,443,790,169400,42.2738227778,-83.7353644444,36.8499984741,0.709999978542,0.0,,2.0,,,0.0,,-42.25,30.4379768372,299.0,,,,
11.9751564167,443,790,170200,42.2738522222,-83.7350183333,36.8499984741,0.709999978542,0.0,,2.0,,,0.0,,-42.25,30.4379768372,299.0,,,,
11.9751564167,443,790,170500,42.2738522222,-83.7350183333,36.5,0.709999978542,0.0,,2.0,,,0.0,,-1.04998779297,30.4379768372,299.0,,,,
11.9751564167,443,790,171500,42.2738522222,-83.7350183333,30.4799995422,0.709999978542,0.0,,2.0,,,0.0,,77.549987793,30.4379768372,299.0,,,,
11.9751564167,443,790,172500,42.2738522222,-83.7350183333,21.5699996948,0.709999978542,0.0,,2.0,,,0.0,,48.25,30.4379768372,299.0,,,,
11.9751564167,443,790,172800,42.2738522222,-83.7350183333,21.5699996948,0.709999978542,0.0,,2.25,,,0.0,,48.25,30.4379768372,299.0,,,,
11.9751564167,443,790,173300,42.2738422222,-83.7347730556,21.5699996948,0.709999978542,0.0,,2.25,,,0.0,,48.25,30.4379768372,299.0,,,,
11.9751564167,443,790,173400,42.2738422222,-83.7347730556,21.5699996948,0.709999978542,0.0,,2.25,,,0.0,,48.25,30.4379768372,304.5,,,,
11.9751564167,443,790,173600,42.2738422222,-83.7347730556,12.7299995422,0.709999978542,0.0,,2.25,,,0.0,,18.950012207,30.4379768372,304.5,,,,
11.9751564167,443,790,174600,42.2738422222,-83.7347730556,3.81999993324,0.709999978542,0.0,,2.25,,,0.0,,-14.5,30.4379768372,304.5,,,,
11.9751564167,443,790,175700,42.2738422222,-83.7347730556,1.04999995232,0.709999978542,0.0,,2.25,,,0.0,,-14.3500366211,30.4379768372,304.5,,,,
11.9751564167,443,790,176300,42.27382,-83.7347422222,1.04999995232,0.709999978542,0.0,,2.25,,,0.0,,-14.3500366211,30.4379768372,304.5,,,,
11.9751564167,443,790,176700,42.27382,-83.7347422222,0.829999983311,0.709999978542,0.0,,2.25,,,0.0,,-23.950012207,30.4379768372,304.5,,,,
11.9751564167,443,790,177700,42.27382,-83.7347422222,6.98999977112,0.709999978542,0.0,,2.25,,,0.0,,-115.549987793,30.4379768372,304.5,,,,
11.9751564167,443,790,178500,42.27382,-83.7347422222,6.98999977112,0.709999978542,0.0,,2.25,,,0.0,,-115.549987793,30.4379768372,291.0,,,,
11.9751564167,443,790,178800,42.27382,-83.7347422222,23.8699989319,0.709999978542,0.0,,2.25,,,0.0,,-129.400024414,30.4379768372,291.0,,,,
11.9751564167,443,790,179200,42.2738175,-83.7345952778,23.8699989319,0.709999978542,0.0,,2.25,,,0.0,,-129.400024414,30.4379768372,291.0,,,,
11.9751564167,443,790,179800,42.2738175,-83.7345952778,30.2899990082,0.709999978542,0.0,,2.25,,,0.0,,-130.049987793,30.4379768372,291.0,,,,
11.9751564167,443,790,180900,42.2738175,-83.7345952778,35.7900009155,0.709999978542,0.0,,2.25,,,0.0,,-127.299987793,30.4379768372,291.0,,,,
11.9751564167,443,790,181900,42.2738175,-83.7345952778,40.0499992371,0.709999978542,0.0,,2.25,,,0.0,,-125.75,30.4379768372,291.0,,,,
11.9751564167,443,790,182200,42.2738286111,-83.7342794444,40.0499992371,0.709999978542,0.0,,2.25,,,0.0,,-125.75,30.4379768372,291.0,,,,
11.9751564167,443,790,182900,42.2738286111,-83.7342794444,43.5299987793,0.709999978542,0.0,,2.25,,,0.0,,-86.1000366211,30.4379768372,291.0,,,,
11.9751564167,443,790,183500,42.2738286111,-83.7342794444,43.5299987793,0.709999978542,0.0,,2.25,,,0.0,,-86.1000366211,30.4379768372,292.0,,,,
11.9751564167,443,790,184000,42.2738286111,-83.7342794444,43.5599975586,0.709999978542,0.0,,2.25,,,0.0,,-12.950012207,30.4379768372,292.0,,,,
11.9751564167,443,790,185000,42.2738286111,-83.7342794444,42.1299972534,0.709999978542,0.0,,2.25,,,0.0,,-12.950012207,30.4379768372,292.0,,,,
11.9751564167,443,790,185100,42.2738286111,-83.7342794444,42.1299972534,0.709999978542,0.0,,2.25,,,0.0,,-2.45001220703,30.4379768372,292.0,,,,
11.9751564167,443,790,185300,42.2738211111,-83.7338827778,42.1299972534,0.709999978542,0.0,,2.25,,,0.0,,-2.45001220703,30.4379768372,292.0,,,,
11.9751564167,443,790,186100,42.2738211111,-83.7338827778,39.9799995422,0.709999978542,0.0,,2.25,,,0.0,,17.0999755859,30.4379768372,292.0,,,,
11.9751564167,443,790,187200,42.2738211111,-83.7338827778,36.6800003052,0.709999978542,0.0,,2.25,,,0.0,,37.0999755859,30.4379768372,292.0,,,,
11.9751564167,443,790,188300,42.2738041667,-83.73349,31.8899993896,0.709999978542,0.0,,2.25,,,0.0,,55.3999633789,30.4379768372,292.0,,,,
11.9751564167,443,790,188500,42.2738041667,-83.73349,31.8899993896,0.709999978542,0.0,,2.25,,,0.0,,55.3999633789,30.4379768372,307.0,,,,
11.9751564167,443,790,189400,42.2738041667,-83.73349,23.7199993134,0.709999978542,0.0,,2.25,,,0.0,,65.6499633789,30.4379768372,307.0,,,,
11.9751564167,443,790,190400,42.2738041667,-83.73349,13.7599992752,0.709999978542,0.0,,2.25,,,0.0,,17.3999633789,30.4379768372,307.0,,,,
11.9751564167,443,790,191300,42.2737661111,-83.7332652778,13.7599992752,0.709999978542,0.0,,2.25,,,0.0,,17.3999633789,30.4379768372,307.0,,,,
11.9751564167,443,790,191500,42.2737661111,-83.7332652778,10.5199995041,0.709999978542,0.0,,2.25,,,0.0,,-11.75,30.4379768372,307.0,,,,
11.9751564167,443,790,192500,42.2737661111,-83.7332652778,11.3400001526,0.709999978542,0.0,,2.25,,,0.0,,-60.450012207,30.4379768372,307.0,,,,
11.9751564167,443,790,193500,42.2737661111,-83.7332652778,17.109998703,0.709999978542,0.0,,2.25,,,0.0,,-75.700012207,30.4379768372,294.5,,,,
11.9751564167,443,790,194300,42.2736666667,-83.7331727778,17.109998703,0.709999978542,0.0,,2.25,,,0.0,,-75.700012207,30.4379768372,294.5,,,,
11.9751564167,443,790,194600,42.2736666667,-83.7331727778,22.3500003815,0.709999978542,0.0,,2.25,,,0.0,,-103.650024414,30.4379768372,294.5,,,,
11.9751564167,443,790,195600,42.2736666667,-83.7331727778,28.9699993134,0.709999978542,0.0,,2.25,,,0.0,,-139.350036621,30.4379768372,294.5,,,,
11.9751564167,443,790,196700,42.2736666667,-83.7331727778,35.9099998474,0.709999978542,0.0,,2.25,,,0.0,,-154.75,30.4379768372,294.5,,,,
11.9751564167,443,790,197300,42.2735005556,-83.7331641667,35.9099998474,0.709999978542,0.0,,2.25,,,0.0,,-154.75,30.4379768372,294.5,,,,
11.9751564167,443,790,197700,42.2735005556,-83.7331641667,41.8699989319,0.709999978542,0.0,,2.25,,,0.0,,-151.700012207,30.4379768372,294.5,,,,
11.9751564167,443,790,198600,42.2735005556,-83.7331641667,41.8699989319,0.709999978542,0.0,,2.25,,,0.0,,-151.700012207,30.4379768372,287.5,,,,
11.9751564167,443,790,198700,42.2735005556,-83.7331641667,47.0499992371,0.709999978542,0.0,,2.25,,,0.0,,-127.0,30.4379768372,287.5,,,,
11.9751564167,443,790,199800,42.2735005556,-83.7331641667,50.2000007629,0.709999978542,0.0,,2.25,,,0.0,,-23.049987793,30.4379768372,287.5,,,,
11.9751564167,443,790,200300,42.273205,-83.7331369444,50.2000007629,0.709999978542,0.0,,2.25,,,0.0,,-23.049987793,30.4379768372,287.5,,,,
11.9751564167,443,790,200800,42.273205,-83.7331369444,49.9899978638,0.709999978542,0.0,,2.25,,,0.0,,-6.70001220703,30.4379768372,287.5,,,,
11.9751564167,443,790,201900,42.273205,-83.7331369444,49.25,0.709999978542,0.0,,2.25,,,0.0,,0.450012207031,30.4379768372,287.5,,,,
11.9751564167,443,790,202900,42.273205,-83.7331369444,47.8600006104,0.709999978542,0.0,,2.25,,,0.0,,13.75,30.4379768372,287.5,,,,
11.9751564167,443,790,203600,42.273205,-83.7331369444,47.8600006104,0.709999978542,0.0,,2.25,,,0.0,,13.75,30.4379768372,302.0,,,,
11.9751564167,443,790,203900,42.273205,-83.7331369444,45.1399993896,0.709999978542,0.0,,2.25,,,0.0,,57.0999755859,30.4379768372,302.0,,,,
11.9751564167,443,790,204200,42.2727322222,-83.7331058333,45.1399993896,0.709999978542,0.0,,2.25,,,0.0,,57.0999755859,30.4379768372,302.0,,,,
11.9751564167,443,790,205000,42.2727322222,-83.7331058333,40.1800003052,0.709999978542,0.0,,2.25,,,0.0,,89.0,30.4379768372,302.0,,,,
11.9751564167,443,790,206000,42.2727322222,-83.7331058333,31.8099994659,0.709999978542,0.0,,2.25,,,0.0,,87.5999755859,30.4379768372,302.0,,,,
11.9751564167,443,790,207100,42.2727322222,-83.7331058333,21.6899986267,0.709999978542,0.0,,2.25,,,0.0,,52.200012207,30.4379768372,302.0,,,,
11.9751564167,443,790,207300,42.2724755556,-83.73312,21.6899986267,0.709999978542,0.0,,2.25,,,0.0,,52.200012207,30.4379768372,302.0,,,,
11.9751564167,443,790,208100,42.2724755556,-83.73312,12.0,0.709999978542,0.0,,2.25,,,0.0,,12.6499633789,30.4379768372,302.0,,,,
11.9751564167,443,790,208700,42.2724755556,-83.73312,12.0,0.709999978542,0.0,,2.25,,,0.0,,12.6499633789,30.4379768372,303.5,,,,
11.9751564167,443,790,209100,42.2724755556,-83.73312,2.98000001907,0.709999978542,0.0,,2.25,,,0.0,,-14.5,30.4379768372,303.5,,,,
11.9751564167,443,790,210200,42.2723941667,-83.7331444444,0.340000003576,0.709999978542,0.0,,2.25,,,0.0,,-12.950012207,30.4379768372,303.5,,,,
11.9751564167,443,790,211200,42.2723941667,-83.7331444444,0.00999999977648,0.709999978542,0.0,,2.25,,,0.0,,-13.450012207,30.4379768372,303.5,,,,
11.9751564167,443,790,212300,42.2723941667,-83.7331444444,0.0,0.709999978542,0.0,,2.25,,,0.0,,-14.6500244141,30.4379768372,301.0,,,,
11.9751564167,443,790,213200,42.2723730556,-83.7331386111,0.0,0.709999978542,0.0,,2.25,,,0.0,,-14.6500244141,30.4379768372,301.0,,,,
11.9751564167,443,790,213800,42.2723730556,-83.7331386111,5.42999982834,0.709999978542,0.0,,2.25,,,0.0,,-19.549987793,30.4379768372,300.0,,,,
11.9751564167,443,790,214800,42.2723730556,-83.7331386111,5.0499997139,0.709999978542,0.0,,2.25,,,0.0,,-12.950012207,30.4379768372,300.0,,,,
11.9751564167,443,790,215900,42.2723730556,-83.7331386111,4.46000003815,0.709999978542,0.0,,2.25,,,0.0,,-13.25,30.4379768372,300.0,,,,
11.9751564167,443,790,216200,42.2723344444,-83.7331291667,4.46000003815,0.709999978542,0.0,,2.25,,,0.0,,-13.25,30.4379768372,300.0,,,,
11.9751564167,443,790,216900,42.2723344444,-83.7331291667,5.42000007629,0.709999978542,0.0,,2.25,,,0.0,,-32.799987793,30.4379768372,300.0,,,,
11.9751564167,443,790,217900,42.2723344444,-83.7331291667,5.94000005722,0.709999978542,0.0,,2.25,,,0.0,,-11.450012207,30.4379768372,300.0,,,,
11.9751564167,443,790,218800,42.2723344444,-83.7331291667,5.94000005722,0.709999978542,0.0,,2.25,,,0.0,,-11.450012207,30.4379768372,301.0,,,,
11.9751564167,443,790,219000,42.2723344444,-83.7331291667,4.53999996185,0.709999978542,0.0,,2.25,,,0.0,,-12.3500366211,30.4379768372,301.0,,,,
11.9751564167,443,790,219300,42.2722933333,-83.7331077778,4.53999996185,0.709999978542,0.0,,2.25,,,0.0,,-12.3500366211,30.4379768372,301.0,,,,
11.9751564167,443,790,220000,42.2722933333,-83.7331077778,3.52999997139,0.709999978542,0.0,,2.25,,,0.0,,-10.549987793,30.4379768372,301.0,,,,
11.9751564167,443,790,221100,42.2722933333,-83.7331077778,1.62999999523,0.709999978542,0.0,,2.25,,,0.0,,-12.3500366211,30.4379768372,301.0,,,,
11.9751564167,443,790,222100,42.2722933333,-83.7331077778,0.949999988079,0.709999978542,0.0,,2.25,,,0.0,,-10.8500366211,30.4379768372,301.0,,,,
11.9751564167,443,790,222300,42.2722663889,-83.7331019444,0.949999988079,0.709999978542,0.0,,2.25,,,0.0,,-10.8500366211,30.4379768372,301.0,,,,
11.9751564167,443,790,223200,42.2722663889,-83.7331019444,0.170000001788,0.709999978542,0.0,,2.25,,,0.0,,-12.5,30.4379768372,301.0,,,,
11.9751564167,443,790,224300,42.2722663889,-83.7331019444,0.299999982119,0.709999978542,0.0,,2.25,,,0.0,,-14.200012207,30.4379768372,301.0,,,,
11.9751564167,443,790,225300,42.2722716667,-83.7330833333,0.299999982119,0.709999978542,0.0,,2.25,,,0.0,,-14.200012207,30.4379768372,301.0,,,,
11.9751564167,443,790,225400,42.2722716667,-83.7330833333,12.5099992752,0.709999978542,0.0,,2.25,,,0.0,,-130.799987793,30.4379768372,301.0,,,,
11.9751564167,443,790,226400,42.2722716667,-83.7330833333,20.9799995422,0.709999978542,0.0,,2.25,,,0.0,,-125.299987793,30.4379768372,301.0,,,,
11.9751564167,443,790,227400,42.2722716667,-83.7330833333,27.4699993134,0.709999978542,0.0,,2.25,,,0.0,,-146.5,25.8860759735,301.0,,,,
11.9751564167,443,790,228200,42.2722169444,-83.7329161111,27.4699993134,0.709999978542,0.0,,2.25,,,0.0,,-146.5,25.8860759735,301.0,,,,
11.9751564167,443,790,228500,42.2722169444,-83.7329161111,34.0499992371,0.709999978542,0.0,,2.25,,,0.0,,-160.400024414,25.8860759735,301.0,,,,
11.9751564167,443,790,228900,42.2722169444,-83.7329161111,34.0499992371,0.709999978542,0.0,,2.25,,,0.0,,-160.400024414,25.8860759735,285.0,,,,
11.9751564167,443,790,229500,42.2722169444,-83.7329161111,39.7799987793,0.709999978542,0.0,,2.25,,,0.0,,-128.950012207,25.8860759735,285.0,,,,
11.9751564167,443,790,230500,42.2722169444,-83.7329161111,40.1299972534,0.709999978542,0.0,,2.25,,,0.0,,-9.45001220703,25.8860759735,285.0,,,,
11.9751564167,443,790,231200,42.2722138889,-83.7325227778,40.1299972534,0.709999978542,0.0,,2.25,,,0.0,,-9.45001220703,25.8860759735,285.0,,,,
11.9751564167,443,790,231600,42.2722138889,-83.7325227778,38.5999984741,0.709999978542,0.0,,2.25,,,0.0,,-1.04998779297,25.8860759735,285.0,,,,
11.9751564167,443,790,232600,42.2722138889,-83.7325227778,37.0,0.709999978542,0.0,,2.25,,,0.0,,-24.1000366211,25.8860759735,285.0,,,,
11.9751564167,443,790,233700,42.2722138889,-83.7325227778,37.3600006104,0.709999978542,0.0,,2.25,,,0.0,,-53.700012207,25.8860759735,285.0,,,,
11.9751564167,443,790,233900,42.2722138889,-83.7325227778,37.3600006104,0.709999978542,0.0,,2.25,,,0.0,,-53.700012207,25.8860759735,295.5,,,,
11.9751564167,443,790,234700,42.2722138889,-83.7325227778,38.5499992371,0.709999978542,0.0,,2.25,,,0.0,,-60.75,25.8860759735,295.5,,,,
11.9751564167,443,790,235300,42.2722302778,-83.7319969444,38.5499992371,0.709999978542,0.0,,2.25,,,0.0,,-60.75,25.8860759735,295.5,,,,
11.9751564167,443,790,235700,42.2722302778,-83.7319969444,39.3999977112,0.709999978542,0.0,,2.25,,,0.0,,-21.6500244141,25.8860759735,295.5,,,,
11.9751564167,443,790,236800,42.2722302778,-83.7319969444,38.2000007629,0.709999978542,0.0,,2.25,,,0.0,,-2.0,25.8860759735,295.5,,,,
11.9751564167,443,790,237800,42.2722302778,-83.7319969444,36.7099990845,0.709999978542,0.0,,2.25,,,0.0,,-41.3500366211,25.8860759735,295.5,,,,
11.9751564167,443,790,238300,42.2722488889,-83.7316094444,36.7099990845,0.709999978542,0.0,,2.25,,,0.0,,-41.3500366211,25.8860759735,295.5,,,,
11.9751564167,443,790,238900,42.2722488889,-83.7316094444,39.1100006104,0.709999978542,0.0,,2.25,,,0.0,,-112.650024414,25.8860759735,289.5,,,,
11.9751564167,443,790,239900,42.2722488889,-83.7316094444,42.5999984741,0.709999978542,0.0,,2.25,,,0.0,,-115.049987793,25.8860759735,289.5,,,,
11.9751564167,443,790,240900,42.2722488889,-83.7316094444,45.6800003052,0.709999978542,0.0,,2.25,,,0.0,,-111.100036621,25.8860759735,289.5,,,,
11.9751564167,443,790,241200,42.2722697222,-83.7311691667,45.6800003052,0.709999978542,0.0,,2.25,,,0.0,,-111.100036621,25.8860759735,289.5,,,,
11.9751564167,443,790,242000,42.2722697222,-83.7311691667,47.1499977112,0.709999978542,0.0,,2.25,,,0.0,,-29.0,25.8860759735,289.5,,,,
11.9751564167,443,790,243000,42.2722697222,-83.7311691667,46.0399971008,0.709999978542,0.0,,2.25,,,0.0,,0.0,25.8860759735,289.5,,,,
11.9751564167,443,790,244000,42.2722697222,-83.7311691667,46.0399971008,0.709999978542,0.0,,2.25,,,0.0,,0.0,25.8860759735,300.5,,,,
11.9751564167,443,790,244100,42.2722697222,-83.7311691667,44.1899986267,0.709999978542,0.0,,2.25,,,0.0,,3.04998779297,25.8860759735,300.5,,,,
11.9751564167,443,790,244300,42.2723088889,-83.7307202778,44.1899986267,0.709999978542,0.0,,2.25,,,0.0,,3.04998779297,25.8860759735,300.5,,,,
11.9751564167,443,790,245100,42.2723088889,-83.7307202778,42.2399978638,0.709999978542,0.0,,2.25,,,0.0,,2.89996337891,25.8860759735,300.5,,,,
11.9751564167,443,790,246100,42.2723088889,-83.7307202778,40.4799995422,0.709999978542,0.0,,2.25,,,0.0,,1.54998779297,25.8860759735,300.5,,,,
11.9751564167,443,790,247200,42.2723502778,-83.7303194444,38.719997406,0.709999978542,0.0,,2.25,,,0.0,,-1.20001220703,25.8860759735,300.5,,,,
11.9751564167,443,790,248200,42.2723502778,-83.7303194444,38.2399978638,0.709999978542,0.0,,2.25,,,0.0,,-41.049987793,25.8860759735,300.5,,,,
11.9751564167,443,790,249000,42.2723502778,-83.7303194444,38.2399978638,0.709999978542,0.0,,2.25,,,0.0,,-41.049987793,25.8860759735,299.5,,,,
11.9751564167,443,790,249300,42.2723502778,-83.7303194444,37.5699996948,0.709999978542,0.0,,2.25,,,0.0,,-10.8500366211,25.8860759735,299.5,,,,
11.9751564167,443,790,250200,42.2723722222,-83.7299611111,37.5699996948,0.709999978542,0.0,,2.25,,,0.0,,-10.8500366211,25.8860759735,299.5,,,,
11.9751564167,443,790,250300,42.2723722222,-83.7299611111,35.9599990845,0.709999978542,0.0,,2.25,,,0.0,,-18.1500244141,25.8860759735,299.5,,,,
11.9751564167,443,790,251300,42.2723722222,-83.7299611111,36.6599998474,0.709999978542,0.0,,2.25,,,0.0,,-114.900024414,25.8860759735,299.5,,,,
11.9751564167,443,790,252400,42.2723722222,-83.7299611111,41.3499984741,0.709999978542,0.0,,2.25,,,0.0,,-15.25,25.8860759735,299.5,,,,
11.9751564167,443,790,253300,42.2723905556,-83.7295677778,41.3499984741,0.709999978542,0.0,,2.25,,,0.0,,-15.25,25.8860759735,299.5,,,,
11.9751564167,443,790,253400,42.2723905556,-83.7295677778,39.7700004578,0.709999978542,0.0,,2.25,,,0.0,,-3.79998779297,25.8860759735,299.5,,,,
11.9751564167,443,790,254500,42.2723905556,-83.7295677778,38.3299980164,0.709999978542,0.0,,2.25,,,0.0,,-2.0,25.8860759735,299.5,,,,
11.9751564167,443,790,255500,42.2723905556,-83.7295677778,36.7399978638,0.709999978542,0.0,,2.25,,,0.0,,-0.600036621094,25.8860759735,299.5,,,,
11.9751564167,443,790,256300,42.27241,-83.7291916667,36.7399978638,0.709999978542,0.0,,2.25,,,0.0,,-0.600036621094,25.8860759735,299.5,,,,
11.9751564167,443,790,256600,42.27241,-83.7291916667,34.4099998474,0.709999978542,0.0,,2.25,,,0.0,,33.8999633789,25.8860759735,299.5,,,,
11.9751564167,443,790,257700,42.27241,-83.7291916667,31.8400001526,0.709999978542,0.0,,2.25,,,0.0,,-4.40002441406,25.8860759735,299.5,,,,
11.9751564167,443,790,258700,42.27241,-83.7291916667,29.6499996185,0.709999978542,0.0,,2.25,,,0.0,,17.25,25.8860759735,299.5,,,,
11.9751564167,443,790,259100,42.27241,-83.7291916667,29.6499996185,0.709999978542,0.0,,2.25,,,0.0,,17.25,25.8860759735,302.5,,,,
11.9751564167,443,790,259300,42.2724158333,-83.7288819444,29.6499996185,0.709999978542,0.0,,2.25,,,0.0,,17.25,25.8860759735,302.5,,,,
11.9751564167,443,790,259800,42.2724158333,-83.7288819444,27.3199996948,0.709999978542,0.0,,2.25,,,0.0,,15.3999633789,25.8860759735,302.5,,,,
11.9751564167,443,790,260900,42.2724158333,-83.7288819444,23.8899993896,0.709999978542,0.0,,2.25,,,0.0,,27.799987793,25.8860759735,302.5,,,,
11.9751564167,443,790,262000,42.2724158333,-83.7288819444,19.6199989319,0.709999978542,0.0,,2.25,,,0.0,,21.549987793,25.8860759735,302.5,,,,
11.9751564167,443,790,262300,42.2724219444,-83.7286636111,19.6199989319,0.709999978542,0.0,,2.25,,,0.0,,21.549987793,25.8860759735,302.5,,,,
11.9751564167,443,790,263000,42.2724219444,-83.7286636111,15.0399999619,0.709999978542,0.0,,2.25,,,0.0,,23.5,25.8860759735,302.5,,,,
11.9751564167,443,790,264000,42.2724219444,-83.7286636111,8.90999984741,0.709999978542,0.0,,2.25,,,0.0,,2.59997558594,25.8860759735,302.5,,,,
11.9751564167,443,790,264100,42.2724219444,-83.7286636111,8.90999984741,0.709999978542,0.0,,2.25,,,0.0,,2.59997558594,25.8860759735,302.0,,,,
11.9751564167,443,790,265100,42.2724219444,-83.7286636111,3.15999984741,0.709999978542,0.0,,2.25,,,0.0,,-10.549987793,25.8860759735,302.0,,,,
11.9751564167,443,790,265200,42.2724130556,-83.7286022222,3.15999984741,0.709999978542,0.0,,2.25,,,0.0,,-10.549987793,25.8860759735,302.0,,,,
11.9751564167,443,790,266100,42.2724130556,-83.7286022222,0.239999994636,0.709999978542,0.0,,2.25,,,0.0,,-11.0,25.8860759735,302.0,,,,
11.9751564167,443,790,266800,42.2724130556,-83.7286022222,0.0,0.709999978542,0.0,,2.25,,,0.0,,-10.3500366211,25.8860759735,300.5,,,,
11.9751564167,443,790,267900,42.2724130556,-83.7286022222,0.0,0.709999978542,0.0,,2.25,,,0.0,,-10.049987793,24.1670913696,300.5,,,,
11.9751564167,443,790,268900,42.2724130556,-83.7286022222,0.0,0.709999978542,0.0,,2.25,,,0.0,,-10.3500366211,24.1670913696,300.5,,,,
11.9751564167,443,790,269900,42.2724130556,-83.7286022222,0.0,0.709999978542,0.0,,2.25,,,0.0,,-10.049987793,24.1670913696,300.5,,,,
11.9751564167,443,790,271000,42.2724130556,-83.7286022222,0.0,0.709999978542,0.0,,2.25,,,0.0,,-10.200012207,24.1670913696,300.5,,,,
11.9751564167,443,790,273100,42.2724130556,-83.7286022222,0.0,0.709999978542,0.0,,2.25,,,0.0,,-10.3500366211,24.1670913696,300.5,,,,
11.9751564167,443,790,274100,42.2724130556,-83.7286022222,0.0,0.709999978542,0.0,,2.25,,,0.0,,-10.049987793,24.1670913696,300.5,,,,
11.9751564167,443,790,275100,42.2724130556,-83.7286022222,0.0,0.709999978542,0.0,,2.25,,,0.0,,-10.3500366211,24.1670913696,300.5,,,,
11.9751564167,443,790,276200,42.2724130556,-83.7286022222,0.0,0.709999978542,0.0,,2.25,,,0.0,,-10.200012207,24.1670913696,300.5,,,,
11.9751564167,443,790,277200,42.2724130556,-83.7286022222,0.0,0.709999978542,0.0,,2.25,,,0.0,,-10.049987793,24.1670913696,300.5,,,,
11.9751564167,443,790,278300,42.2724130556,-83.7286022222,0.0,0.709999978542,0.0,,2.25,,,0.0,,-10.200012207,24.1670913696,300.5,,,,
11.9751564167,443,790,280300,42.2724130556,-83.7286022222,0.0,0.709999978542,0.0,,2.25,,,0.0,,-10.049987793,24.1670913696,300.5,,,,
11.9751564167,443,790,281400,42.2724130556,-83.7286022222,0.0,0.709999978542,0.0,,2.25,,,0.0,,-10.200012207,24.1670913696,300.5,,,,
11.9751564167,443,790,281900,42.2724130556,-83.7286022222,0.0,0.709999978542,0.0,,2.25,,,0.0,,-10.200012207,24.1670913696,301.0,,,,
11.9751564167,443,790,282200,42.2724177778,-83.7286027778,0.0,0.709999978542,0.0,,2.25,,,0.0,,-10.200012207,24.1670913696,301.0,,,,
11.9751564167,443,790,282800,42.2724177778,-83.7286027778,0.989999949932,0.709999978542,0.0,,2.25,,,0.0,,-13.450012207,24.1670913696,300.5,,,,
11.9751564167,443,790,283900,42.2724177778,-83.7286027778,3.0,0.709999978542,0.0,,2.25,,,0.0,,-14.5,23.9088611603,300.5,,,,
11.9751564167,443,790,284900,42.2724177778,-83.7286027778,4.40000009537,0.709999978542,0.0,,2.25,,,0.0,,-14.6500244141,23.9088611603,300.5,,,,
11.9751564167,443,790,285200,42.2724186111,-83.7285716667,4.40000009537,0.709999978542,0.0,,2.25,,,0.0,,-14.6500244141,23.9088611603,300.5,,,,
11.9751564167,443,790,285900,42.2724186111,-83.7285716667,5.25999975204,0.709999978542,0.0,,2.25,,,0.0,,-11.1500244141,23.9088611603,300.5,,,,
11.9751564167,443,790,287000,42.2724186111,-83.7285716667,2.92999982834,0.709999978542,0.0,,2.25,,,0.0,,-10.549987793,23.9088611603,300.5,,,,
11.9751564167,443,790,288000,42.2724186111,-83.7285716667,1.36000001431,0.709999978542,0.0,,2.25,,,0.0,,-12.200012207,23.9088611603,300.5,,,,
11.9751564167,443,790,288300,42.2724158333,-83.7285433333,1.36000001431,0.709999978542,0.0,,2.25,,,0.0,,-12.200012207,23.9088611603,300.5,,,,
11.9751564167,443,790,289100,42.2724158333,-83.7285433333,4.0,0.709999978542,0.0,,2.25,,,0.0,,-26.549987793,23.9088611603,300.5,,,,
11.9751564167,443,790,289700,42.2724158333,-83.7285433333,4.0,0.709999978542,0.0,,2.25,,,0.0,,-26.549987793,23.9088611603,300.5,,,,
11.9751564167,443,790,290100,42.2724158333,-83.7285433333,9.07999992371,0.709999978542,0.0,,2.25,,,0.0,,-34.6500244141,23.9088611603,300.5,,,,
11.9751564167,443,790,291100,42.2724158333,-83.7285433333,12.8999996185,0.709999978542,0.0,,2.25,,,0.0,,-35.1000366211,23.9088611603,300.5,,,,
11.9751564167,443,790,291300,42.2724216667,-83.7284466667,12.8999996185,0.709999978542,0.0,,2.25,,,0.0,,-35.1000366211,23.9088611603,300.5,,,,
11.9751564167,443,790,292200,42.2724216667,-83.7284466667,16.0799999237,0.709999978542,0.0,,2.25,,,0.0,,-35.25,23.9088611603,300.5,,,,
11.9751564167,443,790,292900,42.2724216667,-83.7284466667,16.0799999237,0.709999978542,0.0,,2.25,,,0.0,,-35.25,23.9088611603,298.0,,,,
11.9751564167,443,790,293200,42.2724216667,-83.7284466667,18.9300003052,0.709999978542,0.0,,2.25,,,0.0,,-36.950012207,23.9088611603,298.0,,,,
11.9751564167,443,790,294200,42.2724194444,-83.72826,18.9300003052,0.709999978542,0.0,,2.25,,,0.0,,-36.950012207,23.9088611603,298.0,,,,
11.9751564167,443,790,294300,42.2724194444,-83.72826,21.6299991608,0.709999978542,0.0,,2.25,,,0.0,,-39.200012207,23.9088611603,298.0,,,,
11.9751564167,443,790,295300,42.2724194444,-83.72826,23.9200000763,0.709999978542,0.0,,2.25,,,0.0,,-21.049987793,23.9088611603,298.0,,,,
11.9751564167,443,790,296400,42.2724194444,-83.72826,29.9799995422,0.709999978542,0.0,,2.25,,,0.0,,-134.150024414,23.9088611603,298.0,,,,
11.9751564167,443,790,297300,42.2723469444,-83.7280291667,29.9799995422,0.709999978542,0.0,,2.25,,,0.0,,-134.150024414,23.9088611603,298.0,,,,
11.9751564167,443,790,297500,42.2723469444,-83.7280291667,37.6699981689,0.709999978542,0.0,,2.25,,,0.0,,-165.900024414,23.9088611603,298.0,,,,
11.9751564167,443,790,298000,42.2723469444,-83.7280291667,37.6699981689,0.709999978542,0.0,,2.25,,,0.0,,-165.900024414,23.9088611603,284.5,,,,
11.9751564167,443,790,298500,42.2723469444,-83.7280291667,44.7999992371,0.709999978542,0.0,,2.25,,,0.0,,-175.950012207,23.9088611603,284.5,,,,
11.9751564167,443,790,299600,42.2723469444,-83.7280291667,51.0399971008,0.709999978542,0.0,,2.25,,,0.0,,-174.75,23.9088611603,284.5,,,,
11.9751564167,443,790,300300,42.2720761111,-83.7277169444,51.0399971008,0.709999978542,0.0,,2.25,,,0.0,,-174.75,23.9088611603,284.5,,,,
11.9751564167,443,790,300600,42.2720761111,-83.7277169444,56.3999977112,0.709999978542,0.0,,2.25,,,0.0,,-168.5,23.9088611603,284.5,,,,
11.9751564167,443,790,301700,42.2720761111,-83.7277169444,59.75,0.709999978542,0.0,,2.25,,,0.0,,-54.200012207,23.9088611603,284.5,,,,
11.9751564167,443,790,302700,42.2720761111,-83.7277169444,59.8299980164,0.709999978542,0.0,,2.25,,,0.0,,-1.35003662109,23.9088611603,284.5,,,,
11.9751564167,443,790,303000,42.2720761111,-83.7277169444,59.8299980164,0.709999978542,0.0,,2.25,,,0.0,,-1.35003662109,23.9088611603,298.5,,,,
11.9751564167,443,790,303300,42.27176,-83.7273227778,59.8299980164,0.709999978542,0.0,,2.25,,,0.0,,-1.35003662109,23.9088611603,298.5,,,,
11.9751564167,443,790,303700,42.27176,-83.7273227778,58.3199996948,0.709999978542,0.0,,2.25,,,0.0,,8.54998779297,23.9088611603,298.5,,,,
11.9751564167,443,790,304800,42.27176,-83.7273227778,56.6999969482,0.709999978542,0.0,,2.25,,,0.0,,6.25,23.9088611603,298.5,,,,
11.9751564167,443,790,305800,42.27176,-83.7273227778,56.3999977112,0.709999978542,0.0,,2.25,,,0.0,,-66.1000366211,23.9088611603,298.5,,,,
11.9751564167,443,790,306200,42.2714502778,-83.7269297222,56.3999977112,0.709999978542,0.0,,2.25,,,0.0,,-66.1000366211,23.9088611603,298.5,,,,
11.9751564167,443,790,306900,42.2714502778,-83.7269297222,57.5599975586,0.709999978542,0.0,,2.25,,,0.0,,-75.549987793,23.9088611603,298.5,,,,
11.9751564167,443,790,307900,42.2714502778,-83.7269297222,58.7099990845,0.709999978542,0.0,,2.25,,,0.0,,-80.1000366211,23.9088611603,298.5,,,,
11.9751564167,443,790,308100,42.2714502778,-83.7269297222,58.7099990845,0.709999978542,0.0,,2.25,,,0.0,,-80.1000366211,23.9088611603,291.0,,,,
11.9751564167,443,790,308900,42.2714502778,-83.7269297222,59.6899986267,0.709999978542,0.0,,2.25,,,0.0,,-80.6000366211,23.9088611603,291.0,,,,
11.9751564167,443,790,310000,42.2714502778,-83.7269297222,59.6699981689,0.709999978542,0.0,,2.25,,,0.0,,-18.450012207,23.9088611603,291.0,,,,
11.9751564167,443,790,310300,42.2709944444,-83.7264416667,59.6699981689,0.709999978542,0.0,,2.25,,,0.0,,-18.450012207,23.9088611603,291.0,,,,
11.9751564167,443,790,311000,42.2709944444,-83.7264416667,58.0999984741,0.709999978542,0.0,,2.25,,,0.0,,2.14996337891,23.9088611603,291.0,,,,
11.9751564167,443,790,312100,42.2709944444,-83.7264416667,56.2399978638,0.709999978542,0.0,,2.25,,,0.0,,4.29998779297,23.9088611603,291.0,,,,
11.9751564167,443,790,312900,42.2709944444,-83.7264416667,56.2399978638,0.709999978542,0.0,,2.25,,,0.0,,4.29998779297,23.9088611603,291.0,,,,
11.9751564167,443,790,313100,42.2709944444,-83.7264416667,54.2399978638,0.709999978542,0.0,,2.25,,,0.0,,3.34997558594,23.9088611603,299.5,,,,
11.9751564167,443,790,313200,42.2706841667,-83.7260736111,54.2399978638,0.709999978542,0.0,,2.25,,,0.0,,3.34997558594,23.9088611603,299.5,,,,
11.9751564167,443,790,314100,42.2706841667,-83.7260736111,53.6899986267,0.709999978542,0.0,,2.25,,,0.0,,-61.950012207,23.9088611603,299.5,,,,
11.9751564167,443,790,315200,42.2706841667,-83.7260736111,53.7799987793,0.709999978542,0.0,,2.25,,,0.0,,-15.25,23.9088611603,299.5,,,,
11.9751564167,443,790,316200,42.2703652778,-83.725745,52.0999984741,0.709999978542,0.0,,2.25,,,0.0,,0.450012207031,23.9088611603,299.5,,,,
11.9751564167,443,790,317300,42.2703652778,-83.725745,50.2000007629,0.709999978542,0.0,,2.25,,,0.0,,2.0,23.9088611603,299.5,,,,
11.9751564167,443,790,318100,42.2703652778,-83.725745,50.2000007629,0.709999978542,0.0,,2.25,,,0.0,,2.0,23.9088611603,294.5,,,,
11.9751564167,443,790,318300,42.2703652778,-83.725745,49.0099983215,0.709999978542,0.0,,2.25,,,0.0,,-56.0,23.9088611603,294.5,,,,
11.9751564167,443,790,319200,42.2700944444,-83.7254044444,49.0099983215,0.709999978542,0.0,,2.25,,,0.0,,-56.0,23.9088611603,294.5,,,,
11.9751564167,443,790,319300,42.2700944444,-83.7254044444,49.3299980164,0.709999978542,0.0,,2.25,,,0.0,,-70.3500366211,23.9088611603,294.5,,,,
11.9751564167,443,790,320400,42.2700944444,-83.7254044444,52.1899986267,0.709999978542,0.0,,2.25,,,0.0,,-129.25,23.9088611603,294.5,,,,
11.9751564167,443,790,321400,42.2700944444,-83.7254044444,50.8099975586,0.709999978542,0.0,,2.25,,,0.0,,-5.5,23.9088611603,294.5,,,,
11.9751564167,443,790,322200,42.2697944444,-83.7250591667,50.8099975586,0.709999978542,0.0,,2.25,,,0.0,,-5.5,23.9088611603,294.5,,,,
11.9751564167,443,790,322500,42.2697944444,-83.7250591667,47.8299980164,0.709999978542,0.0,,2.25,,,0.0,,0.149963378906,23.9088611603,294.5,,,,
11.9751564167,443,790,323200,42.2697944444,-83.7250591667,47.8299980164,0.709999978542,0.0,,2.25,,,0.0,,0.149963378906,23.9088611603,299.0,,,,
11.9751564167,443,790,323500,42.2697944444,-83.7250591667,44.8799972534,0.709999978542,0.0,,2.25,,,0.0,,-12.950012207,23.9088611603,299.0,,,,
11.9751564167,443,790,324500,42.2697944444,-83.7250591667,44.0699996948,0.709999978542,0.0,,2.25,,,0.0,,-65.299987793,23.9088611603,299.0,,,,
11.9751564167,443,790,325200,42.2695405556,-83.7247416667,44.0699996948,0.709999978542,0.0,,2.25,,,0.0,,-65.299987793,23.9088611603,299.0,,,,
11.9751564167,443,790,325600,42.2695405556,-83.7247416667,44.7799987793,0.709999978542,0.0,,2.25,,,0.0,,-69.299987793,23.9088611603,299.0,,,,
11.9751564167,443,790,326600,42.2695405556,-83.7247416667,46.5,0.709999978542,0.0,,2.25,,,0.0,,-85.9000244141,23.9088611603,299.0,,,,
11.9751564167,443,790,327700,42.2695405556,-83.7247416667,48.8799972534,0.709999978542,0.0,,2.25,,,0.0,,-88.200012207,23.9088611603,299.0,,,,
11.9751564167,443,790,328200,42.2695405556,-83.7247416667,48.8799972534,0.709999978542,0.0,,2.25,,,0.0,,-88.200012207,23.9088611603,290.0,,,,
11.9751564167,443,790,328300,42.2692908333,-83.7244241667,48.8799972534,0.709999978542,0.0,,2.25,,,0.0,,-88.200012207,23.9088611603,290.0,,,,
11.9751564167,443,790,328700,42.2692908333,-83.7244241667,51.5900001526,0.709999978542,0.0,,2.25,,,0.0,,-86.8500366211,23.9088611603,290.0,,,,
11.9751564167,443,790,329800,42.2692908333,-83.7244241667,54.3299980164,0.709999978542,0.0,,2.25,,,0.0,,-85.75,23.9088611603,290.0,,,,
11.9751564167,443,790,330900,42.2692908333,-83.7244241667,57.1399993896,0.709999978542,0.0,,2.25,,,0.0,,-85.1500244141,23.9088611603,290.0,,,,
11.9751564167,443,790,331200,42.2689936111,-83.7240705556,57.1399993896,0.709999978542,0.0,,2.25,,,0.0,,-85.1500244141,23.9088611603,290.0,,,,
11.9751564167,443,790,331900,42.2689936111,-83.7240705556,59.0699996948,0.709999978542,0.0,,2.25,,,0.0,,-39.549987793,23.9088611603,290.0,,,,
11.9751564167,443,790,333000,42.2689936111,-83.7240705556,58.9799995422,0.709999978542,0.0,,2.25,,,0.0,,0.599975585938,23.9088611603,290.0,,,,
11.9751564167,443,790,333300,42.2689936111,-83.7240705556,58.9799995422,0.709999978542,0.0,,2.25,,,0.0,,0.599975585938,23.9088611603,298.0,,,,
11.9751564167,443,790,334100,42.2689936111,-83.7240705556,57.8699989319,0.709999978542,0.0,,2.25,,,0.0,,9.0,23.9088611603,298.0,,,,
11.9751564167,443,790,334200,42.2686880556,-83.7236761111,57.8699989319,0.709999978542,0.0,,2.25,,,0.0,,9.0,23.9088611603,298.0,,,,
11.9751564167,443,790,335100,42.2686880556,-83.7236761111,56.7599983215,0.709999978542,0.0,,2.25,,,0.0,,-9.15002441406,23.9088611603,298.0,,,,
11.9751564167,443,790,336200,42.2686880556,-83.7236761111,57.719997406,0.709999978542,0.0,,2.25,,,0.0,,-74.1500244141,23.9088611603,298.0,,,,
11.9751564167,443,790,337200,42.2683836111,-83.7232825,59.2999992371,0.709999978542,0.0,,2.25,,,0.0,,-82.25,23.9088611603,298.0,,,,
11.9751564167,443,790,338300,42.2683836111,-83.7232825,59.8199996948,0.709999978542,0.0,,2.25,,,0.0,,0.899963378906,23.9088611603,298.0,,,,
11.9751564167,443,790,339300,42.2683836111,-83.7232825,58.9599990845,0.709999978542,0.0,,2.25,,,0.0,,6.84997558594,23.9088611603,298.0,,,,
11.9751564167,443,790,340200,42.2680816667,-83.7228697222,58.9599990845,0.709999978542,0.0,,2.25,,,0.0,,6.84997558594,23.9088611603,298.0,,,,
11.9751564167,443,790,340300,42.2680816667,-83.7228697222,57.9199981689,0.709999978542,0.0,,2.25,,,0.0,,8.84997558594,23.9088611603,298.0,,,,
11.9751564167,443,790,341400,42.2680816667,-83.7228697222,57.0999984741,0.709999978542,0.0,,2.25,,,0.0,,-14.799987793,23.9088611603,298.0,,,,
11.9751564167,443,790,342400,42.2680816667,-83.7228697222,56.5599975586,0.709999978542,0.0,,2.25,,,0.0,,4.75,23.9088611603,298.0,,,,
11.9751564167,443,790,343200,42.267795,-83.7224686111,56.5599975586,0.709999978542,0.0,,2.25,,,0.0,,4.75,23.9088611603,298.0,,,,
11.9751564167,443,790,343300,42.267795,-83.7224686111,56.5599975586,0.709999978542,0.0,,2.25,,,0.0,,4.75,23.9088611603,299.5,,,,
11.9751564167,443,790,343500,42.267795,-83.7224686111,55.75,0.709999978542,0.0,,2.25,,,0.0,,10.549987793,23.9088611603,299.5,,,,
11.9751564167,443,790,344500,42.267795,-83.7224686111,54.75,0.709999978542,0.0,,2.25,,,0.0,,6.25,19.8151931763,299.5,,,,
11.9751564167,443,790,345500,42.267795,-83.7224686111,54.3899993896,0.709999978542,0.0,,2.25,,,0.0,,-40.450012207,19.8151931763,299.5,,,,
11.9751564167,443,790,346300,42.2675211111,-83.7220858333,54.3899993896,0.709999978542,0.0,,2.25,,,0.0,,-40.450012207,19.8151931763,299.5,,,,
11.9751564167,443,790,346600,42.2675211111,-83.7220858333,55.6100006104,0.709999978542,0.0,,2.25,,,0.0,,-60.9000244141,19.8151931763,299.5,,,,
11.9751564167,443,790,347600,42.2675211111,-83.7220858333,56.6800003052,0.709999978542,0.0,,2.25,,,0.0,,-66.4000244141,19.8151931763,299.5,,,,
11.9751564167,443,790,348300,42.2675211111,-83.7220858333,56.6800003052,0.709999978542,0.0,,2.25,,,0.0,,-66.4000244141,19.8151931763,292.5,,,,
11.9751564167,443,790,348700,42.2675211111,-83.7220858333,57.5900001526,0.709999978542,0.0,,2.25,,,0.0,,-69.1500244141,19.8151931763,292.5,,,,
11.9751564167,443,790,349300,42.2672022222,-83.7217116667,57.5900001526,0.709999978542,0.0,,2.25,,,0.0,,-69.1500244141,19.8151931763,292.5,,,,
11.9751564167,443,790,349700,42.2672022222,-83.7217116667,57.969997406,0.709999978542,0.0,,2.25,,,0.0,,-71.75,19.8151931763,292.5,,,,
11.9751564167,443,790,350700,42.2672022222,-83.7217116667,57.9899978638,0.709999978542,0.0,,2.25,,,0.0,,-73.1000366211,19.8151931763,292.5,,,,
11.9751564167,443,790,351800,42.2672022222,-83.7217116667,57.1899986267,0.709999978542,0.0,,2.25,,,0.0,,-30.8500366211,19.8151931763,292.5,,,,
11.9751564167,443,790,352200,42.266895,-83.7213016667,57.1899986267,0.709999978542,0.0,,2.25,,,0.0,,-30.8500366211,19.8151931763,292.5,,,,
11.9751564167,443,790,352800,42.266895,-83.7213016667,54.8699989319,0.709999978542,0.0,,2.25,,,0.0,,-0.450012207031,19.8151931763,292.5,,,,
11.9751564167,443,790,353400,42.266895,-83.7213016667,54.8699989319,0.709999978542,0.0,,2.25,,,0.0,,-0.450012207031,19.8151931763,297.5,,,,
11.9751564167,443,790,353900,42.266895,-83.7213016667,52.1699981689,0.709999978542,0.0,,2.25,,,0.0,,-9.75,19.8151931763,297.5,,,,
11.9751564167,443,790,354900,42.266895,-83.7213016667,51.0999984741,0.709999978542,0.0,,2.25,,,0.0,,-65.1500244141,19.8151931763,297.5,,,,
11.9751564167,443,790,355300,42.2666169444,-83.7209188889,51.0999984741,0.709999978542,0.0,,2.25,,,0.0,,-65.1500244141,19.8151931763,297.5,,,,
11.9751564167,443,790,355900,42.2666169444,-83.7209188889,50.9099998474,0.709999978542,0.0,,2.25,,,0.0,,-69.1500244141,19.8151931763,297.5,,,,
11.9751564167,443,790,357000,42.2666169444,-83.7209188889,51.6299972534,0.709999978542,0.0,,2.25,,,0.0,,-108.5,19.8151931763,297.5,,,,
11.9751564167,443,790,358000,42.2666169444,-83.7209188889,50.6699981689,0.709999978542,0.0,,2.25,,,0.0,,60.1499633789,19.8151931763,297.5,,,,
11.9751564167,443,790,358200,42.2663386111,-83.7205561111,50.6699981689,0.709999978542,0.0,,2.25,,,0.0,,60.1499633789,19.8151931763,297.5,,,,
11.9751564167,443,790,358400,42.2663386111,-83.7205561111,50.6699981689,0.709999978542,0.0,,2.25,,,0.0,,60.1499633789,19.8151931763,305.0,,,,
11.9751564167,443,790,359100,42.2663386111,-83.7205561111,45.4599990845,0.709999978542,0.0,,2.25,,,0.0,,71.1499633789,19.8151931763,305.0,,,,
11.9751564167,443,790,360100,42.2663386111,-83.7205561111,39.2599983215,0.709999978542,0.0,,2.25,,,0.0,,59.3999633789,19.8151931763,305.0,,,,
11.9751564167,443,790,361100,42.2663386111,-83.7205561111,33.8600006104,0.709999978542,0.0,,2.25,,,0.0,,-2.75,19.8151931763,305.0,,,,
11.9751564167,443,790,361200,42.2661294444,-83.7202727778,33.8600006104,0.709999978542,0.0,,2.25,,,0.0,,-2.75,19.8151931763,305.0,,,,
11.9751564167,443,790,362200,42.2661294444,-83.7202727778,33.4399986267,0.709999978542,0.0,,2.25,,,0.0,,-120.700012207,19.8151931763,305.0,,,,
11.9751564167,443,790,363200,42.2661294444,-83.7202727778,37.6699981689,0.709999978542,0.0,,2.25,,,0.0,,-149.850036621,19.8151931763,305.0,,,,
11.9751564167,443,790,363500,42.2661294444,-83.7202727778,37.6699981689,0.709999978542,0.0,,2.25,,,0.0,,-149.850036621,19.8151931763,282.5,,,,
11.9751564167,443,790,364300,42.26591,-83.7200019444,42.0200004578,0.709999978542,0.0,,2.25,,,0.0,,-159.049987793,19.8151931763,282.5,,,,
11.9751564167,443,790,365300,42.26591,-83.7200019444,45.8799972534,0.709999978542,0.0,,2.25,,,0.0,,-157.950012207,19.8151931763,282.5,,,,
11.9751564167,443,790,366400,42.26591,-83.7200019444,52.2099990845,0.709999978542,0.0,,2.25,,,0.0,,-155.850036621,19.8151931763,282.5,,,,
11.9751564167,443,790,367300,42.2656463889,-83.71965,52.2099990845,0.709999978542,0.0,,2.25,,,0.0,,-155.850036621,19.8151931763,282.5,,,,
11.9751564167,443,790,367500,42.2656463889,-83.71965,54.5299987793,0.709999978542,0.0,,2.25,,,0.0,,-149.400024414,19.8151931763,282.5,,,,
11.9751564167,443,790,368500,42.2656463889,-83.71965,56.6999969482,0.709999978542,0.0,,2.25,,,0.0,,-128.799987793,19.8151931763,283.5,,,,
11.9751564167,443,790,369600,42.2656463889,-83.71965,57.5900001526,0.709999978542,0.0,,2.25,,,0.0,,-81.5,19.8151931763,283.5,,,,
11.9751564167,443,790,370700,42.2656463889,-83.71965,57.2999992371,0.709999978542,0.0,,2.25,,,0.0,,-48.549987793,19.8151931763,283.5,,,,
11.9751564167,443,790,371200,42.2652436111,-83.7191083333,57.2999992371,0.709999978542,0.0,,2.25,,,0.0,,-48.549987793,19.8151931763,283.5,,,,
11.9751564167,443,790,371700,42.2652436111,-83.7191083333,56.719997406,0.709999978542,0.0,,2.25,,,0.0,,-72.6500244141,19.8151931763,283.5,,,,
11.9751564167,443,790,372400,42.2652436111,-83.7191083333,56.719997406,0.709999978542,0.0,,2.0,,,0.0,,-72.6500244141,19.8151931763,283.5,,,,
11.9751564167,443,790,372800,42.2652436111,-83.7191083333,57.4899978638,0.709999978542,0.0,,2.0,,,0.0,,-84.549987793,19.8151931763,283.5,,,,
11.9751564167,443,790,373600,42.2652436111,-83.7191083333,57.4899978638,0.709999978542,0.0,,2.0,,,0.0,,-84.549987793,19.8151931763,286.0,,,,
11.9751564167,443,790,373800,42.2652436111,-83.7191083333,58.5900001526,0.709999978542,0.0,,2.0,,,0.0,,-104.549987793,19.8151931763,286.0,,,,
11.9751564167,443,790,374300,42.2649244444,-83.7187036111,58.5900001526,0.709999978542,0.0,,2.0,,,0.0,,-104.549987793,19.8151931763,286.0,,,,
11.9751564167,443,790,374900,42.2649244444,-83.7187036111,61.219997406,0.709999978542,0.0,,2.0,,,0.0,,-144.25,19.8151931763,286.0,,,,
11.9751564167,443,790,375900,42.2649244444,-83.7187036111,64.2399978638,0.709999978542,0.0,,2.0,,,0.0,,-135.549987793,19.8151931763,286.0,,,,
11.9751564167,443,790,376900,42.2649244444,-83.7187036111,67.2299957275,0.709999978542,0.0,,2.0,,,0.0,,-143.600036621,19.8151931763,286.0,,,,
11.9751564167,443,790,377300,42.2645744444,-83.7182516667,67.2299957275,0.709999978542,0.0,,2.0,,,0.0,,-143.600036621,19.8151931763,286.0,,,,
11.9751564167,443,790,378000,42.2645744444,-83.7182516667,70.0800018311,0.709999978542,0.0,,2.0,,,0.0,,-140.100036621,19.8151931763,286.0,,,,
11.9751564167,443,790,378600,42.2645744444,-83.7182516667,70.0800018311,0.709999978542,0.0,,2.0,,,0.0,,-140.100036621,19.8151931763,284.0,,,,
11.9751564167,443,790,379000,42.2645744444,-83.7182516667,72.8099975586,0.709999978542,0.0,,2.0,,,0.0,,-102.549987793,19.8151931763,284.0,,,,
11.9751564167,443,790,380100,42.2645744444,-83.7182516667,74.25,0.709999978542,0.0,,2.0,,,0.0,,-67.299987793,19.8151931763,284.0,,,,
11.9751564167,443,790,380200,42.2641852778,-83.7177375,74.25,0.709999978542,0.0,,2.0,,,0.0,,-67.299987793,19.8151931763,284.0,,,,
11.9751564167,443,790,381100,42.2641852778,-83.7177375,75.0199966431,0.709999978542,0.0,,2.0,,,0.0,,-55.8500366211,19.8151931763,284.0,,,,
11.9751564167,443,790,382100,42.2641852778,-83.7177375,75.6199951172,0.709999978542,0.0,,2.0,,,0.0,,-48.049987793,19.8151931763,284.0,,,,
11.9751564167,443,790,383200,42.2641852778,-83.7177375,76.5499954224,0.709999978542,0.0,,2.0,,,0.0,,-85.1500244141,19.8151931763,284.0,,,,
11.9751564167,443,790,383300,42.2637838889,-83.7171936111,76.5499954224,0.709999978542,0.0,,2.0,,,0.0,,-85.1500244141,19.8151931763,284.0,,,,
11.9751564167,443,790,383700,42.2637838889,-83.7171936111,76.5499954224,0.709999978542,0.0,,2.0,,,0.0,,-85.1500244141,19.8151931763,285.0,,,,
11.9751564167,443,790,384200,42.2637838889,-83.7171936111,78.0099945068,0.709999978542,0.0,,2.0,,,0.0,,-97.049987793,19.8151931763,285.0,,,,
11.9751564167,443,790,385300,42.2637838889,-83.7171936111,79.5800018311,0.709999978542,0.0,,2.0,,,0.0,,-101.799987793,19.8151931763,285.0,,,,
11.9751564167,443,790,386300,42.2633511111,-83.7166402778,81.0699996948,0.709999978542,0.0,,2.0,,,0.0,,-104.700012207,19.8151931763,285.0,,,,
11.9751564167,443,790,387300,42.2633511111,-83.7166402778,82.4000015259,0.709999978542,0.0,,2.0,,,0.0,,-60.299987793,19.8151931763,285.0,,,,
11.9751564167,443,790,388400,42.2633511111,-83.7166402778,82.6100006104,0.709999978542,0.0,,2.0,,,0.0,,4.75,19.8151931763,285.0,,,,
11.9751564167,443,790,388700,42.2633511111,-83.7166402778,82.6100006104,0.709999978542,0.0,,2.0,,,0.0,,4.75,19.8151931763,295.0,,,,
11.9751564167,443,790,389200,42.2629077778,-83.7160569444,82.6100006104,0.709999978542,0.0,,2.0,,,0.0,,4.75,19.8151931763,295.0,,,,
11.9751564167,443,790,389400,42.2629077778,-83.7160569444,81.7900009155,0.709999978542,0.0,,2.0,,,0.0,,15.3999633789,19.8151931763,295.0,,,,
11.9751564167,443,790,390500,42.2629077778,-83.7160569444,80.9899978638,0.709999978542,0.0,,2.0,,,0.0,,16.950012207,19.8151931763,295.0,,,,
11.9751564167,443,790,391500,42.2629077778,-83.7160569444,80.2599945068,0.709999978542,0.0,,2.0,,,0.0,,16.950012207,19.8151931763,295.0,,,,
11.9751564167,443,790,392200,42.2624633333,-83.7154980556,80.2599945068,0.709999978542,0.0,,2.0,,,0.0,,16.950012207,19.8151931763,295.0,,,,
11.9751564167,443,790,392500,42.2624633333,-83.7154980556,79.5899963379,0.709999978542,0.0,,2.0,,,0.0,,16.049987793,19.8151931763,295.0,,,,
11.9751564167,443,790,393600,42.2624633333,-83.7154980556,79.1299972534,0.709999978542,0.0,,2.0,,,0.0,,16.3499755859,19.8151931763,295.0,,,,
11.9751564167,443,790,393700,42.2624633333,-83.7154980556,79.1299972534,0.709999978542,0.0,,2.0,,,0.0,,16.3499755859,19.8151931763,297.5,,,,
11.9751564167,443,790,394600,42.2624633333,-83.7154980556,78.7599945068,0.709999978542,0.0,,2.0,,,0.0,,16.200012207,19.8151931763,297.5,,,,
11.9751564167,443,790,395300,42.2620277778,-83.7149488889,78.7599945068,0.709999978542,0.0,,2.0,,,0.0,,16.200012207,19.8151931763,297.5,,,,
11.9751564167,443,790,395700,42.2620277778,-83.7149488889,78.4799957275,0.709999978542,0.0,,2.0,,,0.0,,15.549987793,19.8151931763,297.5,,,,
11.9751564167,443,790,396700,42.2620277778,-83.7149488889,78.8499984741,0.709999978542,0.0,,2.0,,,0.0,,-68.700012207,19.8151931763,297.5,,,,
11.9751564167,443,790,397700,42.2620277778,-83.7149488889,80.4599990845,0.709999978542,0.0,,2.0,,,0.0,,-77.049987793,19.8151931763,297.5,,,,
11.9751564167,443,790,398300,42.2615919444,-83.7144016667,80.4599990845,0.709999978542,0.0,,2.0,,,0.0,,-77.049987793,19.8151931763,297.5,,,,
11.9751564167,443,790,398800,42.2615919444,-83.7144016667,81.2299957275,0.709999978542,0.0,,2.0,,,0.0,,-29.299987793,19.8151931763,293.0,,,,
11.9751564167,443,790,399800,42.2615919444,-83.7144016667,81.189994812,0.709999978542,0.0,,2.0,,,0.0,,-17.25,19.8151931763,293.0,,,,
11.9751564167,443,790,400900,42.2615919444,-83.7144016667,80.4300003052,0.709999978542,0.0,,2.0,,,0.0,,8.70001220703,19.8151931763,293.0,,,,
11.9751564167,443,790,401300,42.2611491667,-83.7138427778,80.4300003052,0.709999978542,0.0,,2.0,,,0.0,,8.70001220703,19.8151931763,293.0,,,,
11.9751564167,443,790,401900,42.2611491667,-83.7138427778,78.0,0.709999978542,0.0,,2.0,,,0.0,,90.049987793,19.8151931763,293.0,,,,
11.9751564167,443,790,403000,42.2611491667,-83.7138427778,74.4099960327,0.709999978542,0.0,,2.0,,,0.0,,89.5999755859,19.8151931763,293.0,,,,
11.9751564167,443,790,403800,42.2611491667,-83.7138427778,74.4099960327,0.709999978542,0.0,,2.0,,,0.0,,89.5999755859,19.8151931763,302.5,,,,
11.9751564167,443,790,404100,42.2611491667,-83.7138427778,72.3799972534,0.709999978542,0.0,,2.0,,,0.0,,53.25,19.8151931763,302.5,,,,
11.9751564167,443,790,404300,42.2607347222,-83.7133169444,72.3799972534,0.709999978542,0.0,,2.0,,,0.0,,53.25,19.8151931763,302.5,,,,
11.9751564167,443,790,405100,42.2607347222,-83.7133169444,67.1299972534,0.709999978542,0.0,,2.0,,,0.0,,113.25,19.8151931763,302.5,,,,
11.9751564167,443,790,406200,42.2607347222,-83.7133169444,59.6699981689,0.709999978542,0.0,,2.0,,,0.0,,113.399963379,19.8151931763,302.5,,,,
11.9751564167,443,790,407200,42.2604041667,-83.7128961111,56.1899986267,0.709999978542,0.0,,2.0,,,0.0,,6.39996337891,19.8151931763,302.5,,,,
11.9751564167,443,790,408300,42.2604041667,-83.7128961111,56.3899993896,0.709999978542,0.0,,2.0,,,0.0,,-55.1000366211,19.8151931763,302.5,,,,
11.9751564167,443,790,408800,42.2604041667,-83.7128961111,56.3899993896,0.709999978542,0.0,,2.0,,,0.0,,-55.1000366211,19.8151931763,291.5,,,,
11.9751564167,443,790,409300,42.2604041667,-83.7128961111,58.1999969482,0.709999978542,0.0,,2.0,,,0.0,,-69.450012207,19.8151931763,291.5,,,,
11.9751564167,443,790,409700,42.2604041667,-83.7128961111,58.1999969482,0.709999978542,0.0,,2.0,,,0.0,,-69.450012207,19.8151931763,291.5,,,,
11.9751564167,443,790,410300,42.2600891667,-83.7124863889,59.4300003052,0.709999978542,0.0,,2.0,,,0.0,,-12.950012207,19.8151931763,291.5,,,,
11.9751564167,443,790,411400,42.2600891667,-83.7124863889,58.1199989319,0.709999978542,0.0,,2.0,,,0.0,,69.5999755859,19.8151931763,291.5,,,,
11.9751564167,443,790,412400,42.2600891667,-83.7124863889,53.9199981689,0.709999978542,0.0,,2.0,,,0.0,,59.700012207,19.8151931763,291.5,,,,
11.9751564167,443,790,413300,42.2598,-83.7120827778,53.9199981689,0.709999978542,0.0,,2.0,,,0.0,,59.700012207,19.8151931763,291.5,,,,
11.9751564167,443,790,413500,42.2598,-83.7120827778,51.7299995422,0.709999978542,0.0,,2.0,,,0.0,,19.549987793,19.8151931763,291.5,,,,
11.9751564167,443,790,413900,42.2598,-83.7120827778,51.7299995422,0.709999978542,0.0,,2.0,,,0.0,,19.549987793,19.8151931763,301.0,,,,
11.9751564167,443,790,414500,42.2598,-83.7120827778,51.3899993896,0.709999978542,0.0,,2.0,,,0.0,,4.29998779297,19.8151931763,301.0,,,,
11.9751564167,443,790,415500,42.2598,-83.7120827778,51.0599975586,0.709999978542,0.0,,2.0,,,0.0,,3.5,19.8151931763,301.0,,,,
11.9751564167,443,790,416200,42.259555,-83.7116875,51.0599975586,0.709999978542,0.0,,2.0,,,0.0,,3.5,19.8151931763,301.0,,,,
11.9751564167,443,790,416600,42.259555,-83.7116875,51.0200004578,0.709999978542,0.0,,2.0,,,0.0,,3.64996337891,19.8151931763,301.0,,,,
11.9751564167,443,790,417600,42.259555,-83.7116875,51.7999992371,0.709999978542,0.0,,2.0,,,0.0,,-47.299987793,15.4075956345,301.0,,,,
11.9751564167,443,790,418700,42.259555,-83.7116875,52.8899993896,0.709999978542,0.0,,2.0,,,0.0,,-8.40002441406,15.4075956345,301.0,,,,
11.9751564167,443,790,418900,42.259555,-83.7116875,52.8899993896,0.709999978542,0.0,,2.0,,,0.0,,-8.40002441406,15.4075956345,298.0,,,,
11.9751564167,443,790,419200,42.2593361111,-83.7112602778,52.8899993896,0.709999978542,0.0,,2.0,,,0.0,,-8.40002441406,15.4075956345,298.0,,,,
11.9751564167,443,790,419700,42.2593361111,-83.7112602778,51.4599990845,0.709999978542,0.0,,2.0,,,0.0,,44.8999633789,15.4075956345,298.0,,,,
11.9751564167,443,790,420700,42.2593361111,-83.7112602778,47.969997406,0.709999978542,0.0,,2.0,,,0.0,,78.450012207,15.4075956345,298.0,,,,
11.9751564167,443,790,421800,42.2593361111,-83.7112602778,43.7599983215,0.709999978542,0.0,,2.0,,,0.0,,72.200012207,15.4075956345,298.0,,,,
11.9751564167,443,790,422300,42.2591963889,-83.7108261111,43.7599983215,0.709999978542,0.0,,2.0,,,0.0,,72.200012207,15.4075956345,298.0,,,,
11.9751564167,443,790,422800,42.2591963889,-83.7108261111,38.7099990845,0.709999978542,0.0,,2.0,,,0.0,,85.950012207,15.4075956345,298.0,,,,
11.9751564167,443,790,423900,42.2591963889,-83.7108261111,32.7299995422,0.709999978542,0.0,,2.0,,,0.0,,72.6499633789,15.4075956345,307.5,,,,
11.9751564167,443,790,424900,42.2591963889,-83.7108261111,24.6700000763,0.709999978542,0.0,,2.0,,,0.0,,64.0999755859,15.4075956345,307.5,,,,
11.9751564167,443,790,425200,42.2591413889,-83.7105241667,24.6700000763,0.709999978542,0.0,,2.0,,,0.0,,64.0999755859,15.4075956345,307.5,,,,
11.9751564167,443,790,425900,42.2591413889,-83.7105241667,19.5100002289,0.709999978542,0.0,,2.0,,,0.0,,1.25,15.4075956345,307.5,,,,
11.9751564167,443,790,427000,42.2591413889,-83.7105241667,19.3099994659,0.709999978542,0.0,,2.0,,,0.0,,-14.799987793,15.4075956345,307.5,,,,
11.9751564167,443,790,428000,42.2591413889,-83.7105241667,21.3699989319,0.709999978542,0.0,,2.0,,,0.0,,-34.799987793,15.4075956345,307.5,,,,
11.9751564167,443,790,428200,42.2591152778,-83.7103177778,21.3699989319,0.709999978542,0.0,,2.0,,,0.0,,-34.799987793,15.4075956345,307.5,,,,
11.9751564167,443,790,429000,42.2591152778,-83.7103177778,21.3699989319,0.709999978542,0.0,,2.0,,,0.0,,-34.799987793,15.4075956345,301.0,,,,
11.9751564167,443,790,429100,42.2591152778,-83.7103177778,21.6899986267,0.709999978542,0.0,,2.0,,,0.0,,7.64996337891,15.4075956345,301.0,,,,
11.9751564167,443,790,430100,42.2591152778,-83.7103177778,21.0699996948,0.709999978542,0.0,,2.0,,,0.0,,-20.0,15.4075956345,301.0,,,,
11.9751564167,443,790,431100,42.2591152778,-83.7103177778,23.8799991608,0.709999978542,0.0,,2.0,,,0.0,,-63.799987793,15.4075956345,301.0,,,,
11.9751564167,443,790,431200,42.2590716667,-83.710095,23.8799991608,0.709999978542,0.0,,2.0,,,0.0,,-63.799987793,15.4075956345,301.0,,,,
11.9751564167,443,790,432200,42.2590716667,-83.710095,26.9799995422,0.709999978542,0.0,,2.0,,,0.0,,-26.8500366211,15.4075956345,301.0,,,,
11.9751564167,443,790,433200,42.2590716667,-83.710095,26.25,0.709999978542,0.0,,2.0,,,0.0,,27.799987793,15.4075956345,301.0,,,,
11.9751564167,443,790,434000,42.2590716667,-83.710095,26.25,0.709999978542,0.0,,2.0,,,0.0,,27.799987793,15.4075956345,304.0,,,,
11.9751564167,443,790,434300,42.2590716667,-83.710095,21.75,0.709999978542,0.0,,2.0,,,0.0,,41.3499755859,15.4075956345,304.0,,,,
11.9751564167,443,790,435200,42.2590261111,-83.7098066667,21.75,0.709999978542,0.0,,2.0,,,0.0,,41.3499755859,15.4075956345,304.0,,,,
11.9751564167,443,790,435300,42.2590261111,-83.7098066667,15.4099998474,0.709999978542,0.0,,2.0,,,0.0,,24.75,15.4075956345,304.0,,,,
11.9751564167,443,790,436300,42.2590261111,-83.7098066667,8.5,0.709999978542,0.0,,2.0,,,0.0,,-4.75,15.4075956345,304.0,,,,
11.9751564167,443,790,437400,42.2590261111,-83.7098066667,0.109999999404,0.709999978542,0.0,,2.0,,,0.0,,-14.3500366211,15.4075956345,304.0,,,,
11.9751564167,443,790,438200,42.2590277778,-83.7097747222,0.109999999404,0.709999978542,0.0,,2.0,,,0.0,,-14.3500366211,15.4075956345,304.0,,,,
11.9751564167,443,790,438900,42.2590277778,-83.7097747222,0.0,0.709999978542,0.0,,2.0,,,0.0,,-13.450012207,15.4075956345,299.0,,,,
11.9751564167,443,790,439900,42.2590277778,-83.7097747222,0.0,0.709999978542,0.0,,2.0,,,0.0,,-13.25,15.7873439789,299.0,,,,
11.9751564167,443,790,441000,42.2590277778,-83.7097747222,0.0,0.709999978542,0.0,,2.0,,,0.0,,-13.450012207,15.7873439789,299.0,,,,
11.9751564167,443,790,442100,42.2590277778,-83.7097747222,0.0,0.709999978542,0.0,,2.0,,,0.0,,-12.950012207,15.7873439789,299.0,,,,
11.9751564167,443,790,443100,42.2590277778,-83.7097747222,0.0,0.709999978542,0.0,,2.0,,,0.0,,-13.1000366211,15.7873439789,299.0,,,,
11.9751564167,443,790,443900,42.2590277778,-83.7097747222,0.0,0.709999978542,0.0,,2.0,,,0.0,,-13.1000366211,15.7873439789,298.5,,,,
11.9751564167,443,790,444100,42.2590277778,-83.7097747222,0.0,0.709999978542,0.0,,2.0,,,0.0,,-12.950012207,15.7873439789,298.5,,,,
11.9751564167,443,790,446200,42.2590277778,-83.7097747222,0.0,0.709999978542,0.0,,2.0,,,0.0,,-13.1000366211,15.7873439789,298.5,,,,
11.9751564167,443,790,447300,42.2590277778,-83.7097747222,0.0,0.709999978542,0.0,,2.0,,,0.0,,-10.200012207,15.7873439789,298.5,,,,
11.9751564167,443,790,448300,42.2590277778,-83.7097747222,0.0,0.709999978542,0.0,,2.0,,,0.0,,-12.6500244141,15.7873439789,298.5,,,,
11.9751564167,443,790,448900,42.2590277778,-83.7097747222,0.0,0.709999978542,0.0,,2.0,,,0.0,,-12.6500244141,15.7873439789,299.0,,,,
11.9751564167,443,790,449300,42.2590277778,-83.7097747222,0.0,0.709999978542,0.0,,2.0,,,0.0,,-10.200012207,15.7873439789,299.0,,,,
11.9751564167,443,790,451400,42.2590277778,-83.7097747222,0.0,0.709999978542,0.0,,2.0,,,0.0,,-12.6500244141,15.7873439789,299.0,,,,
11.9751564167,443,790,452500,42.2590277778,-83.7097747222,0.0,0.709999978542,0.0,,2.0,,,0.0,,-10.200012207,15.7873439789,299.0,,,,
11.9751564167,443,790,453500,42.2590277778,-83.7097747222,0.0,0.709999978542,0.0,,2.0,,,0.0,,-10.3500366211,15.7873439789,299.0,,,,
11.9751564167,443,790,454000,42.2590277778,-83.7097747222,0.0,0.709999978542,0.0,,2.0,,,0.0,,-10.3500366211,15.7873439789,298.5,,,,
11.9751564167,443,790,454500,42.2590277778,-83.7097747222,0.0,0.709999978542,0.0,,2.0,,,0.0,,-13.1000366211,15.7873439789,298.5,,,,
11.9751564167,443,790,455600,42.2590277778,-83.7097747222,0.0,0.709999978542,0.0,,2.0,,,0.0,,-13.450012207,15.7873439789,298.5,,,,
11.9751564167,443,790,458700,42.2590277778,-83.7097747222,0.0,0.709999978542,0.0,,2.0,,,0.0,,-13.1000366211,15.7873439789,298.5,,,,
11.9751564167,443,790,459700,42.2590277778,-83.7097747222,0.0,0.709999978542,0.0,,2.0,,,0.0,,-13.25,15.7873439789,298.5,,,,
11.9751564167,443,790,460800,42.2590277778,-83.7097747222,0.0,0.709999978542,0.0,,2.0,,,0.0,,-13.1000366211,15.7873439789,298.5,,,,
11.9751564167,443,790,461800,42.2590277778,-83.7097747222,0.0,0.709999978542,0.0,,2.0,,,0.0,,-12.799987793,15.7873439789,298.5,,,,
11.9751564167,443,790,462900,42.2590277778,-83.7097747222,0.0,0.709999978542,0.0,,2.0,,,0.0,,-13.1000366211,15.7873439789,298.5,,,,
11.9751564167,443,790,463900,42.2590277778,-83.7097747222,0.0,0.709999978542,0.0,,2.0,,,0.0,,-15.4000244141,15.7873439789,298.5,,,,
11.9751564167,443,790,464100,42.2590277778,-83.7097747222,0.0,0.709999978542,0.0,,2.0,,,0.0,,-15.4000244141,15.7873439789,298.0,,,,
11.9751564167,443,790,464900,42.2590277778,-83.7097747222,0.0,0.709999978542,0.0,,2.0,,,0.0,,-18.0,15.7873439789,298.0,,,,
11.9751564167,443,790,465200,42.2589830556,-83.7098077778,0.0,0.709999978542,0.0,,2.0,,,0.0,,-18.0,15.7873439789,298.0,,,,
11.9751564167,443,790,465900,42.2589830556,-83.7098077778,2.9399998188,0.709999978542,0.0,,2.0,,,0.0,,-17.8500366211,15.2860784531,297.5,,,,
11.9751564167,443,790,466900,42.2589830556,-83.7098077778,7.73000001907,0.709999978542,0.0,,2.0,,,0.0,,-73.700012207,15.2860784531,297.5,,,,
11.9751564167,443,790,468000,42.2589830556,-83.7098077778,17.7700004578,0.709999978542,0.0,,2.0,,,0.0,,-95.1000366211,15.2860784531,297.5,,,,
11.9751564167,443,790,468200,42.2589663889,-83.7097072222,17.7700004578,0.709999978542,0.0,,2.0,,,0.0,,-95.1000366211,15.2860784531,297.5,,,,
11.9751564167,443,790,469000,42.2589663889,-83.7097072222,24.4300003052,0.709999978542,0.0,,2.0,,,0.0,,-89.450012207,15.2860784531,297.5,,,,
11.9751564167,443,790,469700,42.2589663889,-83.7097072222,24.4300003052,0.709999978542,0.0,,2.0,,,0.0,,-89.450012207,15.2860784531,297.5,,,,
11.9751564167,443,790,470100,42.2589663889,-83.7097072222,28.8799991608,0.709999978542,0.0,,2.0,,,0.0,,-30.3500366211,15.2860784531,297.5,,,,
11.9751564167,443,790,470900,42.2589663889,-83.7097072222,28.8799991608,0.709999978542,0.0,,2.0,,,0.0,,-30.3500366211,15.2860784531,291.5,,,,
11.9751564167,443,790,471100,42.2589663889,-83.7097072222,30.1599998474,0.709999978542,0.0,,2.0,,,0.0,,-72.5,15.2860784531,291.5,,,,
11.9751564167,443,790,471200,42.2589352778,-83.7094291667,30.1599998474,0.709999978542,0.0,,2.0,,,0.0,,-72.5,15.2860784531,291.5,,,,
11.9751564167,443,790,472100,42.2589352778,-83.7094291667,34.6300010681,0.709999978542,0.0,,2.0,,,0.0,,-101.049987793,15.2860784531,291.5,,,,
11.9751564167,443,790,473200,42.2589352778,-83.7094291667,39.2000007629,0.709999978542,0.0,,2.0,,,0.0,,-103.150024414,15.2860784531,291.5,,,,
11.9751564167,443,790,474200,42.2589352778,-83.7094291667,43.3199996948,0.709999978542,0.0,,2.0,,,0.0,,-103.150024414,15.2860784531,291.5,,,,
11.9751564167,443,790,474300,42.2588861111,-83.7090333333,43.3199996948,0.709999978542,0.0,,2.0,,,0.0,,-99.049987793,15.2860784531,291.5,,,,
11.9751564167,443,790,475300,42.2588861111,-83.7090333333,47.5799980164,0.709999978542,0.0,,2.0,,,0.0,,-128.650024414,15.2860784531,291.5,,,,
11.9751564167,443,790,475900,42.2588861111,-83.7090333333,47.5799980164,0.709999978542,0.0,,2.0,,,0.0,,-128.650024414,15.2860784531,284.5,,,,
11.9751564167,443,790,476400,42.2588861111,-83.7090333333,52.0099983215,0.709999978542,0.0,,2.0,,,0.0,,-128.200012207,15.2860784531,284.5,,,,
11.9751564167,443,790,477300,42.2588172222,-83.7085144444,52.0099983215,0.709999978542,0.0,,2.0,,,0.0,,-128.200012207,15.2860784531,284.5,,,,
11.9751564167,443,790,477500,42.2588172222,-83.7085144444,59.5200004578,0.709999978542,0.0,,2.0,,,0.0,,-117.799987793,15.2860784531,284.5,,,,
11.9751564167,443,790,478600,42.2588172222,-83.7085144444,62.4099998474,0.709999978542,0.0,,2.0,,,0.0,,-35.700012207,15.2860784531,284.5,,,,
11.9751564167,443,790,479600,42.2588172222,-83.7085144444,62.6499977112,0.709999978542,0.0,,2.0,,,0.0,,1.39996337891,15.2860784531,284.5,,,,
11.9751564167,443,790,480700,42.2588172222,-83.7085144444,63.4799995422,0.709999978542,0.0,,2.0,,,0.0,,-65.6000366211,15.2860784531,284.5,,,,
11.9751564167,443,790,481000,42.2588172222,-83.7085144444,63.4799995422,0.709999978542,0.0,,2.0,,,0.0,,-65.6000366211,15.2860784531,290.0,,,,
11.9751564167,443,790,481200,42.2587191667,-83.7076886111,63.4799995422,0.709999978542,0.0,,2.0,,,0.0,,-65.6000366211,15.2860784531,290.0,,,,
11.9751564167,443,790,481700,42.2587191667,-83.7076886111,65.4499969482,0.709999978542,0.0,,2.0,,,0.0,,-75.700012207,15.2860784531,290.0,,,,
11.9751564167,443,790,482700,42.2587191667,-83.7076886111,67.4700012207,0.709999978542,0.0,,2.0,,,0.0,,-67.299987793,15.2860784531,290.0,,,,
11.9751564167,443,790,483800,42.2587191667,-83.7076886111,68.4700012207,0.709999978542,0.0,,2.0,,,0.0,,-19.25,15.2860784531,290.0,,,,
11.9751564167,443,790,484200,42.2586391667,-83.7070213889,68.4700012207,0.709999978542,0.0,,2.0,,,0.0,,-19.25,15.2860784531,290.0,,,,
11.9751564167,443,790,484800,42.2586391667,-83.7070213889,69.0400009155,0.709999978542,0.0,,2.0,,,0.0,,-57.549987793,15.2860784531,290.0,,,,
11.9751564167,443,790,485900,42.2586391667,-83.7070213889,70.6199951172,0.709999978542,0.0,,2.0,,,0.0,,-74.299987793,15.2860784531,290.0,,,,
11.9751564167,443,790,486000,42.2586391667,-83.7070213889,70.6199951172,0.709999978542,0.0,,2.0,,,0.0,,-74.299987793,15.2860784531,288.5,,,,
11.9751564167,443,790,486900,42.2586391667,-83.7070213889,71.3300018311,0.709999978542,0.0,,2.0,,,0.0,,-23.5,15.2860784531,288.5,,,,
11.9751564167,443,790,487300,42.2585580556,-83.7063222222,71.3300018311,0.709999978542,0.0,,2.0,,,0.0,,-23.5,15.2860784531,288.5,,,,
11.9751564167,443,790,487900,42.2585580556,-83.7063222222,70.6299972534,0.709999978542,0.0,,2.0,,,0.0,,6.84997558594,15.2860784531,288.5,,,,
11.9751564167,443,790,489000,42.2585580556,-83.7063222222,69.0,0.709999978542,0.0,,2.0,,,0.0,,27.299987793,15.2860784531,288.5,,,,
11.9751564167,443,790,490000,42.2585580556,-83.7063222222,67.2999954224,0.709999978542,0.0,,2.0,,,0.0,,10.3999633789,15.2860784531,288.5,,,,
11.9751564167,443,790,490300,42.25848,-83.7056355556,67.2999954224,0.709999978542,0.0,,2.0,,,0.0,,10.3999633789,15.2860784531,288.5,,,,
11.9751564167,443,790,491100,42.25848,-83.7056355556,66.9099960327,0.709999978542,0.0,,2.0,,,0.0,,-60.450012207,15.2860784531,291.0,,,,
11.9751564167,443,790,492100,42.25848,-83.7056355556,67.7299957275,0.709999978542,0.0,,2.0,,,0.0,,-73.700012207,15.2860784531,291.0,,,,
11.9751564167,443,790,493100,42.25848,-83.7056355556,68.1599960327,0.709999978542,0.0,,2.0,,,0.0,,-14.5,15.2860784531,291.0,,,,
11.9751564167,443,790,493300,42.2583977778,-83.7049627778,68.1599960327,0.709999978542,0.0,,2.0,,,0.0,,-14.5,15.2860784531,291.0,,,,
11.9751564167,443,790,494200,42.2583977778,-83.7049627778,67.189994812,0.709999978542,0.0,,2.0,,,0.0,,6.54998779297,15.2860784531,291.0,,,,
11.9751564167,443,790,495200,42.2583977778,-83.7049627778,65.6999969482,0.709999978542,0.0,,2.0,,,0.0,,10.700012207,15.2860784531,291.0,,,,
11.9751564167,443,790,495500,42.2583977778,-83.7049627778,65.6999969482,0.709999978542,0.0,,2.5,,,0.0,,10.700012207,15.2860784531,291.0,,,,
11.9751564167,443,790,495900,42.2583977778,-83.7049627778,65.6999969482,0.709999978542,0.0,,2.5,,,0.0,,10.700012207,15.2860784531,291.0,,,,
11.9751564167,443,790,496100,42.2583977778,-83.7049627778,65.6999969482,0.709999978542,0.0,,2.5,,,0.0,,10.700012207,15.2860784531,287.5,,,,
11.9751564167,443,790,496200,42.2583116667,-83.7043055556,65.6999969482,0.709999978542,0.0,,2.5,,,0.0,,10.700012207,15.2860784531,287.5,,,,
11.9751564167,443,790,496300,42.2583116667,-83.7043055556,65.7699966431,0.709999978542,0.0,,2.5,,,0.0,,-95.25,15.2860784531,287.5,,,,
11.9751564167,443,790,497300,42.2583116667,-83.7043055556,68.0499954224,0.709999978542,0.0,,2.5,,,0.0,,-124.549987793,15.2860784531,287.5,,,,
11.9751564167,443,790,498300,42.2583116667,-83.7043055556,70.2299957275,0.709999978542,0.0,,2.5,,,0.0,,-127.450012207,15.2860784531,287.5,,,,
11.9751564167,443,790,499200,42.2582130556,-83.7036108333,70.2299957275,0.709999978542,0.0,,2.5,,,0.0,,-127.450012207,15.2860784531,287.5,,,,
11.9751564167,443,790,499400,42.2582130556,-83.7036108333,72.1699981689,0.709999978542,0.0,,2.5,,,0.0,,-100.900024414,15.2860784531,287.5,,,,
11.9751564167,443,790,500400,42.2582130556,-83.7036108333,73.75,0.709999978542,0.0,,2.5,,,0.0,,-143.75,15.2860784531,287.5,,,,
11.9751564167,443,790,501100,42.2582130556,-83.7036108333,73.75,0.709999978542,0.0,,2.5,,,0.0,,-143.75,15.2860784531,278.0,,,,
11.9751564167,443,790,501500,42.2582130556,-83.7036108333,77.4099960327,0.709999978542,0.0,,2.5,,,0.0,,-62.4000244141,15.2860784531,278.0,,,,
11.9751564167,443,790,502300,42.2581144444,-83.70286,77.4099960327,0.709999978542,0.0,,2.5,,,0.0,,-62.4000244141,15.2860784531,278.0,,,,
11.9751564167,443,790,502500,42.2581144444,-83.70286,76.0299987793,0.709999978542,0.0,,2.5,,,0.0,,11.75,15.2860784531,278.0,,,,
11.9751564167,443,790,503500,42.2581144444,-83.70286,72.2399978638,0.709999978542,0.0,,2.5,,,0.0,,80.450012207,15.2860784531,278.0,,,,
11.9751564167,443,790,504600,42.2581144444,-83.70286,67.5,0.709999978542,0.0,,2.5,,,0.0,,115.099975586,15.2860784531,278.0,,,,
11.9751564167,443,790,505300,42.2580019444,-83.7021502778,67.5,0.709999978542,0.0,,2.5,,,0.0,,115.099975586,15.2860784531,278.0,,,,
11.9751564167,443,790,505600,42.2580019444,-83.7021502778,61.7700004578,0.709999978542,0.0,,2.5,,,0.0,,110.5,15.2860784531,278.0,,,,
11.9751564167,443,790,506200,42.2580019444,-83.7021502778,61.7700004578,0.709999978542,0.0,,2.5,,,0.0,,110.5,15.2860784531,306.5,,,,
11.9751564167,443,790,506700,42.2580019444,-83.7021502778,57.5399971008,0.709999978542,0.0,,2.5,,,0.0,,53.5999755859,15.2860784531,306.5,,,,
11.9751564167,443,790,507700,42.2580019444,-83.7021502778,53.4099998474,0.709999978542,0.0,,2.5,,,0.0,,91.8999633789,15.2860784531,306.5,,,,
11.9751564167,443,790,508200,42.2578983333,-83.7015852778,53.4099998474,0.709999978542,0.0,,2.5,,,0.0,,91.8999633789,15.2860784531,306.5,,,,
11.9751564167,443,790,508700,42.2578983333,-83.7015852778,47.9199981689,0.709999978542,0.0,,2.5,,,0.0,,110.049987793,15.2860784531,306.5,,,,
11.9751564167,443,790,509800,42.2578983333,-83.7015852778,41.8499984741,0.709999978542,0.0,,2.5,,,0.0,,96.75,15.2860784531,306.5,,,,
11.9751564167,443,790,510800,42.2578983333,-83.7015852778,41.8499984741,0.709999978542,0.0,,2.5,,,0.0,,62.5999755859,15.2860784531,306.5,,,,
11.9751564167,443,790,510900,42.2578983333,-83.7015852778,37.0299987793,0.709999978542,0.0,,2.5,,,0.0,,62.5999755859,15.2860784531,306.5,,,,
11.9751564167,443,790,511200,42.2578983333,-83.7015852778,37.0299987793,0.709999978542,0.0,,2.5,,,0.0,,62.5999755859,15.2860784531,304.0,,,,
11.9751564167,443,790,511300,42.2578180556,-83.7011744444,37.0299987793,0.709999978542,0.0,,2.5,,,0.0,,62.5999755859,15.2860784531,304.0,,,,
11.9751564167,443,790,511900,42.2578180556,-83.7011744444,32.719997406,0.709999978542,0.0,,2.5,,,0.0,,51.8999633789,15.2860784531,304.0,,,,
11.9751564167,443,790,513000,42.2578180556,-83.7011744444,28.7199993134,0.709999978542,0.0,,2.5,,,0.0,,42.450012207,15.2860784531,304.0,,,,
11.9751564167,443,790,514100,42.2578180556,-83.7011744444,23.359998703,0.709999978542,0.0,,2.5,,,0.0,,55.3999633789,15.2860784531,304.0,,,,
11.9751564167,443,790,514300,42.2577630556,-83.7009030556,23.359998703,0.709999978542,0.0,,2.5,,,0.0,,55.3999633789,15.2860784531,304.0,,,,
11.9751564167,443,790,515200,42.2577630556,-83.7009030556,14.4799995422,0.709999978542,0.0,,2.5,,,0.0,,27.799987793,15.2860784531,304.0,,,,
11.9751564167,443,790,516200,42.2577630556,-83.7009030556,5.96000003815,0.709999978542,0.0,,2.5,,,0.0,,-13.450012207,15.2860784531,297.5,,,,
11.9751564167,443,790,517200,42.2577527778,-83.7008377778,5.96000003815,0.709999978542,0.0,,2.5,,,0.0,,-13.450012207,15.2860784531,297.5,,,,
11.9751564167,443,790,517300,42.2577527778,-83.7008377778,0.439999997616,0.709999978542,0.0,,2.5,,,0.0,,-17.25,15.2860784531,297.5,,,,
11.9751564167,443,790,518300,42.2577527778,-83.7008377778,0.019999999553,0.709999978542,0.0,,2.5,,,0.0,,-13.6000366211,15.2860784531,297.5,,,,
11.9751564167,443,790,519000,42.2577527778,-83.7008377778,0.0,0.709999978542,0.0,,2.25,,,0.0,,-13.25,12.7924060822,297.0,,,,
11.9751564167,443,790,520000,42.2577527778,-83.7008377778,0.0,0.709999978542,0.0,,2.25,,,0.0,,-13.450012207,12.7924060822,297.0,,,,
11.9751564167,443,790,521000,42.2577527778,-83.7008377778,0.0,0.709999978542,0.0,,2.25,,,0.0,,-12.950012207,12.7924060822,297.0,,,,
11.9751564167,443,790,522100,42.2577527778,-83.7008377778,0.0,0.709999978542,0.0,,2.25,,,0.0,,-13.25,12.7924060822,297.0,,,,
11.9751564167,443,790,524100,42.2577527778,-83.7008377778,0.0,0.709999978542,0.0,,2.25,,,0.0,,-13.1000366211,12.7924060822,297.0,,,,
11.9751564167,443,790,525200,42.2577527778,-83.7008377778,0.0,0.709999978542,0.0,,2.25,,,0.0,,-12.950012207,12.7924060822,297.0,,,,
11.9751564167,443,790,526200,42.2577527778,-83.7008377778,0.0,0.709999978542,0.0,,2.25,,,0.0,,-13.1000366211,12.7924060822,297.0,,,,
11.9751564167,443,790,528300,42.2577527778,-83.7008377778,0.0,0.709999978542,0.0,,2.25,,,0.0,,-12.950012207,12.7924060822,297.0,,,,
11.9751564167,443,790,529700,42.2577527778,-83.7008377778,0.0,0.709999978542,0.0,,2.25,,,0.0,,-12.950012207,12.7924060822,297.0,,,,
11.9751564167,443,790,530400,42.2577527778,-83.7008377778,0.0,0.709999978542,0.0,,2.25,,,0.0,,-13.25,12.7924060822,297.0,,,,
11.9751564167,443,790,531400,42.2577527778,-83.7008377778,0.0,0.709999978542,0.0,,2.25,,,0.0,,-12.799987793,12.7924060822,297.0,,,,
11.9751564167,443,790,532500,42.2577527778,-83.7008377778,0.0,0.709999978542,0.0,,2.25,,,0.0,,-12.950012207,12.7924060822,297.0,,,,
11.9751564167,443,790,533500,42.2577527778,-83.7008377778,0.0,0.709999978542,0.0,,2.25,,,0.0,,-12.6500244141,12.7924060822,297.0,,,,
11.9751564167,443,790,535600,42.2577527778,-83.7008377778,0.0,0.709999978542,0.0,,2.25,,,0.0,,-12.950012207,12.7924060822,297.0,,,,
11.9751564167,443,790,536600,42.2577527778,-83.7008377778,0.0,0.709999978542,0.0,,2.25,,,0.0,,-12.799987793,12.7924060822,297.0,,,,
11.9751564167,443,790,537700,42.2577527778,-83.7008377778,0.0,0.709999978542,0.0,,2.25,,,0.0,,-12.950012207,12.7924060822,297.0,,,,
11.9751564167,443,790,538700,42.2577527778,-83.7008377778,0.0,0.709999978542,0.0,,2.25,,,0.0,,-12.799987793,12.7924060822,297.0,,,,
11.9751564167,443,790,539700,42.2577527778,-83.7008377778,0.0,0.709999978542,0.0,,2.25,,,0.0,,-15.549987793,12.7924060822,297.0,,,,
11.9751564167,443,790,540200,42.2577577778,-83.7008208333,0.0,0.709999978542,0.0,,2.25,,,0.0,,-15.549987793,12.7924060822,297.0,,,,
11.9751564167,443,790,541000,42.2577577778,-83.7008208333,2.12999987602,0.709999978542,0.0,,2.25,,,0.0,,-13.9000244141,12.7924060822,296.5,,,,
11.9751564167,443,790,542000,42.2577577778,-83.7008208333,1.00999999046,0.709999978542,0.0,,2.25,,,0.0,,-13.9000244141,12.7924060822,296.5,,,,
11.9751564167,443,790,543000,42.2577577778,-83.7008208333,0.199999988079,0.709999978542,0.0,,2.25,,,0.0,,-16.6500244141,12.7924060822,296.5,,,,
11.9751564167,443,790,543300,42.2577577778,-83.7008083333,0.199999988079,0.709999978542,0.0,,2.25,,,0.0,,-16.6500244141,12.7924060822,296.5,,,,
11.9751564167,443,790,544100,42.2577577778,-83.7008083333,1.51999998093,0.709999978542,0.0,,2.25,,,0.0,,-16.799987793,12.7924060822,296.5,,,,
11.9751564167,443,790,545100,42.2577577778,-83.7008083333,0.789999961853,0.709999978542,0.0,,2.25,,,0.0,,-16.6500244141,12.7924060822,296.5,,,,
11.9751564167,443,790,546100,42.2577577778,-83.7008083333,0.75,0.709999978542,0.0,,2.25,,,0.0,,-17.1000366211,12.2303800583,296.5,,,,
11.9751564167,443,790,546300,42.2577566667,-83.7007977778,0.75,0.709999978542,0.0,,2.25,,,0.0,,-17.1000366211,12.2303800583,296.5,,,,
11.9751564167,443,790,547200,42.2577566667,-83.7007977778,1.35000002384,0.709999978542,0.0,,2.25,,,0.0,,-18.75,12.2303800583,296.5,,,,
11.9751564167,443,790,548300,42.2577566667,-83.7007977778,4.48000001907,0.709999978542,0.0,,2.25,,,0.0,,-31.0,12.2303800583,296.5,,,,
11.9751564167,443,790,549300,42.2577408333,-83.7007333333,4.48000001907,0.709999978542,0.0,,2.25,,,0.0,,-31.0,12.2303800583,296.5,,,,
11.9751564167,443,790,549400,42.2577408333,-83.7007333333,11.5799999237,0.709999978542,0.0,,2.25,,,0.0,,-76.299987793,12.2303800583,296.5,,,,
11.9751564167,443,790,550500,42.2577408333,-83.7007333333,20.7700004578,0.709999978542,0.0,,2.25,,,0.0,,-133.400024414,12.2303800583,296.5,,,,
11.9751564167,443,790,551100,42.2577408333,-83.7007333333,20.7700004578,0.709999978542,0.0,,2.25,,,0.0,,-133.400024414,12.2303800583,282.5,,,,
11.9751564167,443,790,551500,42.2577408333,-83.7007333333,29.8899993896,0.709999978542,0.0,,2.25,,,0.0,,-146.049987793,12.2303800583,282.5,,,,
11.9751564167,443,790,552500,42.2577408333,-83.7007333333,36.9599990845,0.709999978542,0.0,,2.25,,,0.0,,-11.1500244141,12.2303800583,282.5,,,,
11.9751564167,443,790,553200,42.2576622222,-83.7003391667,36.9599990845,0.709999978542,0.0,,2.25,,,0.0,,-11.1500244141,12.2303800583,282.5,,,,
11.9751564167,443,790,553500,42.2576622222,-83.7003391667,37.4399986267,0.709999978542,0.0,,2.25,,,0.0,,-20.450012207,12.2303800583,282.5,,,,
11.9751564167,443,790,554600,42.2576622222,-83.7003391667,40.8799972534,0.709999978542,0.0,,2.25,,,0.0,,-112.799987793,12.2303800583,282.5,,,,
11.9751564167,443,790,555600,42.2576622222,-83.7003391667,45.7599983215,0.709999978542,0.0,,2.25,,,0.0,,-115.25,12.2303800583,282.5,,,,
11.9751564167,443,790,556100,42.2576622222,-83.7003391667,45.7599983215,0.709999978542,0.0,,2.25,,,0.0,,-115.25,12.2303800583,285.0,,,,
11.9751564167,443,790,556300,42.2575783333,-83.6999391667,45.7599983215,0.709999978542,0.0,,2.25,,,0.0,,-115.25,12.2303800583,285.0,,,,
11.9751564167,443,790,556700,42.2575783333,-83.6999391667,48.7999992371,0.709999978542,0.0,,2.25,,,0.0,,-20.75,12.2303800583,285.0,,,,
11.9751564167,443,790,557700,42.2575783333,-83.6999391667,49.25,0.709999978542,0.0,,2.25,,,0.0,,-2.0,12.2303800583,285.0,,,,
11.9751564167,443,790,558700,42.2575783333,-83.6999391667,49.3799972534,0.709999978542,0.0,,2.25,,,0.0,,-2.0,12.2303800583,285.0,,,,
11.9751564167,443,790,559300,42.2574758333,-83.6994580556,49.3799972534,0.709999978542,0.0,,2.25,,,0.0,,-2.0,12.2303800583,285.0,,,,
11.9751564167,443,790,559800,42.2574758333,-83.6994580556,50.8499984741,0.709999978542,0.0,,2.25,,,0.0,,-65.950012207,12.2303800583,285.0,,,,
11.9751564167,443,790,560800,42.2574758333,-83.6994580556,53.3099975586,0.709999978542,0.0,,2.25,,,0.0,,-52.049987793,12.2303800583,285.0,,,,
11.9751564167,443,790,561100,42.2574758333,-83.6994580556,53.3099975586,0.709999978542,0.0,,2.25,,,0.0,,-52.049987793,12.2303800583,290.5,,,,
11.9751564167,443,790,561900,42.2574758333,-83.6994580556,53.9599990845,0.709999978542,0.0,,2.25,,,0.0,,-3.35003662109,12.2303800583,290.5,,,,
11.9751564167,443,790,562200,42.257365,-83.6989494444,53.9599990845,0.709999978542,0.0,,2.25,,,0.0,,-3.35003662109,12.2303800583,290.5,,,,
11.9751564167,443,790,562900,42.257365,-83.6989494444,53.719997406,0.709999978542,0.0,,2.25,,,0.0,,4.45001220703,12.2303800583,290.5,,,,
11.9751564167,443,790,563900,42.257365,-83.6989494444,51.1699981689,0.709999978542,0.0,,2.25,,,0.0,,79.200012207,12.2303800583,290.5,,,,
11.9751564167,443,790,565000,42.257365,-83.6989494444,49.5,0.709999978542,0.0,,2.25,,,0.0,,32.6499633789,12.2303800583,290.5,,,,
11.9751564167,443,790,565200,42.2572586111,-83.6984533333,49.5,0.709999978542,0.0,,2.25,,,0.0,,32.6499633789,12.2303800583,290.5,,,,
11.9751564167,443,790,566000,42.2572586111,-83.6984533333,47.6699981689,0.709999978542,0.0,,2.25,,,0.0,,33.8999633789,12.2303800583,290.5,,,,
11.9751564167,443,790,566200,42.2572586111,-83.6984533333,47.6699981689,0.709999978542,0.0,,2.25,,,0.0,,33.8999633789,12.2303800583,300.0,,,,
11.9751564167,443,790,567100,42.2572586111,-83.6984533333,46.7599983215,0.709999978542,0.0,,2.25,,,0.0,,-12.799987793,12.2303800583,300.0,,,,
11.9751564167,443,790,568100,42.2572586111,-83.6984533333,47.719997406,0.709999978542,0.0,,2.25,,,0.0,,-49.6000366211,12.2303800583,300.0,,,,
11.9751564167,443,790,568300,42.2571663889,-83.6979955556,47.719997406,0.709999978542,0.0,,2.25,,,0.0,,-49.6000366211,12.2303800583,300.0,,,,
11.9751564167,443,790,569100,42.2571663889,-83.6979955556,48.0699996948,0.709999978542,0.0,,2.25,,,0.0,,18.0,12.2303800583,300.0,,,,
11.9751564167,443,790,570200,42.2571663889,-83.6979955556,46.0299987793,0.709999978542,0.0,,2.25,,,0.0,,69.1499633789,12.2303800583,300.0,,,,
11.9751564167,443,790,571000,42.2571663889,-83.6979955556,46.0299987793,0.709999978542,0.0,,2.25,,,0.0,,69.1499633789,12.2303800583,300.0,,,,
11.9751564167,443,790,571200,42.2570772222,-83.6975619444,42.4099998474,0.709999978542,0.0,,2.25,,,0.0,,55.0999755859,12.2303800583,302.5,,,,
11.9751564167,443,790,572300,42.2570772222,-83.6975619444,39.0200004578,0.709999978542,0.0,,2.25,,,0.0,,50.700012207,12.2303800583,302.5,,,,
11.9751564167,443,790,573300,42.2570772222,-83.6975619444,36.3999977112,0.709999978542,0.0,,2.25,,,0.0,,14.5,12.2303800583,302.5,,,,
11.9751564167,443,790,574300,42.2570027778,-83.6972066667,34.8899993896,0.709999978542,0.0,,2.25,,,0.0,,18.450012207,12.2303800583,302.5,,,,
11.9751564167,443,790,575400,42.2570027778,-83.6972066667,32.7900009155,0.709999978542,0.0,,2.25,,,0.0,,32.950012207,12.2303800583,302.5,,,,
11.9751564167,443,790,576300,42.2570027778,-83.6972066667,32.7900009155,0.709999978542,0.0,,2.25,,,0.0,,32.950012207,12.2303800583,299.0,,,,
11.9751564167,443,790,576400,42.2570027778,-83.6972066667,31.359998703,0.709999978542,0.0,,2.25,,,0.0,,13.299987793,12.2303800583,299.0,,,,
11.9751564167,443,790,577300,42.2569394444,-83.6969136111,31.359998703,0.709999978542,0.0,,2.25,,,0.0,,13.299987793,12.2303800583,299.0,,,,
11.9751564167,443,790,577500,42.2569394444,-83.6969136111,28.3199996948,0.709999978542,0.0,,2.25,,,0.0,,33.0999755859,12.2303800583,299.0,,,,
11.9751564167,443,790,578500,42.2569394444,-83.6969136111,14.1899995804,0.709999978542,0.0,,2.25,,,0.0,,18.950012207,12.2303800583,299.0,,,,
11.9751564167,443,790,579500,42.2569394444,-83.6969136111,9.63999938965,0.709999978542,0.0,,2.25,,,0.0,,-2.60003662109,12.2303800583,299.0,,,,
11.9751564167,443,790,580200,42.2569075,-83.6967702778,9.63999938965,0.709999978542,0.0,,2.25,,,0.0,,-2.60003662109,12.2303800583,299.0,,,,
11.9751564167,443,790,580600,42.2569075,-83.6967702778,5.46000003815,0.709999978542,0.0,,2.25,,,0.0,,-15.4000244141,12.2303800583,299.0,,,,
11.9751564167,443,790,581300,42.2569075,-83.6967702778,5.46000003815,0.709999978542,0.0,,2.25,,,0.0,,-15.4000244141,12.2303800583,297.0,,,,
11.9751564167,443,790,581600,42.2569075,-83.6967702778,1.12999999523,0.709999978542,0.0,,2.25,,,0.0,,-15.4000244141,12.2303800583,297.0,,,,
11.9751564167,443,790,581700,42.2569075,-83.6967702778,1.12999999523,0.709999978542,0.0,,2.25,,,0.0,,-16.3500366211,12.2303800583,297.0,,,,
11.9751564167,443,790,582700,42.2569075,-83.6967702778,0.129999995232,0.709999978542,0.0,,2.25,,,0.0,,-16.1500244141,12.2303800583,297.0,,,,
11.9751564167,443,790,584000,42.2569075,-83.6967702778,0.0,0.709999978542,0.0,,2.25,,,0.0,,-15.25,12.2303800583,296.5,,,,
11.9751564167,443,790,585000,42.2569075,-83.6967702778,0.0,0.709999978542,0.0,,2.25,,,0.0,,-17.25,11.4481019974,296.5,,,,
11.9751564167,443,790,586100,42.2569075,-83.6967702778,0.0,0.709999978542,0.0,,2.25,,,0.0,,-15.700012207,11.4481019974,296.5,,,,
11.9751564167,443,790,587200,42.2569075,-83.6967702778,0.0,0.709999978542,0.0,,2.25,,,0.0,,-15.4000244141,11.4481019974,296.5,,,,
11.9751564167,443,790,588200,42.2569075,-83.6967702778,0.0,0.709999978542,0.0,,2.25,,,0.0,,-14.950012207,11.4481019974,296.5,,,,
11.9751564167,443,790,589700,42.2569075,-83.6967702778,0.0,0.709999978542,0.0,,2.25,,,0.0,,-14.950012207,11.4481019974,296.5,,,,
11.9751564167,443,790,590300,42.2569075,-83.6967702778,0.0,0.709999978542,0.0,,2.25,,,0.0,,-15.1000366211,11.4481019974,296.5,,,,
11.9751564167,443,790,591300,42.2569075,-83.6967702778,0.0,0.709999978542,0.0,,2.25,,,0.0,,-13.1000366211,11.4481019974,296.5,,,,
11.9751564167,443,790,592400,42.2569075,-83.6967702778,0.0,0.709999978542,0.0,,2.25,,,0.0,,-13.450012207,11.4481019974,296.5,,,,
11.9751564167,443,790,593400,42.2569075,-83.6967702778,0.0,0.709999978542,0.0,,2.25,,,0.0,,-13.25,11.4481019974,296.5,,,,
11.9751564167,443,790,594500,42.2569075,-83.6967702778,0.0,0.709999978542,0.0,,2.25,,,0.0,,-13.1000366211,11.4481019974,296.5,,,,
11.9751564167,443,790,595500,42.2569075,-83.6967702778,0.0,0.709999978542,0.0,,2.25,,,0.0,,-12.950012207,11.4481019974,296.5,,,,
11.9751564167,443,790,596500,42.2569075,-83.6967702778,0.0,0.709999978542,0.0,,2.25,,,0.0,,-13.1000366211,11.4481019974,296.5,,,,
11.9751564167,443,790,597600,42.2569075,-83.6967702778,0.0,0.709999978542,0.0,,2.25,,,0.0,,-12.950012207,11.4481019974,296.5,,,,
11.9751564167,443,790,598600,42.2569075,-83.6967702778,0.0,0.709999978542,0.0,,2.25,,,0.0,,-13.1000366211,11.4481019974,296.5,,,,
11.9751564167,443,790,599700,42.2569075,-83.6967702778,0.0,0.709999978542,0.0,,2.25,,,0.0,,-12.799987793,11.4481019974,296.5,,,,
11.9751564167,443,790,601700,42.2569075,-83.6967702778,0.0,0.709999978542,0.0,,2.25,,,0.0,,-13.1000366211,11.4481019974,296.5,,,,
11.9751564167,443,790,602800,42.2569075,-83.6967702778,0.0,0.709999978542,0.0,,2.25,,,0.0,,-12.950012207,11.4481019974,296.5,,,,
11.9751564167,443,790,603800,42.2569075,-83.6967702778,0.0,0.709999978542,0.0,,2.25,,,0.0,,-12.6500244141,11.4481019974,296.5,,,,
11.9751564167,443,790,604900,42.2569075,-83.6967702778,0.0,0.709999978542,0.0,,2.25,,,0.0,,-12.950012207,11.4481019974,296.5,,,,
11.9751564167,443,790,609100,42.2569075,-83.6967702778,0.0,0.709999978542,0.0,,2.25,,,0.0,,-12.950012207,11.4481019974,296.0,,,,
11.9751564167,443,790,610100,42.2569075,-83.6967702778,0.0,0.709999978542,0.0,,2.25,,,0.0,,-12.799987793,11.4481019974,296.0,,,,
11.9751564167,443,790,610200,42.2568936111,-83.6967641667,0.0,0.709999978542,0.0,,2.25,,,0.0,,-12.799987793,11.4481019974,296.0,,,,
11.9751564167,443,790,611100,42.2568936111,-83.6967641667,0.0,0.709999978542,0.0,,2.25,,,0.0,,-12.950012207,11.4481019974,296.0,,,,
11.9751564167,443,790,612100,42.2568936111,-83.6967641667,0.0,0.709999978542,0.0,,2.25,,,0.0,,-12.799987793,11.4481019974,296.0,,,,
11.9751564167,443,790,613600,42.2568936111,-83.6967641667,0.0,0.709999978542,0.0,,2.5,,,0.0,,-12.799987793,11.4481019974,296.0,,,,
11.9751564167,443,790,614200,42.2568936111,-83.6967641667,0.0,0.709999978542,0.0,,2.5,,,0.0,,-12.950012207,11.4481019974,296.0,,,,
11.9751564167,443,790,616300,42.2568936111,-83.6967641667,0.0,0.709999978542,0.0,,2.5,,,0.0,,-12.799987793,11.4481019974,296.0,,,,
11.9751564167,443,790,617300,42.2568936111,-83.6967641667,0.0,0.709999978542,0.0,,2.5,,,0.0,,-13.25,11.4481019974,296.0,,,,
11.9751564167,443,790,619500,42.2568936111,-83.6967641667,0.0,0.709999978542,0.0,,2.5,,,0.0,,-13.450012207,11.4481019974,296.0,,,,
11.9751564167,443,790,620500,42.2568936111,-83.6967641667,0.0,0.709999978542,0.0,,2.5,,,0.0,,-13.25,11.4481019974,296.0,,,,
11.9751564167,443,790,621600,42.2568936111,-83.6967641667,0.0,0.709999978542,0.0,,2.5,,,0.0,,-12.950012207,11.4481019974,296.0,,,,
11.9751564167,443,790,624700,42.2568936111,-83.6967641667,0.0,0.709999978542,0.0,,2.5,,,0.0,,-12.799987793,11.4481019974,296.0,,,,
11.9751564167,443,790,625800,42.2568936111,-83.6967641667,0.0,0.709999978542,0.0,,2.5,,,0.0,,-12.950012207,11.4481019974,296.0,,,,
11.9751564167,443,790,626800,42.2568936111,-83.6967641667,0.0,0.709999978542,0.0,,2.5,,,0.0,,-13.25,11.4481019974,296.0,,,,
11.9751564167,443,790,627900,42.2568936111,-83.6967641667,0.0,0.709999978542,0.0,,2.5,,,0.0,,-14.200012207,11.4481019974,296.0,,,,
11.9751564167,443,790,628200,42.2569011111,-83.6967458333,0.0,0.709999978542,0.0,,2.5,,,0.0,,-14.200012207,11.4481019974,296.0,,,,
11.9751564167,443,790,629000,42.2569011111,-83.6967458333,2.58999991417,0.709999978542,0.0,,2.5,,,0.0,,-36.450012207,11.4481019974,294.0,,,,
11.9751564167,443,790,630000,42.2569011111,-83.6967458333,14.0099992752,0.709999978542,0.0,,2.5,,,0.0,,-129.25,11.4481019974,294.0,,,,
11.9751564167,443,790,631100,42.2569011111,-83.6967458333,22.5199985504,0.709999978542,0.0,,2.5,,,0.0,,-39.200012207,11.4481019974,294.0,,,,
11.9751564167,443,790,631200,42.2568702778,-83.69662,22.5199985504,0.709999978542,0.0,,2.5,,,0.0,,-39.200012207,11.4481019974,294.0,,,,
11.9751564167,443,790,632100,42.2568702778,-83.69662,23.6299991608,0.709999978542,0.0,,2.5,,,0.0,,-13.9000244141,11.4481019974,294.0,,,,
11.9751564167,443,790,633100,42.2568702778,-83.69662,23.5599994659,0.709999978542,0.0,,2.5,,,0.0,,-6.25,11.4481019974,294.0,,,,
11.9751564167,443,790,634000,42.2568702778,-83.69662,23.5599994659,0.709999978542,0.0,,2.5,,,0.0,,-6.25,11.4481019974,295.5,,,,
11.9751564167,443,790,634200,42.2568702778,-83.69662,23.0499992371,0.709999978542,0.0,,2.5,,,0.0,,-9.0,11.4481019974,295.5,,,,
11.9751564167,443,790,634300,42.2568236111,-83.6963947222,23.0499992371,0.709999978542,0.0,,2.5,,,0.0,,-9.0,11.4481019974,295.5,,,,
11.9751564167,443,790,635200,42.2568236111,-83.6963947222,24.1999988556,0.709999978542,0.0,,2.5,,,0.0,,-66.4000244141,11.4481019974,295.5,,,,
11.9751564167,443,790,636300,42.2568236111,-83.6963947222,28.4599990845,0.709999978542,0.0,,2.5,,,0.0,,-79.200012207,11.4481019974,295.5,,,,
11.9751564167,443,790,637300,42.2567669444,-83.6961172222,32.3299980164,0.709999978542,0.0,,2.5,,,0.0,,-78.450012207,11.4481019974,295.5,,,,
11.9751564167,443,790,638300,42.2567669444,-83.6961172222,35.4599990845,0.709999978542,0.0,,2.5,,,0.0,,-42.6000366211,11.4481019974,295.5,,,,
11.9751564167,443,790,639100,42.2567669444,-83.6961172222,35.4599990845,0.709999978542,0.0,,2.5,,,0.0,,-42.6000366211,11.4481019974,294.5,,,,
11.9751564167,443,790,639400,42.2567669444,-83.6961172222,35.8099975586,0.709999978542,0.0,,2.5,,,0.0,,-9.75,11.4481019974,294.5,,,,
11.9751564167,443,790,640200,42.2566902778,-83.6957833333,35.8099975586,0.709999978542,0.0,,2.5,,,0.0,,-9.75,11.4481019974,294.5,,,,
11.9751564167,443,790,640400,42.2566902778,-83.6957833333,34.7999992371,0.709999978542,0.0,,2.5,,,0.0,,62.8999633789,11.4481019974,294.5,,,,
11.9751564167,443,790,641500,42.2566902778,-83.6957833333,30.5,0.709999978542,0.0,,2.5,,,0.0,,11.1499633789,11.4481019974,294.5,,,,
11.9751564167,443,790,642500,42.2566902778,-83.6957833333,26.9699993134,0.709999978542,0.0,,2.5,,,0.0,,0.75,11.4481019974,294.5,,,,
11.9751564167,443,790,643500,42.2566902778,-83.6957833333,23.3299999237,0.709999978542,0.0,,2.5,,,0.0,,27.5,11.4481019974,294.5,,,,
11.9751564167,443,790,644100,42.2566902778,-83.6957833333,23.3299999237,0.709999978542,0.0,,2.5,,,0.0,,27.5,11.4481019974,299.0,,,,
11.9751564167,443,790,644200,42.2566152778,-83.6954316667,23.3299999237,0.709999978542,0.0,,2.5,,,0.0,,27.5,11.4481019974,299.0,,,,
11.9751564167,443,790,644600,42.2566152778,-83.6954316667,19.5100002289,0.709999978542,0.0,,2.5,,,0.0,,-9.15002441406,11.4481019974,299.0,,,,
11.9751564167,443,790,645600,42.2566152778,-83.6954316667,18.8799991608,0.709999978542,0.0,,2.5,,,0.0,,-10.049987793,11.4481019974,299.0,,,,
11.9751564167,443,790,646700,42.2566152778,-83.6954316667,18.2600002289,0.709999978542,0.0,,2.5,,,0.0,,-10.3500366211,11.4481019974,299.0,,,,
11.9751564167,443,790,647200,42.2565755556,-83.6952486111,18.2600002289,0.709999978542,0.0,,2.5,,,0.0,,-10.3500366211,11.4481019974,299.0,,,,
11.9751564167,443,790,647700,42.2565755556,-83.6952486111,18.3199996948,0.709999978542,0.0,,2.5,,,0.0,,-34.200012207,11.4481019974,299.0,,,,
11.9751564167,443,790,648700,42.2565755556,-83.6952486111,21.2099990845,0.709999978542,0.0,,2.5,,,0.0,,-59.200012207,11.4481019974,299.0,,,,
11.9751564167,443,790,649100,42.2565755556,-83.6952486111,21.2099990845,0.709999978542,0.0,,2.5,,,0.0,,-59.200012207,11.4481019974,291.0,,,,
11.9751564167,443,790,649800,42.2565755556,-83.6952486111,24.6000003815,0.709999978542,0.0,,2.5,,,0.0,,-63.6500244141,11.4481019974,291.0,,,,
11.9751564167,443,790,650300,42.2565286111,-83.695045,24.6000003815,0.709999978542,0.0,,2.5,,,0.0,,-63.6500244141,11.4481019974,291.0,,,,
11.9751564167,443,790,650800,42.2565286111,-83.695045,26.0399990082,0.709999978542,0.0,,2.5,,,0.0,,-16.0,11.4481019974,291.0,,,,
11.9751564167,443,790,651900,42.2565286111,-83.695045,24.7699985504,0.709999978542,0.0,,2.5,,,0.0,,6.39996337891,11.4481019974,291.0,,,,
11.9751564167,443,790,652900,42.2565286111,-83.695045,23.9599990845,0.709999978542,0.0,,2.5,,,0.0,,-9.60003662109,11.4481019974,291.0,,,,
11.9751564167,443,790,653300,42.2564783333,-83.6948063889,23.9599990845,0.709999978542,0.0,,2.5,,,0.0,,-9.60003662109,11.4481019974,291.0,,,,
11.9751564167,443,790,653900,42.2564783333,-83.6948063889,23.1999988556,0.709999978542,0.0,,2.5,,,0.0,,-4.54998779297,11.4481019974,291.0,,,,
11.9751564167,443,790,654100,42.2564783333,-83.6948063889,23.1999988556,0.709999978542,0.0,,2.5,,,0.0,,-4.54998779297,11.4481019974,296.0,,,,
11.9751564167,443,790,655000,42.2564783333,-83.6948063889,20.4899997711,0.709999978542,0.0,,2.5,,,0.0,,21.8499755859,11.4481019974,296.0,,,,
11.9751564167,443,790,656100,42.2564783333,-83.6948063889,18.5200004578,0.709999978542,0.0,,2.5,,,0.0,,-2.45001220703,11.4481019974,296.0,,,,
11.9751564167,443,790,656200,42.2564397222,-83.6946075,18.5200004578,0.709999978542,0.0,,2.5,,,0.0,,-2.45001220703,11.4481019974,296.0,,,,
11.9751564167,443,790,657100,42.2564397222,-83.6946075,14.4399995804,0.709999978542,0.0,,2.5,,,0.0,,20.75,9.73164749146,296.0,,,,
11.9751564167,443,790,658200,42.2564397222,-83.6946075,7.98999977112,0.709999978542,0.0,,2.5,,,0.0,,-4.10003662109,9.73164749146,296.0,,,,
11.9751564167,443,790,658600,42.2564397222,-83.6946075,7.98999977112,0.709999978542,0.0,,2.75,,,0.0,,-4.10003662109,9.73164749146,296.0,,,,
11.9751564167,443,790,659200,42.2564205556,-83.6945219444,7.98999977112,0.709999978542,0.0,,2.75,,,0.0,,-4.10003662109,9.73164749146,295.5,,,,
11.9751564167,443,790,659300,42.2564205556,-83.6945219444,5.48999977112,0.709999978542,0.0,,2.75,,,0.0,,-12.950012207,9.73164749146,295.5,,,,
11.9751564167,443,790,660300,42.2564205556,-83.6945219444,3.83999991417,0.709999978542,0.0,,2.75,,,0.0,,-14.3500366211,9.73164749146,295.5,,,,
11.9751564167,443,790,661300,42.2564205556,-83.6945219444,4.42000007629,0.709999978542,0.0,,2.75,,,0.0,,-15.549987793,9.73164749146,295.5,,,,
11.9751564167,443,790,662300,42.2564105556,-83.6944761111,4.42000007629,0.709999978542,0.0,,2.75,,,0.0,,-15.549987793,9.73164749146,295.5,,,,
11.9751564167,443,790,662400,42.2564105556,-83.6944761111,5.50999975204,0.709999978542,0.0,,2.75,,,0.0,,-25.6500244141,9.73164749146,295.5,,,,
11.9751564167,443,790,663400,42.2564105556,-83.6944761111,7.38999986649,0.709999978542,0.0,,2.75,,,0.0,,-15.549987793,9.73164749146,295.5,,,,
11.9751564167,443,790,664500,42.2564105556,-83.6944761111,6.26999998093,0.709999978542,0.0,,2.75,,,0.0,,-9.29998779297,9.73164749146,295.5,,,,
11.9751564167,443,790,665300,42.2563975,-83.6944330556,6.26999998093,0.709999978542,0.0,,2.75,,,0.0,,-9.29998779297,9.73164749146,295.5,,,,
11.9751564167,443,790,665500,42.2563975,-83.6944330556,0.219999998808,0.709999978542,0.0,,2.75,,,0.0,,-13.75,9.73164749146,295.5,,,,
11.9751564167,443,790,666500,42.2563975,-83.6944330556,0.0,0.709999978542,0.0,,2.75,,,0.0,,-13.1000366211,9.73164749146,295.5,,,,
11.9751564167,443,790,667000,42.2563975,-83.6944330556,0.0,0.709999978542,0.0,,2.75,,,0.0,,-13.25,9.73164749146,295.0,,,,
11.9751564167,443,790,668100,42.2563975,-83.6944330556,0.0,0.709999978542,0.0,,2.75,,,0.0,,-12.950012207,9.73164749146,295.0,,,,
11.9751564167,443,790,669100,42.2563975,-83.6944330556,0.0,0.709999978542,0.0,,2.75,,,0.0,,-13.25,9.73164749146,295.0,,,,
11.9751564167,443,790,670100,42.2563975,-83.6944330556,0.0,0.709999978542,0.0,,2.75,,,0.0,,-12.3500366211,9.73164749146,295.0,,,,
11.9751564167,443,790,671200,42.2563975,-83.6944330556,0.0,0.709999978542,0.0,,2.75,,,0.0,,-12.799987793,9.73164749146,295.0,,,,
11.9751564167,443,790,672200,42.2563975,-83.6944330556,0.0,0.709999978542,0.0,,2.75,,,0.0,,-12.950012207,9.73164749146,295.0,,,,
11.9751564167,443,790,675300,42.2563975,-83.6944330556,0.0,0.709999978542,0.0,,2.75,,,0.0,,-12.3500366211,9.36962032318,295.0,,,,
11.9751564167,443,790,676400,42.2563975,-83.6944330556,0.0,0.709999978542,0.0,,2.75,,,0.0,,-12.950012207,9.36962032318,295.0,,,,
11.9751564167,443,790,680200,42.2563936111,-83.6944333333,0.0,0.709999978542,0.0,,2.75,,,0.0,,-12.950012207,9.36962032318,295.0,,,,
11.9751564167,443,790,680500,42.2563936111,-83.6944333333,0.0,0.709999978542,0.0,,2.75,,,0.0,,-14.5,9.36962032318,295.0,,,,
11.9751564167,443,790,681000,42.2563936111,-83.6944333333,2.0,0.709999978542,0.0,,2.75,,,0.0,,-15.1000366211,9.36962032318,295.0,,,,
11.9751564167,443,790,682100,42.2563936111,-83.6944333333,0.399999976158,0.709999978542,0.0,,2.75,,,0.0,,-13.1000366211,9.36962032318,295.0,,,,
11.9751564167,443,790,683100,42.2563936111,-83.6944333333,0.819999992847,0.709999978542,0.0,,2.75,,,0.0,,-15.549987793,9.36962032318,295.0,,,,
11.9751564167,443,790,683300,42.2563933333,-83.6944208333,0.819999992847,0.709999978542,0.0,,2.75,,,0.0,,-15.549987793,9.36962032318,295.0,,,,
11.9751564167,443,790,684100,42.2563933333,-83.6944208333,2.77999997139,0.709999978542,0.0,,2.75,,,0.0,,-16.6500244141,9.18228054047,295.0,,,,
11.9751564167,443,790,685200,42.2563933333,-83.6944208333,4.17000007629,0.709999978542,0.0,,2.75,,,0.0,,-15.8500366211,9.18228054047,295.0,,,,
11.9751564167,443,790,686100,42.2563933333,-83.6944208333,4.17000007629,0.709999978542,0.0,,2.75,,,0.0,,-15.8500366211,9.18228054047,294.5,,,,
11.9751564167,443,790,686200,42.2563883333,-83.6943758333,5.17000007629,0.709999978542,0.0,,2.75,,,0.0,,-16.3500366211,9.18228054047,294.5,,,,
11.9751564167,443,790,687300,42.2563883333,-83.6943758333,5.83999967575,0.709999978542,0.0,,2.75,,,0.0,,-15.8500366211,9.18228054047,294.5,,,,
11.9751564167,443,790,688300,42.2563883333,-83.6943758333,6.31999969482,0.709999978542,0.0,,2.75,,,0.0,,-14.950012207,9.18228054047,294.5,,,,
11.9751564167,443,790,689300,42.2563738889,-83.6942958333,9.93999958038,0.709999978542,0.0,,2.75,,,0.0,,-68.3500366211,9.18228054047,294.5,,,,
11.9751564167,443,790,690400,42.2563738889,-83.6942958333,17.3699989319,0.709999978542,0.0,,2.75,,,0.0,,-91.4000244141,9.18228054047,294.5,,,,
11.9751564167,443,790,691100,42.2563738889,-83.6942958333,17.3699989319,0.709999978542,0.0,,2.75,,,0.0,,-91.4000244141,9.18228054047,293.5,,,,
11.9751564167,443,790,691500,42.2563738889,-83.6942958333,20.7199993134,0.709999978542,0.0,,2.75,,,0.0,,-21.5,9.18228054047,293.5,,,,
11.9751564167,443,790,692300,42.2563327778,-83.6941125,20.7199993134,0.709999978542,0.0,,2.75,,,0.0,,-21.5,9.18228054047,293.5,,,,
11.9751564167,443,790,692500,42.2563327778,-83.6941125,18.8500003815,0.709999978542,0.0,,2.75,,,0.0,,-3.20001220703,9.18228054047,293.5,,,,
11.9751564167,443,790,693600,42.2563327778,-83.6941125,18.0200004578,0.709999978542,0.0,,2.75,,,0.0,,-10.700012207,9.18228054047,293.5,,,,
11.9751564167,443,790,694700,42.2563327778,-83.6941125,17.7399997711,0.709999978542,0.0,,2.75,,,0.0,,-32.799987793,9.18228054047,293.5,,,,
11.9751564167,443,790,695800,42.2563327778,-83.6941125,19.4699993134,0.709999978542,0.0,,2.75,,,0.0,,-43.3500366211,9.18228054047,293.5,,,,
11.9751564167,443,790,696100,42.2563327778,-83.6941125,19.4699993134,0.709999978542,0.0,,2.75,,,0.0,,-43.3500366211,9.18228054047,291.5,,,,
11.9751564167,443,790,696200,42.2562816667,-83.6938747222,19.4699993134,0.709999978542,0.0,,2.75,,,0.0,,-43.3500366211,9.18228054047,291.5,,,,
11.9751564167,443,790,696800,42.2562816667,-83.6938747222,21.4599990845,0.709999978542,0.0,,2.75,,,0.0,,-34.5,9.18228054047,291.5,,,,
11.9751564167,443,790,697900,42.2562816667,-83.6938747222,21.4699993134,0.709999978542,0.0,,2.75,,,0.0,,-13.450012207,9.18228054047,291.5,,,,
11.9751564167,443,790,698900,42.2562816667,-83.6938747222,20.3299999237,0.709999978542,0.0,,2.75,,,0.0,,-7.15002441406,9.18228054047,291.5,,,,
11.9751564167,443,790,699200,42.25624,-83.6936738889,20.3299999237,0.709999978542,0.0,,2.75,,,0.0,,-7.15002441406,9.18228054047,291.5,,,,
11.9751564167,443,790,699900,42.25624,-83.6936738889,18.0,0.709999978542,0.0,,2.75,,,0.0,,-3.95001220703,9.18228054047,291.5,,,,
11.9751564167,443,790,701000,42.25624,-83.6936738889,16.5399990082,0.709999978542,0.0,,2.75,,,0.0,,-11.450012207,9.18228054047,291.5,,,,
11.9751564167,443,790,701100,42.25624,-83.6936738889,16.5399990082,0.709999978542,0.0,,2.75,,,0.0,,-11.450012207,9.18228054047,294.5,,,,
11.9751564167,443,790,702000,42.25624,-83.6936738889,15.2399997711,0.709999978542,0.0,,2.75,,,0.0,,-11.6000366211,9.18228054047,294.5,,,,
11.9751564167,443,790,702300,42.2562063889,-83.6935122222,15.2399997711,0.709999978542,0.0,,2.75,,,0.0,,-11.6000366211,9.18228054047,294.5,,,,
11.9751564167,443,790,703100,42.2562063889,-83.6935122222,13.6399993896,0.709999978542,0.0,,2.75,,,0.0,,-11.1500244141,9.18228054047,294.5,,,,
11.9751564167,443,790,704100,42.2562063889,-83.6935122222,12.1199998856,0.709999978542,0.0,,2.75,,,0.0,,-12.049987793,9.18228054047,294.5,,,,
11.9751564167,443,790,705100,42.2562063889,-83.6935122222,10.7699995041,0.709999978542,0.0,,2.75,,,0.0,,-12.6500244141,9.18228054047,294.5,,,,
11.9751564167,443,790,705300,42.2561830556,-83.6933927778,10.7699995041,0.709999978542,0.0,,2.75,,,0.0,,-12.6500244141,9.18228054047,294.5,,,,
11.9751564167,443,790,706200,42.2561830556,-83.6933927778,9.4299993515,0.709999978542,0.0,,2.75,,,0.0,,-19.8500366211,9.18228054047,294.0,,,,
11.9751564167,443,790,707200,42.2561830556,-83.6933927778,10.6499996185,0.709999978542,0.0,,2.75,,,0.0,,-37.1000366211,9.18228054047,294.0,,,,
11.9751564167,443,790,708300,42.2561577778,-83.6932902778,12.7199993134,0.709999978542,0.0,,2.75,,,0.0,,-25.6500244141,9.18228054047,294.0,,,,
11.9751564167,443,790,709300,42.2561577778,-83.6932902778,11.5,0.709999978542,0.0,,2.75,,,0.0,,1.84997558594,9.18228054047,294.0,,,,
11.9751564167,443,790,710300,42.2561577778,-83.6932902778,5.35999965668,0.709999978542,0.0,,2.75,,,0.0,,-13.450012207,9.18228054047,294.0,,,,
11.9751564167,443,790,711300,42.2561408333,-83.6932366667,5.35999965668,0.709999978542,0.0,,2.75,,,0.0,,-13.450012207,9.18228054047,294.0,,,,
11.9751564167,443,790,711400,42.2561408333,-83.6932366667,1.40999996662,0.709999978542,0.0,,2.75,,,0.0,,-13.9000244141,9.18228054047,294.0,,,,
11.9751564167,443,790,712400,42.2561408333,-83.6932366667,0.759999990463,0.709999978542,0.0,,2.75,,,0.0,,-15.549987793,9.18228054047,294.0,,,,
11.9751564167,443,790,713500,42.2561408333,-83.6932366667,0.810000002384,0.709999978542,0.0,,2.75,,,0.0,,-14.799987793,9.18228054047,294.0,,,,
11.9751564167,443,790,714200,42.2561411111,-83.6932252778,0.810000002384,0.709999978542,0.0,,2.75,,,0.0,,-14.799987793,9.18228054047,294.0,,,,
11.9751564167,443,790,714500,42.2561411111,-83.6932252778,0.879999995232,0.709999978542,0.0,,2.75,,,0.0,,-16.0,9.18228054047,294.0,,,,
11.9751564167,443,790,715500,42.2561411111,-83.6932252778,2.87999987602,0.709999978542,0.0,,2.75,,,0.0,,-18.1500244141,9.18228054047,294.0,,,,
11.9751564167,443,790,716600,42.2561411111,-83.6932252778,0.5,0.709999978542,0.0,,2.75,,,0.0,,-13.1000366211,9.18228054047,294.0,,,,
11.9751564167,443,790,717200,42.2561369444,-83.6932075,0.5,0.709999978542,0.0,,2.75,,,0.0,,-13.1000366211,9.18228054047,294.0,,,,
11.9751564167,443,790,717600,42.2561369444,-83.6932075,0.109999999404,0.709999978542,0.0,,2.75,,,0.0,,-13.25,9.18228054047,294.0,,,,
11.9751564167,443,790,719100,42.2561369444,-83.6932075,0.0,0.709999978542,0.0,,2.75,,,0.0,,-12.950012207,8.16455745697,294.0,,,,
11.9751564167,443,790,720100,42.2561369444,-83.6932075,0.0,0.709999978542,0.0,,2.75,,,0.0,,-12.6500244141,8.16455745697,294.0,,,,
11.9751564167,443,790,721100,42.2561369444,-83.6932075,0.0,0.709999978542,0.0,,2.75,,,0.0,,-12.799987793,8.16455745697,294.0,,,,
11.9751564167,443,790,723200,42.2561369444,-83.6932075,0.0,0.709999978542,0.0,,2.75,,,0.0,,-13.1000366211,8.16455745697,294.0,,,,
11.9751564167,443,790,724300,42.2561369444,-83.6932075,0.0,0.709999978542,0.0,,2.75,,,0.0,,-12.799987793,8.16455745697,294.0,,,,
11.9751564167,443,790,725300,42.2561369444,-83.6932075,0.0,0.709999978542,0.0,,2.75,,,0.0,,-13.1000366211,8.16455745697,294.0,,,,
11.9751564167,443,790,726400,42.2561369444,-83.6932075,0.0,0.709999978542,0.0,,2.75,,,0.0,,-12.799987793,8.16455745697,294.0,,,,
11.9751564167,443,790,727200,42.2561436111,-83.693195,0.0,0.709999978542,0.0,,2.75,,,0.0,,-12.799987793,8.16455745697,294.0,,,,
11.9751564167,443,790,727500,42.2561436111,-83.693195,0.0,0.709999978542,0.0,,2.75,,,0.0,,-14.950012207,8.16455745697,294.0,,,,
11.9751564167,443,790,728100,42.2561436111,-83.693195,1.36000001431,0.709999978542,0.0,,2.75,,,0.0,,-16.3500366211,7.97974777222,294.0,,,,
11.9751564167,443,790,729100,42.2561436111,-83.693195,1.36000001431,0.709999978542,0.0,,2.75,,,0.0,,-14.6500244141,7.97974777222,294.0,,,,
11.9751564167,443,790,730200,42.2561408333,-83.6931783333,1.80999994278,0.709999978542,0.0,,2.75,,,0.0,,-27.75,7.97974777222,294.0,,,,
11.9751564167,443,790,731300,42.2561408333,-83.6931783333,8.34000015259,0.709999978542,0.0,,2.75,,,0.0,,-63.5,7.97974777222,294.0,,,,
11.9751564167,443,790,732300,42.2561408333,-83.6931783333,15.6300001144,0.709999978542,0.0,,2.75,,,0.0,,-106.700012207,7.97974777222,294.0,,,,
11.9751564167,443,790,733100,42.2561408333,-83.6931783333,15.6300001144,0.709999978542,0.0,,2.75,,,0.0,,-106.700012207,7.97974777222,290.0,,,,
11.9751564167,443,790,733300,42.2561408333,-83.6931783333,21.4499988556,0.709999978542,0.0,,2.75,,,0.0,,-43.6500244141,7.97974777222,290.0,,,,
11.9751564167,443,790,734200,42.2561036111,-83.6929780556,21.4499988556,0.709999978542,0.0,,2.75,,,0.0,,-43.6500244141,7.97974777222,290.0,,,,
11.9751564167,443,790,734400,42.2561036111,-83.6929780556,20.8400001526,0.709999978542,0.0,,2.75,,,0.0,,-15.25,7.97974777222,290.0,,,,
11.9751564167,443,790,735400,42.2561036111,-83.6929780556,18.6399993896,0.709999978542,0.0,,2.75,,,0.0,,-6.85003662109,7.97974777222,290.0,,,,
11.9751564167,443,790,736500,42.2561036111,-83.6929780556,15.8699998856,0.709999978542,0.0,,2.75,,,0.0,,-7.65002441406,7.97974777222,290.0,,,,
11.9751564167,443,790,737300,42.2560758333,-83.6928233333,15.8699998856,0.709999978542,0.0,,2.75,,,0.0,,-7.65002441406,7.97974777222,290.0,,,,
11.9751564167,443,790,737500,42.2560758333,-83.6928233333,12.7999992371,0.709999978542,0.0,,2.75,,,0.0,,-0.450012207031,7.97974777222,290.0,,,,
11.9751564167,443,790,738100,42.2560758333,-83.6928233333,12.7999992371,0.709999978542,0.0,,2.75,,,0.0,,-0.450012207031,7.97974777222,293.5,,,,
11.9751564167,443,790,738500,42.2560758333,-83.6928233333,8.98999977112,0.709999978542,0.0,,2.75,,,0.0,,-12.6500244141,7.97974777222,293.5,,,,
11.9751564167,443,790,739600,42.2560758333,-83.6928233333,4.84999990463,0.709999978542,0.0,,2.75,,,0.0,,-12.5,7.97974777222,293.5,,,,
11.9751564167,443,790,740200,42.2560652778,-83.692755,4.84999990463,0.709999978542,0.0,,2.75,,,0.0,,-12.5,7.97974777222,293.5,,,,
11.9751564167,443,790,740600,42.2560652778,-83.692755,3.82999992371,0.709999978542,0.0,,2.75,,,0.0,,-15.8500366211,7.97974777222,293.5,,,,
11.9751564167,443,790,741700,42.2560652778,-83.692755,3.08999991417,0.709999978542,0.0,,2.75,,,0.0,,-15.700012207,7.97974777222,293.5,,,,
11.9751564167,443,790,742700,42.2560652778,-83.692755,2.54999995232,0.709999978542,0.0,,2.75,,,0.0,,-15.549987793,7.97974777222,293.5,,,,
11.9751564167,443,790,743300,42.25606,-83.692725,2.54999995232,0.709999978542,0.0,,2.75,,,0.0,,-15.549987793,7.97974777222,293.5,,,,
11.9751564167,443,790,743700,42.25606,-83.692725,0.439999997616,0.709999978542,0.0,,2.75,,,0.0,,-13.1000366211,7.97974777222,293.5,,,,
11.9751564167,443,790,744800,42.25606,-83.692725,0.019999999553,0.709999978542,0.0,,2.75,,,0.0,,-13.1000366211,7.97974777222,293.5,,,,
11.9751564167,443,790,746100,42.25606,-83.692725,0.0,0.709999978542,0.0,,2.75,,,0.0,,-13.25,7.33417797089,293.5,,,,
11.9751564167,443,790,747100,42.25606,-83.692725,0.0,0.709999978542,0.0,,2.75,,,0.0,,-13.1000366211,7.33417797089,293.5,,,,
11.9751564167,443,790,748100,42.25606,-83.692725,0.0,0.709999978542,0.0,,2.75,,,0.0,,-12.950012207,7.33417797089,293.5,,,,
11.9751564167,443,790,749200,42.25606,-83.692725,0.0,0.709999978542,0.0,,2.75,,,0.0,,-13.25,7.33417797089,293.5,,,,
11.9751564167,443,790,750200,42.25606,-83.692725,0.0,0.709999978542,0.0,,2.75,,,0.0,,-12.950012207,7.33417797089,293.5,,,,
11.9751564167,443,790,754400,42.25606,-83.692725,0.0,0.709999978542,0.0,,2.75,,,0.0,,-12.799987793,7.33417797089,293.5,,,,
11.9751564167,443,790,755400,42.25606,-83.692725,0.0,0.709999978542,0.0,,2.75,,,0.0,,-12.950012207,7.33417797089,293.5,,,,
11.9751564167,443,790,756500,42.25606,-83.692725,0.0,0.709999978542,0.0,,2.75,,,0.0,,-13.1000366211,7.33417797089,293.5,,,,
11.9751564167,443,790,761700,42.25606,-83.692725,0.0,0.709999978542,0.0,,2.75,,,0.0,,-14.950012207,7.33417797089,293.5,,,,
11.9751564167,443,790,762300,42.2560533333,-83.6927388889,0.0,0.709999978542,0.0,,2.75,,,0.0,,-14.950012207,7.33417797089,293.5,,,,
11.9751564167,443,790,763100,42.2560533333,-83.6927388889,0.340000003576,0.709999978542,0.0,,2.75,,,0.0,,-20.450012207,7.33417797089,293.0,,,,
11.9751564167,443,790,764200,42.2560533333,-83.6927388889,6.86999988556,0.709999978542,0.0,,2.75,,,0.0,,-72.6500244141,7.33417797089,293.0,,,,
11.9751564167,443,790,765300,42.2560402778,-83.6926697222,14.7599992752,0.709999978542,0.0,,2.75,,,0.0,,-101.5,7.33417797089,293.0,,,,
11.9751564167,443,790,766300,42.2560402778,-83.6926697222,21.1599998474,0.709999978542,0.0,,2.75,,,0.0,,-119.650024414,7.33417797089,293.0,,,,
11.9751564167,443,790,767400,42.2560402778,-83.6926697222,27.9399986267,0.709999978542,0.0,,2.75,,,0.0,,-165.150024414,7.33417797089,293.0,,,,
11.9751564167,443,790,768100,42.2560402778,-83.6926697222,27.9399986267,0.709999978542,0.0,,2.75,,,0.0,,-165.150024414,7.33417797089,288.0,,,,
11.9751564167,443,790,768400,42.2560402778,-83.6926697222,32.8999977112,0.709999978542,0.0,,2.75,,,0.0,,-48.8500366211,6.18987512589,288.0,,,,
11.9751564167,443,790,769200,42.2559816667,-83.69231,32.8999977112,0.709999978542,0.0,,2.75,,,0.0,,-48.8500366211,6.18987512589,288.0,,,,
11.9751564167,443,790,769500,42.2559816667,-83.69231,31.6399993896,0.709999978542,0.0,,2.75,,,0.0,,-11.75,6.18987512589,288.0,,,,
11.9751564167,443,790,769800,42.2559816667,-83.69231,31.6399993896,0.709999978542,0.0,,2.75,,,0.0,,-11.75,6.18987512589,288.0,,,,
11.9751564167,443,790,770500,42.2559816667,-83.69231,29.2600002289,0.709999978542,0.0,,2.75,,,0.0,,-8.40002441406,6.18987512589,288.0,,,,
11.9751564167,443,790,771500,42.2559816667,-83.69231,27.0399990082,0.709999978542,0.0,,2.75,,,0.0,,-23.799987793,6.18987512589,288.0,,,,
11.9751564167,443,790,772300,42.2559377778,-83.6920397222,27.0399990082,0.709999978542,0.0,,2.75,,,0.0,,-23.799987793,6.18987512589,288.0,,,,
11.9751564167,443,790,772600,42.2559377778,-83.6920397222,26.8199996948,0.709999978542,0.0,,2.75,,,0.0,,-50.3500366211,6.18987512589,288.0,,,,
11.9751564167,443,790,773600,42.2559377778,-83.6920397222,27.3999996185,0.709999978542,0.0,,2.75,,,0.0,,-52.950012207,6.18987512589,288.0,,,,
11.9751564167,443,790,774700,42.2559377778,-83.6920397222,28.4899997711,0.709999978542,0.0,,2.75,,,0.0,,-71.1000366211,6.18987512589,288.0,,,,
