DayNum,VehId,Trip,Timestamp(ms),Latitude[deg],Longitude[deg],Vehicle Speed[km/h],MAF[g/sec],Engine RPM[RPM],Absolute Load[%],OAT[DegC],Fuel Rate[L/hr],Air Conditioning Power[kW],Air Conditioning Power[Watts],Heater Power[Watts],HV Battery Current[A],HV Battery SOC[%],HV Battery Voltage[V],Short Term Fuel Trim Bank 1[%],Short Term Fuel Trim Bank 2[%],Long Term Fuel Trim Bank 1[%],Long Term Fuel Trim Bank 2[%]
10.0280050741,374,779,0,42.27786,-83.7439144444,10.0,4.92999982834,1135.0,32.5490188599,,,,,,,,,0.78125,,-3.125,
10.0280050741,374,779,500,42.27786,-83.7439144444,10.0,24.5699996948,1730.0,32.5490188599,,,,,,,,,0.78125,,-3.125,
10.0280050741,374,779,700,42.27786,-83.7439144444,17.0,24.5699996948,1730.0,32.5490188599,,,,,,,,,0.78125,,-3.125,
10.0280050741,374,779,2600,42.27786,-83.7439144444,17.0,25.2099990845,2012.0,64.7058868408,,,,,,,,,-7.8125,,-3.125,
10.0280050741,374,779,2800,42.27786,-83.7439144444,22.0,25.2099990845,2012.0,64.7058868408,,,,,,,,,-7.8125,,-3.125,
10.0280050741,374,779,3000,42.2779816667,-83.74396,22.0,25.2099990845,2012.0,64.7058868408,,,,,,,,,-7.8125,,-3.125,
10.0280050741,374,779,4200,42.2779816667,-83.74396,26.0,25.2099990845,2012.0,64.7058868408,,,,,,,,,-7.8125,,-3.125,
10.0280050741,374,779,5000,42.2779816667,-83.74396,26.0,30.5,2081.0,64.7058868408,,,,,,,,,-7.8125,,-3.125,
10.0280050741,374,779,5200,42.2779816667,-83.74396,30.0,30.5,2081.0,64.7058868408,,,,,,,,,-7.8125,,-3.125,
10.0280050741,374,779,6200,42.2779816667,-83.74396,34.0,30.5,2081.0,64.7058868408,,,,,,,,,-7.8125,,-3.125,
10.0280050741,374,779,7000,42.2782636111,-83.7439708333,34.0,30.5,2081.0,64.7058868408,,,,,,,,,-7.8125,,-3.125,
10.0280050741,374,779,7100,42.2782636111,-83.7439708333,34.0,22.6599998474,1947.0,64.7058868408,,,,,,,,,-7.8125,,-3.125,
10.0280050741,374,779,7300,42.2782636111,-83.7439708333,36.0,22.6599998474,1947.0,64.7058868408,,,,,,,,,-7.8125,,-3.125,
10.0280050741,374,779,8100,42.2782636111,-83.7439708333,36.0,22.6599998474,1947.0,60.0,,,,,,,,,2.34375,,-3.125,
10.0280050741,374,779,8300,42.2782636111,-83.7439708333,39.0,22.6599998474,1947.0,60.0,,,,,,,,,2.34375,,-3.125,
10.0280050741,374,779,9100,42.2782636111,-83.7439708333,39.0,15.720000267,1627.0,60.0,,,,,,,,,2.34375,,-3.125,
10.0280050741,374,779,9700,42.2782636111,-83.7439708333,41.0,15.720000267,1627.0,60.0,,,,,,,,,2.34375,,-3.125,
10.0280050741,374,779,10100,42.2785575,-83.7439594444,41.0,15.720000267,1627.0,60.0,,,,,,,,,2.34375,,-3.125,
10.0280050741,374,779,11500,42.2785575,-83.7439594444,41.0,1.80999994278,269.0,60.0,,,,,,,,,2.34375,,-3.125,
10.0280050741,374,779,11800,42.2785575,-83.7439594444,40.0,1.80999994278,269.0,60.0,,,,,,,,,2.34375,,-3.125,
10.0280050741,374,779,13000,42.2788544444,-83.7439433333,40.0,1.80999994278,269.0,60.0,,,,,,,,,2.34375,,-3.125,
10.0280050741,374,779,13300,42.2788544444,-83.7439433333,39.0,1.80999994278,269.0,0.0,,,,,,,,,-1.5625,,-3.125,
10.0280050741,374,779,13900,42.2788544444,-83.7439433333,39.0,0.870000004768,0.0,0.0,,,,,,,,,-1.5625,,-3.125,
10.0280050741,374,779,14700,42.2788544444,-83.7439433333,33.0,0.870000004768,0.0,0.0,,,,,,,,,-1.5625,,-3.125,
10.0280050741,374,779,16000,42.2788544444,-83.7439433333,26.0,0.870000004768,0.0,0.0,,,,,,,,,-1.5625,,-3.125,
10.0280050741,374,779,17000,42.2791483333,-83.7439319444,26.0,0.870000004768,0.0,0.0,,,,,,,,,-1.5625,,-3.125,
10.0280050741,374,779,17100,42.2791483333,-83.7439319444,23.0,0.870000004768,0.0,0.0,,,,,,,,,-1.5625,,-3.125,
10.0280050741,374,779,18100,42.2791483333,-83.7439319444,19.0,0.870000004768,0.0,0.0,,,,,,,,,-1.5625,,-3.125,
10.0280050741,374,779,18300,42.2791483333,-83.7439319444,19.0,0.870000004768,0.0,0.0,,,,,,,,,0.0,,-3.125,
10.0280050741,374,779,19100,42.2791483333,-83.7439319444,18.0,0.870000004768,0.0,0.0,,,,,,,,,0.0,,-3.125,
10.0280050741,374,779,20100,42.2793052778,-83.7439177778,18.0,0.870000004768,0.0,0.0,,,,,,,,,0.0,,-3.125,
10.0280050741,374,779,20200,42.2793052778,-83.7439177778,21.0,4.30000019073,1342.0,0.0,,,,,,,,,0.0,,-3.125,
10.0280050741,374,779,21500,42.2793052778,-83.7439177778,27.0,4.30000019073,1342.0,0.0,,,,,,,,,0.0,,-3.125,
10.0280050741,374,779,22600,42.2793052778,-83.7439177778,29.0,15.8100004196,1713.0,0.0,,,,,,,,,0.0,,-3.125,
10.0280050741,374,779,23100,42.2795186111,-83.7438972222,29.0,15.8100004196,1713.0,0.0,,,,,,,,,0.0,,-3.125,
10.0280050741,374,779,23600,42.2795186111,-83.7438972222,31.0,15.8100004196,1713.0,50.5882377625,,,,,,,,,0.0,,-3.125,
10.0280050741,374,779,24700,42.2795186111,-83.7438972222,31.0,12.3500003815,1516.0,50.5882377625,,,,,,,,,0.0,,-3.125,
10.0280050741,374,779,25700,42.2795186111,-83.7438972222,32.0,12.3500003815,1516.0,50.5882377625,,,,,,,,,0.0,,-3.125,
10.0280050741,374,779,26000,42.2797513889,-83.7438783333,32.0,12.3500003815,1516.0,50.5882377625,,,,,,,,,0.0,,-3.125,
10.0280050741,374,779,27100,42.2797513889,-83.7438783333,32.0,0.870000004768,0.0,50.5882377625,,,,,,,,,0.0,,-3.125,
10.0280050741,374,779,28100,42.2797513889,-83.7438783333,31.0,0.870000004768,0.0,50.5882377625,,,,,,,,,0.0,,-3.125,
10.0280050741,374,779,28600,42.2797513889,-83.7438783333,31.0,0.870000004768,0.0,0.0,,,,,,,,,0.0,,-3.125,
10.0280050741,374,779,29100,42.2797513889,-83.7438783333,32.0,0.870000004768,0.0,0.0,,,,,,,,,0.0,,-3.125,
10.0280050741,374,779,30000,42.2800672222,-83.7438644444,32.0,0.870000004768,0.0,0.0,,,,,,,,,0.0,,-3.125,
10.0280050741,374,779,33000,42.2803061111,-83.7438483333,32.0,0.870000004768,0.0,0.0,,,,,,,,,0.0,,-3.125,
10.0280050741,374,779,35700,42.2803061111,-83.7438483333,31.0,0.870000004768,0.0,0.0,,,,,,,,,0.0,,-3.125,
10.0280050741,374,779,36100,42.2805427778,-83.7438377778,31.0,0.870000004768,0.0,0.0,,,,,,,,,0.0,,-3.125,
10.0280050741,374,779,36700,42.2805427778,-83.7438377778,32.0,0.870000004768,0.0,0.0,,,,,,,,,0.0,,-3.125,
10.0280050741,374,779,38100,42.2805427778,-83.7438377778,37.0,21.8299999237,1646.0,0.0,,,,,,,,,0.0,,-3.125,
10.0280050741,374,779,39100,42.2805427778,-83.7438377778,37.0,21.8299999237,1646.0,18.0392150879,,,,,,,,,0.0,,-3.125,
10.0280050741,374,779,40100,42.2809013889,-83.7437958333,37.0,21.8299999237,1646.0,18.0392150879,,,,,,,,,0.0,,-3.125,
10.0280050741,374,779,40200,42.2809013889,-83.7437958333,37.0,1.90999996662,326.0,18.0392150879,,,,,,,,,0.0,,-3.125,
10.0280050741,374,779,42300,42.2809013889,-83.7437958333,38.0,0.870000004768,0.0,18.0392150879,,,,,,,,,0.0,,-3.125,
10.0280050741,374,779,43100,42.2811775,-83.743735,38.0,0.870000004768,0.0,18.0392150879,,,,,,,,,0.0,,-3.125,
10.0280050741,374,779,44200,42.2811775,-83.743735,38.0,0.870000004768,0.0,0.0,,,,,,,,,0.0,,-3.125,
10.0280050741,374,779,45000,42.2811775,-83.743735,39.0,0.870000004768,0.0,0.0,,,,,,,,,0.0,,-3.125,
10.0280050741,374,779,46000,42.2814677778,-83.7436869444,39.0,0.870000004768,0.0,0.0,,,,,,,,,0.0,,-3.125,
10.0280050741,374,779,47100,42.2814677778,-83.7436869444,40.0,0.870000004768,0.0,0.0,,,,,,,,,0.0,,-3.125,
10.0280050741,374,779,48100,42.2814677778,-83.7436869444,41.0,0.870000004768,0.0,0.0,,,,,,,,,0.0,,-3.125,
10.0280050741,374,779,49500,42.2814677778,-83.7436869444,43.0,0.870000004768,0.0,0.0,,,,,,,,,0.0,,-3.125,
10.0280050741,374,779,50000,42.2818894444,-83.7436413889,43.0,0.870000004768,0.0,0.0,,,,,,,,,0.0,,-3.125,
10.0280050741,374,779,53000,42.2822263889,-83.7436077778,43.0,0.870000004768,0.0,0.0,,,,,,,,,0.0,,-3.125,
10.0280050741,374,779,53600,42.2822263889,-83.7436077778,44.0,0.870000004768,0.0,0.0,,,,,,,,,0.0,,-3.125,
10.0280050741,374,779,55000,42.2822263889,-83.7436077778,45.0,0.870000004768,0.0,0.0,,,,,,,,,0.0,,-3.125,
10.0280050741,374,779,56000,42.2825625,-83.7435908333,44.0,0.870000004768,0.0,0.0,,,,,,,,,0.0,,-3.125,
10.0280050741,374,779,57100,42.2825625,-83.7435908333,45.0,0.870000004768,0.0,0.0,,,,,,,,,0.0,,-3.125,
10.0280050741,374,779,59100,42.2825625,-83.7435908333,44.0,0.870000004768,0.0,0.0,,,,,,,,,0.0,,-3.125,
10.0280050741,374,779,60000,42.2830161111,-83.7435633333,44.0,0.870000004768,0.0,0.0,,,,,,,,,0.0,,-3.125,
10.0280050741,374,779,61500,42.2830161111,-83.7435633333,43.0,0.870000004768,0.0,0.0,,,,,,,,,0.0,,-3.125,
10.0280050741,374,779,62600,42.2830161111,-83.7435633333,42.0,0.870000004768,0.0,0.0,,,,,,,,,0.0,,-3.125,
10.0280050741,374,779,63000,42.2833427778,-83.7435516667,42.0,0.870000004768,0.0,0.0,,,,,,,,,0.0,,-3.125,
10.0280050741,374,779,63600,42.2833427778,-83.7435516667,41.0,0.870000004768,0.0,0.0,,,,,,,,,0.0,,-3.125,
10.0280050741,374,779,66000,42.2836577778,-83.7435222222,41.0,0.870000004768,0.0,0.0,,,,,,,,,0.0,,-3.125,
10.0280050741,374,779,67100,42.2836577778,-83.7435222222,40.0,0.870000004768,0.0,0.0,,,,,,,,,0.0,,-3.125,
10.0280050741,374,779,68100,42.2836577778,-83.7435222222,41.0,0.870000004768,0.0,0.0,,,,,,,,,0.0,,-3.125,
10.0280050741,374,779,68500,42.2836577778,-83.7435222222,41.0,0.870000004768,0.0,0.0,,,,,,,,,0.0,,-3.125,
10.0280050741,374,779,69100,42.2836577778,-83.7435222222,42.0,0.870000004768,0.0,0.0,,,,,,,,,0.0,,-3.125,
10.0280050741,374,779,70000,42.2840744444,-83.7435077778,42.0,0.870000004768,0.0,0.0,,,,,,,,,0.0,,-3.125,
10.0280050741,374,779,70200,42.2840744444,-83.7435077778,43.0,0.870000004768,0.0,0.0,,,,,,,,,0.0,,-3.125,
10.0280050741,374,779,71500,42.2840744444,-83.7435077778,44.0,0.870000004768,0.0,0.0,,,,,,,,,0.0,,-3.125,
10.0280050741,374,779,74000,42.2845091667,-83.7434816667,44.0,0.870000004768,0.0,0.0,,,,,,,,,0.0,,-3.125,
10.0280050741,374,779,75700,42.2845091667,-83.7434816667,43.0,0.870000004768,0.0,0.0,,,,,,,,,0.0,,-3.125,
10.0280050741,374,779,77000,42.2848366667,-83.7434691667,43.0,0.870000004768,0.0,0.0,,,,,,,,,0.0,,-3.125,
10.0280050741,374,779,77100,42.2848366667,-83.7434691667,45.0,0.870000004768,0.0,0.0,,,,,,,,,0.0,,-3.125,
10.0280050741,374,779,78100,42.2848366667,-83.7434691667,46.0,0.870000004768,0.0,0.0,,,,,,,,,0.0,,-3.125,
10.0280050741,374,779,79100,42.2848366667,-83.7434691667,47.0,0.870000004768,0.0,0.0,,,,,,,,,0.0,,-3.125,
10.0280050741,374,779,80100,42.28518,-83.7434675,47.0,0.870000004768,0.0,0.0,,,,,,,,,0.0,,-3.125,
10.0280050741,374,779,82600,42.28518,-83.7434675,48.0,0.870000004768,0.0,0.0,,,,,,,,,0.0,,-3.125,
10.0280050741,374,779,83100,42.2855325,-83.7434580556,48.0,0.870000004768,0.0,0.0,,,,,,,,,0.0,,-3.125,
10.0280050741,374,779,83600,42.2855325,-83.7434580556,47.0,0.870000004768,0.0,0.0,,,,,,,,,0.0,,-3.125,
10.0280050741,374,779,84700,42.2855325,-83.7434580556,46.0,0.870000004768,0.0,0.0,,,,,,,,,0.0,,-3.125,
10.0280050741,374,779,86000,42.2858794444,-83.7434408333,46.0,0.870000004768,0.0,0.0,,,,,,,,,0.0,,-3.125,
10.0280050741,374,779,86700,42.2858794444,-83.7434408333,45.0,0.870000004768,0.0,0.0,,,,,,,,,0.0,,-3.125,
10.0280050741,374,779,88100,42.2858794444,-83.7434408333,41.0,0.870000004768,0.0,0.0,,,,,,,,,0.0,,-3.125,
10.0280050741,374,779,89100,42.2858794444,-83.7434408333,35.0,0.870000004768,0.0,0.0,,,,,,,,,0.0,,-3.125,
10.0280050741,374,779,90000,42.2862530556,-83.7434044444,35.0,0.870000004768,0.0,0.0,,,,,,,,,0.0,,-3.125,
10.0280050741,374,779,90200,42.2862530556,-83.7434044444,28.0,0.870000004768,0.0,0.0,,,,,,,,,0.0,,-3.125,
10.0280050741,374,779,92300,42.2862530556,-83.7434044444,29.0,0.870000004768,0.0,0.0,,,,,,,,,0.0,,-3.125,
10.0280050741,374,779,93000,42.2864441667,-83.7432558333,29.0,0.870000004768,0.0,0.0,,,,,,,,,0.0,,-3.125,
10.0280050741,374,779,93600,42.2864441667,-83.7432558333,31.0,0.870000004768,0.0,0.0,,,,,,,,,0.0,,-3.125,
10.0280050741,374,779,94700,42.2864441667,-83.7432558333,32.0,0.870000004768,0.0,0.0,,,,,,,,,0.0,,-3.125,
10.0280050741,374,779,95700,42.2864441667,-83.7432558333,33.0,0.870000004768,0.0,0.0,,,,,,,,,0.0,,-3.125,
10.0280050741,374,779,96000,42.2866383333,-83.7430675,33.0,0.870000004768,0.0,0.0,,,,,,,,,0.0,,-3.125,
10.0280050741,374,779,96700,42.2866383333,-83.7430675,35.0,0.870000004768,0.0,0.0,,,,,,,,,0.0,,-3.125,
10.0280050741,374,779,97800,42.2866383333,-83.7430675,38.0,0.870000004768,0.0,0.0,,,,,,,,,0.0,,-3.125,
10.0280050741,374,779,100100,42.2869027778,-83.7427883333,38.0,0.870000004768,0.0,0.0,,,,,,,,,0.0,,-3.125,
10.0280050741,374,779,100200,42.2869027778,-83.7427883333,35.0,0.870000004768,0.0,0.0,,,,,,,,,0.0,,-3.125,
10.0280050741,374,779,101200,42.2869027778,-83.7427883333,31.0,0.870000004768,0.0,0.0,,,,,,,,,0.0,,-3.125,
10.0280050741,374,779,102300,42.2869027778,-83.7427883333,27.0,0.870000004768,0.0,0.0,,,,,,,,,0.0,,-3.125,
10.0280050741,374,779,103100,42.287045,-83.7425527778,27.0,0.870000004768,0.0,0.0,,,,,,,,,0.0,,-3.125,
10.0280050741,374,779,103300,42.287045,-83.7425527778,21.0,0.870000004768,0.0,0.0,,,,,,,,,0.0,,-3.125,
10.0280050741,374,779,104700,42.287045,-83.7425527778,14.0,0.870000004768,0.0,0.0,,,,,,,,,0.0,,-3.125,
10.0280050741,374,779,106000,42.2871052778,-83.7424447222,8.0,0.870000004768,0.0,0.0,,,,,,,,,0.0,,-3.125,
10.0280050741,374,779,107100,42.2871052778,-83.7424447222,11.0,0.870000004768,0.0,0.0,,,,,,,,,0.0,,-3.125,
10.0280050741,374,779,108100,42.2871052778,-83.7424447222,15.0,0.870000004768,0.0,0.0,,,,,,,,,0.0,,-3.125,
10.0280050741,374,779,109000,42.2871086111,-83.7423116667,15.0,0.870000004768,0.0,0.0,,,,,,,,,0.0,,-3.125,
10.0280050741,374,779,109100,42.2871086111,-83.7423116667,18.0,0.870000004768,0.0,0.0,,,,,,,,,0.0,,-3.125,
10.0280050741,374,779,109700,42.2871086111,-83.7423116667,18.0,24.4099998474,1768.0,0.0,,,,,,,,,0.0,,-3.125,
10.0280050741,374,779,110500,42.2871086111,-83.7423116667,23.0,24.4099998474,1768.0,0.0,,,,,,,,,0.0,,-3.125,
10.0280050741,374,779,111500,42.2871086111,-83.7423116667,27.0,24.4099998474,1768.0,0.0,,,,,,,,,0.0,,-3.125,
10.0280050741,374,779,111700,42.2871086111,-83.7423116667,27.0,18.7999992371,1734.0,0.0,,,,,,,,,0.0,,-3.125,
10.0280050741,374,779,112100,42.2870302778,-83.7420880556,27.0,18.7999992371,1734.0,0.0,,,,,,,,,0.0,,-3.125,
10.0280050741,374,779,112600,42.2870302778,-83.7420880556,29.0,18.7999992371,1734.0,21.5686283112,,,,,,,,,0.0,,-3.125,
10.0280050741,374,779,113600,42.2870302778,-83.7420880556,30.0,18.7999992371,1734.0,21.5686283112,,,,,,,,,0.0,,-3.125,
10.0280050741,374,779,113700,42.2870302778,-83.7420880556,30.0,1.70000004768,274.0,21.5686283112,,,,,,,,,0.0,,-3.125,
10.0280050741,374,779,116000,42.2869072222,-83.7417447222,31.0,0.870000004768,0.0,21.5686283112,,,,,,,,,0.0,,-3.125,
10.0280050741,374,779,117100,42.2869072222,-83.7417447222,33.0,0.870000004768,0.0,21.5686283112,,,,,,,,,0.0,,-3.125,
10.0280050741,374,779,118100,42.2869072222,-83.7417447222,36.0,28.2000007629,2079.0,60.7843132019,,,,,,,,,0.0,,-3.125,
10.0280050741,374,779,119000,42.2868025,-83.74143,36.0,28.2000007629,2079.0,60.7843132019,,,,,,,,,0.0,,-3.125,
10.0280050741,374,779,119100,42.2868025,-83.74143,39.0,28.2000007629,2079.0,60.7843132019,,,,,,,,,0.0,,-3.125,
10.0280050741,374,779,120200,42.2868025,-83.74143,40.0,26.3999996185,2127.0,60.7843132019,,,,,,,,,0.0,,-3.125,
10.0280050741,374,779,122100,42.2866733333,-83.7410802778,40.0,26.3999996185,2127.0,60.7843132019,,,,,,,,,0.0,,-3.125,
10.0280050741,374,779,122600,42.2866733333,-83.7410802778,39.0,30.2600002289,2166.0,60.7843132019,,,,,,,,,0.0,,-3.125,
10.0280050741,374,779,123600,42.2866733333,-83.7410802778,39.0,30.2600002289,2166.0,52.9411773682,,,,,,,,,-1.5625,,-3.125,
10.0280050741,374,779,124700,42.2866733333,-83.7410802778,36.0,2.09999990463,1054.0,52.9411773682,,,,,,,,,-1.5625,,-3.125,
10.0280050741,374,779,125100,42.2865491667,-83.7407402778,36.0,2.09999990463,1054.0,52.9411773682,,,,,,,,,-1.5625,,-3.125,
10.0280050741,374,779,127100,42.2865491667,-83.7407402778,37.0,26.2099990845,1820.0,52.9411773682,,,,,,,,,-1.5625,,-3.125,
10.0280050741,374,779,128100,42.2865491667,-83.7407402778,38.0,26.2099990845,1820.0,52.9411773682,,,,,,,,,-1.5625,,-3.125,
10.0280050741,374,779,128500,42.2865491667,-83.7407402778,38.0,26.2099990845,1820.0,52.9411773682,,,,,,,,,-1.5625,,-3.125,
10.0280050741,374,779,128600,42.2865491667,-83.7407402778,38.0,26.2099990845,1820.0,23.9215698242,,,,,,,,,0.0,,-3.125,
10.0280050741,374,779,129100,42.2863994444,-83.7402866667,38.0,26.2099990845,1143.0,23.9215698242,,,,,,,,,0.0,,-3.125,
10.0280050741,374,779,129200,42.2863994444,-83.7402866667,38.0,3.6400001049,1143.0,23.9215698242,,,,,,,,,0.0,,-3.125,
10.0280050741,374,779,131200,42.2863994444,-83.7402866667,40.0,23.2999992371,1752.0,23.9215698242,,,,,,,,,0.0,,-3.125,
10.0280050741,374,779,132000,42.2862952778,-83.7399108333,40.0,23.2999992371,1752.0,23.9215698242,,,,,,,,,0.0,,-3.125,
10.0280050741,374,779,132600,42.2862952778,-83.7399108333,43.0,23.2999992371,1752.0,23.9215698242,,,,,,,,,0.0,,-3.125,
10.0280050741,374,779,133600,42.2862952778,-83.7399108333,44.0,14.9600000381,1707.0,23.9215698242,,,,,,,,,0.0,,-3.125,
10.0280050741,374,779,133700,42.2862952778,-83.7399108333,44.0,14.9600000381,1707.0,52.5490188599,,,,,,,,,0.0,,-3.125,
10.0280050741,374,779,135000,42.2861922222,-83.7394733333,44.0,14.9600000381,1707.0,52.5490188599,,,,,,,,,0.0,,-3.125,
10.0280050741,374,779,135400,42.2861922222,-83.7394733333,46.0,14.9600000381,1707.0,52.5490188599,,,,,,,,,0.0,,-3.125,
10.0280050741,374,779,135900,42.2861922222,-83.7394733333,46.0,19.9500007629,1746.0,52.5490188599,,,,,,,,,0.0,,-3.125,
10.0280050741,374,779,136700,42.2861922222,-83.7394733333,50.0,19.9500007629,1746.0,52.5490188599,,,,,,,,,0.0,,-3.125,
10.0280050741,374,779,138100,42.2861922222,-83.7394733333,51.0,2.24000000954,914.0,52.5490188599,,,,,,,,,0.0,,-3.125,
10.0280050741,374,779,139000,42.2860344444,-83.7388241667,51.0,2.24000000954,914.0,52.5490188599,,,,,,,,,0.0,,-3.125,
10.0280050741,374,779,139100,42.2860344444,-83.7388241667,52.0,2.24000000954,914.0,12.9411764145,,,,,,,,,0.0,,-3.125,
10.0280050741,374,779,140200,42.2860344444,-83.7388241667,52.0,2.80999994278,898.0,12.9411764145,,,,,,,,,0.0,,-3.125,
10.0280050741,374,779,141200,42.2860344444,-83.7388241667,53.0,2.80999994278,898.0,12.9411764145,,,,,,,,,0.0,,-3.125,
10.0280050741,374,779,142100,42.2859136111,-83.7383083333,53.0,2.80999994278,898.0,12.9411764145,,,,,,,,,0.0,,-3.125,
10.0280050741,374,779,142300,42.2859136111,-83.7383083333,53.0,9.61999988556,0.0,12.9411764145,,,,,,,,,0.0,,-3.125,
10.0280050741,374,779,143600,42.2859136111,-83.7383083333,54.0,9.61999988556,0.0,12.9411764145,,,,,,,,,0.0,,-3.125,
10.0280050741,374,779,144700,42.2859136111,-83.7383083333,54.0,0.870000004768,0.0,0.0,,,,,,,,,0.0,,-3.125,
10.0280050741,374,779,145100,42.2857958333,-83.7377911111,54.0,0.870000004768,0.0,0.0,,,,,,,,,0.0,,-3.125,
10.0280050741,374,779,149100,42.2856433333,-83.7371011111,53.0,0.870000004768,0.0,0.0,,,,,,,,,0.0,,-3.125,
10.0280050741,374,779,150200,42.2856433333,-83.7371011111,52.0,0.870000004768,0.0,0.0,,,,,,,,,0.0,,-3.125,
10.0280050741,374,779,151200,42.2856433333,-83.7371011111,51.0,0.870000004768,0.0,0.0,,,,,,,,,0.0,,-3.125,
10.0280050741,374,779,152000,42.2855566667,-83.7366019444,51.0,0.870000004768,0.0,0.0,,,,,,,,,0.0,,-3.125,
10.0280050741,374,779,152300,42.2855566667,-83.7366019444,52.0,0.870000004768,0.0,0.0,,,,,,,,,0.0,,-3.125,
10.0280050741,374,779,153300,42.2855566667,-83.7366019444,53.0,0.870000004768,0.0,0.0,,,,,,,,,0.0,,-3.125,
10.0280050741,374,779,154700,42.2855566667,-83.7366019444,51.0,0.870000004768,0.0,0.0,,,,,,,,,0.0,,-3.125,
10.0280050741,374,779,155000,42.2855366667,-83.7360936111,51.0,0.870000004768,0.0,0.0,,,,,,,,,0.0,,-3.125,
10.0280050741,374,779,155700,42.2855366667,-83.7360936111,49.0,0.870000004768,0.0,0.0,,,,,,,,,0.0,,-3.125,
10.0280050741,374,779,156700,42.2855366667,-83.7360936111,45.0,0.870000004768,0.0,0.0,,,,,,,,,0.0,,-3.125,
10.0280050741,374,779,157800,42.2855366667,-83.7360936111,41.0,0.870000004768,2.0,0.0,,,,,,,,,0.0,,-3.125,
10.0280050741,374,779,158000,42.2855033333,-83.7356561111,41.0,0.870000004768,2.0,0.0,,,,,,,,,0.0,,-3.125,
10.0280050741,374,779,158800,42.2855033333,-83.7356561111,35.0,0.870000004768,2.0,0.0,,,,,,,,,0.0,,-3.125,
10.0280050741,374,779,160200,42.2855033333,-83.7356561111,27.0,0.870000004768,0.0,0.0,,,,,,,,,0.0,,-3.125,
10.0280050741,374,779,161200,42.2855033333,-83.7356561111,23.0,0.870000004768,0.0,0.0,,,,,,,,,0.0,,-3.125,
10.0280050741,374,779,162000,42.2854158333,-83.7353294444,23.0,0.870000004768,0.0,0.0,,,,,,,,,0.0,,-3.125,
10.0280050741,374,779,162300,42.2854158333,-83.7353294444,17.0,0.870000004768,1.0,0.0,,,,,,,,,0.0,,-3.125,
10.0280050741,374,779,163300,42.2854158333,-83.7353294444,11.0,0.870000004768,1.0,0.0,,,,,,,,,0.0,,-3.125,
10.0280050741,374,779,164300,42.2854158333,-83.7353294444,6.0,0.870000004768,0.0,0.0,,,,,,,,,0.0,,-3.125,
10.0280050741,374,779,165000,42.2854158333,-83.7353294444,6.0,0.870000004768,1.0,0.0,,,,,,,,,0.0,,-3.125,
10.0280050741,374,779,166800,42.2854158333,-83.7353294444,0.0,0.870000004768,1.0,0.0,,,,,,,,,0.0,,-3.125,
10.0280050741,374,779,167000,42.2854158333,-83.7353294444,0.0,0.870000004768,0.0,0.0,,,,,,,,,0.0,,-3.125,
10.0280050741,374,779,188700,42.2854158333,-83.7353294444,0.0,0.870000004768,0.0,0.0,,,,,,,,,0.0,,-3.125,
10.0280050741,374,779,192100,42.2854547222,-83.7352147222,0.0,0.870000004768,0.0,0.0,,,,,,,,,0.0,,-3.125,
10.0280050741,374,779,205000,42.2854669444,-83.7351916667,0.0,0.870000004768,0.0,0.0,,,,,,,,,0.0,,-3.125,
10.0280050741,374,779,207400,42.2854669444,-83.7351916667,13.0,0.870000004768,0.0,0.0,,,,,,,,,0.0,,-3.125,
10.0280050741,374,779,207500,42.2854669444,-83.7351916667,13.0,0.870000004768,1.0,0.0,,,,,,,,,0.0,,-3.125,
10.0280050741,374,779,208000,42.2854336111,-83.7351313889,13.0,0.870000004768,1.0,0.0,,,,,,,,,0.0,,-3.125,
10.0280050741,374,779,209400,42.2854336111,-83.7351313889,19.0,0.870000004768,1.0,0.0,,,,,,,,,0.0,,-3.125,
10.0280050741,374,779,209500,42.2854336111,-83.7351313889,19.0,0.870000004768,0.0,0.0,,,,,,,,,0.0,,-3.125,
10.0280050741,374,779,211100,42.2854252778,-83.7349588889,19.0,0.870000004768,0.0,0.0,,,,,,,,,0.0,,-3.125,
10.0280050741,374,779,211800,42.2854252778,-83.7349588889,21.0,0.870000004768,0.0,0.0,,,,,,,,,0.0,,-3.125,
10.0280050741,374,779,212800,42.2854252778,-83.7349588889,27.0,0.870000004768,0.0,0.0,,,,,,,,,0.0,,-3.125,
10.0280050741,374,779,213800,42.2854252778,-83.7349588889,27.0,27.7800006866,2024.0,0.0,,,,,,,,,0.0,,-3.125,
10.0280050741,374,779,213900,42.2854252778,-83.7349588889,30.0,27.7800006866,2024.0,0.0,,,,,,,,,0.0,,-3.125,
10.0280050741,374,779,214100,42.2855316667,-83.7347308333,30.0,27.7800006866,2024.0,0.0,,,,,,,,,0.0,,-3.125,
10.0280050741,374,779,214900,42.2855316667,-83.7347308333,34.0,27.7800006866,2024.0,0.0,,,,,,,,,0.0,,-3.125,
10.0280050741,374,779,215700,42.2855316667,-83.7347308333,34.0,27.7800006866,2024.0,63.9215698242,,,,,,,,,0.0,,-3.125,
10.0280050741,374,779,215800,42.2855316667,-83.7347308333,34.0,23.6900005341,1878.0,63.9215698242,,,,,,,,,0.0,,-3.125,
10.0280050741,374,779,216000,42.2855316667,-83.7347308333,36.0,23.6900005341,1878.0,63.9215698242,,,,,,,,,0.0,,-3.125,
10.0280050741,374,779,217300,42.2855316667,-83.7347308333,39.0,23.6900005341,1878.0,63.9215698242,,,,,,,,,0.0,,-3.125,
10.0280050741,374,779,218100,42.2857333333,-83.7342927778,39.0,10.8699998856,1631.0,63.9215698242,,,,,,,,,0.0,,-3.125,
10.0280050741,374,779,218400,42.2857333333,-83.7342927778,41.0,10.8699998856,1631.0,63.9215698242,,,,,,,,,0.0,,-3.125,
10.0280050741,374,779,219400,42.2857333333,-83.7342927778,42.0,10.8699998856,1631.0,63.9215698242,,,,,,,,,0.0,,-3.125,
10.0280050741,374,779,220200,42.2857333333,-83.7342927778,42.0,1.07000005245,0.0,63.9215698242,,,,,,,,,0.0,,-3.125,
10.0280050741,374,779,220400,42.2857333333,-83.7342927778,41.0,1.07000005245,0.0,63.9215698242,,,,,,,,,0.0,,-3.125,
10.0280050741,374,779,220800,42.2857333333,-83.7342927778,41.0,1.07000005245,0.0,0.0,,,,,,,,,0.0,,-3.125,
10.0280050741,374,779,221000,42.2858883333,-83.7339186111,41.0,1.07000005245,0.0,0.0,,,,,,,,,0.0,,-3.125,
10.0280050741,374,779,221500,42.2858883333,-83.7339186111,42.0,1.07000005245,0.0,0.0,,,,,,,,,0.0,,-3.125,
10.0280050741,374,779,221800,42.2858883333,-83.7339186111,42.0,1.07000005245,0.0,0.0,,,,,,,,,3.125,,-3.125,
10.0280050741,374,779,222300,42.2858883333,-83.7339186111,42.0,0.870000004768,0.0,0.0,,,,,,,,,3.125,,-3.125,
10.0280050741,374,779,224000,42.2860363889,-83.7335375,42.0,0.870000004768,0.0,0.0,,,,,,,,,3.125,,-3.125,
10.0280050741,374,779,224900,42.2860363889,-83.7335375,41.0,0.870000004768,0.0,0.0,,,,,,,,,3.125,,-3.125,
10.0280050741,374,779,226000,42.2860363889,-83.7335375,39.0,0.870000004768,0.0,0.0,,,,,,,,,3.125,,-3.125,
10.0280050741,374,779,226800,42.2860363889,-83.7335375,39.0,0.870000004768,0.0,0.0,,,,,,,,,0.0,,-3.125,
10.0280050741,374,779,227000,42.2860363889,-83.7335375,35.0,0.870000004768,0.0,0.0,,,,,,,,,0.0,,-3.125,
10.0280050741,374,779,227100,42.2861686111,-83.7331994444,35.0,0.870000004768,0.0,0.0,,,,,,,,,0.0,,-3.125,
10.0280050741,374,779,228400,42.2861686111,-83.7331994444,30.0,0.870000004768,0.0,0.0,,,,,,,,,0.0,,-3.125,
10.0280050741,374,779,229400,42.2861686111,-83.7331994444,24.0,0.870000004768,0.0,0.0,,,,,,,,,0.0,,-3.125,
10.0280050741,374,779,230400,42.2861686111,-83.7331994444,21.0,0.870000004768,0.0,0.0,,,,,,,,,0.0,,-3.125,
10.0280050741,374,779,231100,42.2862813889,-83.7329111111,21.0,0.870000004768,0.0,0.0,,,,,,,,,0.0,,-3.125,
10.0280050741,374,779,231500,42.2862813889,-83.7329111111,16.0,0.870000004768,0.0,0.0,,,,,,,,,0.0,,-3.125,
10.0280050741,374,779,232500,42.2862813889,-83.7329111111,9.0,0.870000004768,0.0,0.0,,,,,,,,,0.0,,-3.125,
10.0280050741,374,779,234100,42.2863127778,-83.7328130556,9.0,0.870000004768,0.0,0.0,,,,,,,,,0.0,,-3.125,
10.0280050741,374,779,235100,42.2863127778,-83.7328130556,3.0,0.870000004768,0.0,0.0,,,,,,,,,0.0,,-3.125,
10.0280050741,374,779,236100,42.2863127778,-83.7328130556,1.0,0.870000004768,0.0,0.0,,,,,,,,,0.0,,-3.125,
10.0280050741,374,779,238200,42.2863127778,-83.7328130556,0.0,0.870000004768,0.0,0.0,,,,,,,,,0.0,,-3.125,
10.0280050741,374,779,257000,42.2863308333,-83.7327611111,0.0,0.870000004768,0.0,0.0,,,,,,,,,0.0,,-3.125,
10.0280050741,374,779,259200,42.2863308333,-83.7327611111,16.0,0.870000004768,0.0,0.0,,,,,,,,,0.0,,-3.125,
10.0280050741,374,779,260100,42.2863655556,-83.7326705556,16.0,0.870000004768,0.0,0.0,,,,,,,,,0.0,,-3.125,
10.0280050741,374,779,261200,42.2863655556,-83.7326705556,22.0,0.870000004768,0.0,0.0,,,,,,,,,0.0,,-3.125,
10.0280050741,374,779,261300,42.2863655556,-83.7326705556,22.0,0.870000004768,1940.0,0.0,,,,,,,,,0.0,,-3.125,
10.0280050741,374,779,261400,42.2863655556,-83.7326705556,22.0,28.2399997711,1940.0,0.0,,,,,,,,,0.0,,-3.125,
10.0280050741,374,779,262300,42.2863655556,-83.7326705556,27.0,28.2399997711,1940.0,0.0,,,,,,,,,0.0,,-3.125,
10.0280050741,374,779,262500,42.2863655556,-83.7326705556,27.0,28.2399997711,1940.0,67.4509811401,,,,,,,,,0.0,,-3.125,
10.0280050741,374,779,263100,42.28643,-83.7324258333,27.0,28.2399997711,1940.0,67.4509811401,,,,,,,,,0.0,,-3.125,
10.0280050741,374,779,263200,42.28643,-83.7324258333,27.0,28.2399997711,1940.0,67.4509811401,,,,,,,,,2.34375,,-3.125,
10.0280050741,374,779,263700,42.28643,-83.7324258333,30.0,24.5799999237,1858.0,67.4509811401,,,,,,,,,2.34375,,-3.125,
10.0280050741,374,779,264700,42.28643,-83.7324258333,35.0,24.5799999237,1858.0,67.4509811401,,,,,,,,,2.34375,,-3.125,
10.0280050741,374,779,265700,42.28643,-83.7324258333,38.0,28.7700004578,2125.0,67.4509811401,,,,,,,,,2.34375,,-3.125,
10.0280050741,374,779,266100,42.2864966667,-83.73206,38.0,28.7700004578,2125.0,67.4509811401,,,,,,,,,2.34375,,-3.125,
10.0280050741,374,779,266800,42.2864966667,-83.73206,41.0,28.7700004578,2125.0,67.4509811401,,,,,,,,,2.34375,,-3.125,
10.0280050741,374,779,267800,42.2864966667,-83.73206,44.0,1.61000001431,1093.0,14.9019613266,,,,,,,,,2.34375,,-3.125,
10.0280050741,374,779,268200,42.2864966667,-83.73206,44.0,1.61000001431,1093.0,14.9019613266,,,,,,,,,0.0,,-3.125,
10.0280050741,374,779,269100,42.2865441667,-83.7316191667,44.0,1.61000001431,1093.0,14.9019613266,,,,,,,,,0.0,,-3.125,
10.0280050741,374,779,269300,42.2865441667,-83.7316191667,45.0,1.61000001431,1093.0,14.9019613266,,,,,,,,,0.0,,-3.125,
10.0280050741,374,779,269800,42.2865441667,-83.7316191667,45.0,0.870000004768,0.0,14.9019613266,,,,,,,,,0.0,,-3.125,
10.0280050741,374,779,270300,42.2865441667,-83.7316191667,48.0,0.870000004768,0.0,14.9019613266,,,,,,,,,0.0,,-3.125,
10.0280050741,374,779,271400,42.2865441667,-83.7316191667,49.0,0.870000004768,0.0,14.9019613266,,,,,,,,,0.0,,-3.125,
10.0280050741,374,779,272100,42.2865938889,-83.7311322222,49.0,0.870000004768,0.0,14.9019613266,,,,,,,,,0.0,,-3.125,
10.0280050741,374,779,272400,42.2865938889,-83.7311322222,50.0,0.870000004768,0.0,14.9019613266,,,,,,,,,0.0,,-3.125,
10.0280050741,374,779,272800,42.2865938889,-83.7311322222,50.0,0.870000004768,0.0,0.0,,,,,,,,,0.0,,-3.125,
10.0280050741,374,779,274800,42.2865938889,-83.7311322222,52.0,0.870000004768,0.0,0.0,,,,,,,,,0.0,,-3.125,
10.0280050741,374,779,275000,42.2866611111,-83.7306333333,52.0,0.870000004768,0.0,0.0,,,,,,,,,0.0,,-3.125,
10.0280050741,374,779,277900,42.2866611111,-83.7306333333,53.0,0.870000004768,0.0,0.0,,,,,,,,,0.0,,-3.125,
10.0280050741,374,779,278100,42.2867544444,-83.7301258333,53.0,0.870000004768,0.0,0.0,,,,,,,,,0.0,,-3.125,
10.0280050741,374,779,279000,42.2867544444,-83.7301258333,52.0,0.870000004768,0.0,0.0,,,,,,,,,0.0,,-3.125,
10.0280050741,374,779,280300,42.2867544444,-83.7301258333,51.0,0.870000004768,0.0,0.0,,,,,,,,,0.0,,-3.125,
10.0280050741,374,779,281400,42.2867544444,-83.7301258333,52.0,0.870000004768,0.0,0.0,,,,,,,,,0.0,,-3.125,
10.0280050741,374,779,282100,42.2868525,-83.7294444444,52.0,0.870000004768,0.0,0.0,,,,,,,,,0.0,,-3.125,
10.0280050741,374,779,283500,42.2868525,-83.7294444444,53.0,0.870000004768,0.0,0.0,,,,,,,,,0.0,,-3.125,
10.0280050741,374,779,285100,42.2868836111,-83.7289180556,53.0,0.870000004768,0.0,0.0,,,,,,,,,0.0,,-3.125,
10.0280050741,374,779,288000,42.2868977778,-83.7283908333,53.0,0.870000004768,0.0,0.0,,,,,,,,,0.0,,-3.125,
10.0280050741,374,779,291000,42.2868977778,-83.7283908333,53.0,0.870000004768,1.0,0.0,,,,,,,,,0.0,,-3.125,
10.0280050741,374,779,291700,42.2868977778,-83.7283908333,54.0,0.870000004768,1.0,0.0,,,,,,,,,0.0,,-3.125,
10.0280050741,374,779,292000,42.2869286111,-83.7276677778,54.0,0.870000004768,1.0,0.0,,,,,,,,,0.0,,-3.125,
10.0280050741,374,779,292700,42.2869286111,-83.7276677778,56.0,0.870000004768,1.0,0.0,,,,,,,,,0.0,,-3.125,
10.0280050741,374,779,293000,42.2869286111,-83.7276677778,56.0,0.870000004768,0.0,0.0,,,,,,,,,0.0,,-3.125,
10.0280050741,374,779,293800,42.2869286111,-83.7276677778,57.0,0.870000004768,0.0,0.0,,,,,,,,,0.0,,-3.125,
10.0280050741,374,779,294100,42.2869633333,-83.7272888889,57.0,0.870000004768,0.0,0.0,,,,,,,,,0.0,,-3.125,
10.0280050741,374,779,294800,42.2869633333,-83.7272888889,59.0,0.870000004768,0.0,0.0,,,,,,,,,0.0,,-3.125,
10.0280050741,374,779,297200,42.2869633333,-83.7272888889,59.0,23.8299999237,1742.0,0.0,,,,,,,,,0.0,,-3.125,
10.0280050741,374,779,298100,42.2870375,-83.7265186111,59.0,23.8299999237,1742.0,0.0,,,,,,,,,0.0,,-3.125,
10.0280050741,374,779,299500,42.2870375,-83.7265186111,59.0,1.89999997616,139.0,13.3333339691,,,,,,,,,0.0,,-3.125,
10.0280050741,374,779,300600,42.2870375,-83.7265186111,58.0,1.89999997616,139.0,13.3333339691,,,,,,,,,0.0,,-3.125,
10.0280050741,374,779,301100,42.2870638889,-83.7259316667,58.0,1.89999997616,139.0,13.3333339691,,,,,,,,,0.0,,-3.125,
10.0280050741,374,779,301500,42.2870638889,-83.7259316667,58.0,0.870000004768,0.0,13.3333339691,,,,,,,,,0.0,,-3.125,
10.0280050741,374,779,302000,42.2870638889,-83.7259316667,57.0,0.870000004768,0.0,13.3333339691,,,,,,,,,0.0,,-3.125,
10.0280050741,374,779,303100,42.2870638889,-83.7259316667,56.0,0.870000004768,0.0,13.3333339691,,,,,,,,,0.0,,-3.125,
10.0280050741,374,779,304100,42.2870858333,-83.7253647222,55.0,0.870000004768,0.0,13.3333339691,,,,,,,,,0.0,,-3.125,
10.0280050741,374,779,304500,42.2870858333,-83.7253647222,55.0,0.870000004768,0.0,0.0,,,,,,,,,0.0,,-3.125,
10.0280050741,374,779,307000,42.2871066667,-83.7248136111,55.0,0.870000004768,0.0,0.0,,,,,,,,,0.0,,-3.125,
10.0280050741,374,779,308600,42.2871066667,-83.7248136111,54.0,0.870000004768,0.0,0.0,,,,,,,,,0.0,,-3.125,
10.0280050741,374,779,310000,42.2871161111,-83.7242727778,54.0,0.870000004768,0.0,0.0,,,,,,,,,0.0,,-3.125,
10.0280050741,374,779,311700,42.2871161111,-83.7242727778,54.0,25.4599990845,1898.0,0.0,,,,,,,,,0.0,,-3.125,
10.0280050741,374,779,313100,42.2871161111,-83.7242727778,55.0,25.4599990845,1898.0,0.0,,,,,,,,,0.0,,-3.125,
10.0280050741,374,779,314000,42.2871375,-83.7235277778,55.0,25.4599990845,1898.0,0.0,,,,,,,,,0.0,,-3.125,
10.0280050741,374,779,314100,42.2871375,-83.7235277778,55.0,19.75,1748.0,0.0,,,,,,,,,0.0,,-3.125,
10.0280050741,374,779,314600,42.2871375,-83.7235277778,55.0,19.75,1748.0,0.0,,,,,,,,,-1.5625,,-3.125,
10.0280050741,374,779,315100,42.2871375,-83.7235277778,56.0,19.75,1748.0,50.9803924561,,,,,,,,,-1.5625,,-3.125,
10.0280050741,374,779,316300,42.2871375,-83.7235277778,56.0,19.0900001526,1759.0,50.9803924561,,,,,,,,,-1.5625,,-3.125,
10.0280050741,374,779,318000,42.2871533333,-83.7227775,56.0,19.0900001526,1759.0,50.9803924561,,,,,,,,,-1.5625,,-3.125,
10.0280050741,374,779,318700,42.2871533333,-83.7227775,56.0,21.7900009155,1765.0,50.9803924561,,,,,,,,,-1.5625,,-3.125,
10.0280050741,374,779,319500,42.2871533333,-83.7227775,57.0,21.7900009155,1765.0,50.9803924561,,,,,,,,,-1.5625,,-3.125,
10.0280050741,374,779,320100,42.2871533333,-83.7227775,57.0,21.7900009155,1765.0,58.0392150879,,,,,,,,,0.0,,-3.125,
10.0280050741,374,779,320900,42.2871533333,-83.7227775,57.0,19.9200000763,1768.0,58.0392150879,,,,,,,,,0.0,,-3.125,
10.0280050741,374,779,321000,42.2871616667,-83.7222105556,57.0,19.9200000763,1768.0,58.0392150879,,,,,,,,,0.0,,-3.125,
10.0280050741,374,779,322900,42.2871616667,-83.7222105556,58.0,18.3999996185,1682.0,58.0392150879,,,,,,,,,0.0,,-3.125,
10.0280050741,374,779,324000,42.2871722222,-83.7216325,57.0,18.3999996185,1682.0,58.0392150879,,,,,,,,,0.0,,-3.125,
10.0280050741,374,779,324900,42.2871722222,-83.7216325,57.0,2.82999992371,897.0,58.0392150879,,,,,,,,,0.0,,-3.125,
10.0280050741,374,779,325000,42.2871722222,-83.7216325,56.0,2.82999992371,897.0,58.0392150879,,,,,,,,,0.0,,-3.125,
10.0280050741,374,779,325600,42.2871722222,-83.7216325,56.0,2.82999992371,897.0,14.9019613266,,,,,,,,,-4.6875,,-3.125,
10.0280050741,374,779,326900,42.2871722222,-83.7216325,56.0,2.96000003815,898.0,14.9019613266,,,,,,,,,-4.6875,,-3.125,
10.0280050741,374,779,327100,42.2871875,-83.7210677778,54.0,2.96000003815,898.0,14.9019613266,,,,,,,,,-4.6875,,-3.125,
10.0280050741,374,779,328100,42.2871875,-83.7210677778,53.0,2.96000003815,898.0,14.9019613266,,,,,,,,,-4.6875,,-3.125,
10.0280050741,374,779,329300,42.2871875,-83.7210677778,53.0,3.25,0.0,14.9019613266,,,,,,,,,-4.6875,,-3.125,
10.0280050741,374,779,330300,42.2871875,-83.7210677778,50.0,3.25,0.0,14.9019613266,,,,,,,,,-4.6875,,-3.125,
10.0280050741,374,779,331100,42.2872208333,-83.7203883333,50.0,3.25,0.0,0.0,,,,,,,,,0.0,,-3.125,
10.0280050741,374,779,331200,42.2872208333,-83.7203883333,50.0,0.870000004768,0.0,0.0,,,,,,,,,0.0,,-3.125,
10.0280050741,374,779,331300,42.2872208333,-83.7203883333,48.0,0.870000004768,0.0,0.0,,,,,,,,,0.0,,-3.125,
10.0280050741,374,779,332400,42.2872208333,-83.7203883333,46.0,0.870000004768,0.0,0.0,,,,,,,,,0.0,,-3.125,
10.0280050741,374,779,333200,42.2872208333,-83.7203883333,46.0,0.939999997616,0.0,0.0,,,,,,,,,0.0,,-3.125,
10.0280050741,374,779,333400,42.2872208333,-83.7203883333,45.0,0.939999997616,0.0,0.0,,,,,,,,,0.0,,-3.125,
10.0280050741,374,779,334100,42.2872572222,-83.7199305556,45.0,0.939999997616,0.0,0.0,,,,,,,,,0.0,,-3.125,
10.0280050741,374,779,335600,42.2872572222,-83.7199305556,45.0,30.2199993134,2034.0,0.0,,,,,,,,,0.0,,-3.125,
10.0280050741,374,779,335800,42.2872572222,-83.7199305556,46.0,30.2199993134,2034.0,0.0,,,,,,,,,0.0,,-3.125,
10.0280050741,374,779,336600,42.2872572222,-83.7199305556,46.0,30.2199993134,2034.0,59.6078453064,,,,,,,,,0.0,,-3.125,
10.0280050741,374,779,337000,42.287305,-83.7194677778,46.0,30.2199993134,2034.0,59.6078453064,,,,,,,,,0.0,,-3.125,
10.0280050741,374,779,337700,42.287305,-83.7194677778,46.0,4.55000019073,1260.0,59.6078453064,,,,,,,,,0.0,,-3.125,
10.0280050741,374,779,338900,42.287305,-83.7194677778,45.0,4.55000019073,1260.0,59.6078453064,,,,,,,,,0.0,,-3.125,
10.0280050741,374,779,339700,42.287305,-83.7194677778,45.0,0.870000004768,0.0,59.6078453064,,,,,,,,,0.0,,-3.125,
10.0280050741,374,779,340300,42.287305,-83.7194677778,43.0,0.870000004768,0.0,59.6078453064,,,,,,,,,0.0,,-3.125,
10.0280050741,374,779,341100,42.2873502778,-83.7188775,43.0,0.870000004768,0.0,59.6078453064,,,,,,,,,0.0,,-3.125,
10.0280050741,374,779,341300,42.2873502778,-83.7188775,42.0,0.870000004768,0.0,59.6078453064,,,,,,,,,0.0,,-3.125,
10.0280050741,374,779,342100,42.2873502778,-83.7188775,42.0,0.870000004768,0.0,0.0,,,,,,,,,0.0,,-3.125,
10.0280050741,374,779,342400,42.2873502778,-83.7188775,41.0,0.870000004768,0.0,0.0,,,,,,,,,0.0,,-3.125,
10.0280050741,374,779,344000,42.2873744444,-83.7184702778,41.0,0.870000004768,0.0,0.0,,,,,,,,,0.0,,-3.125,
10.0280050741,374,779,344400,42.2873744444,-83.7184702778,40.0,0.870000004768,0.0,0.0,,,,,,,,,0.0,,-3.125,
10.0280050741,374,779,345800,42.2873744444,-83.7184702778,38.0,0.870000004768,0.0,0.0,,,,,,,,,0.0,,-3.125,
10.0280050741,374,779,346600,42.2873744444,-83.7184702778,38.0,15.3800001144,1332.0,0.0,,,,,,,,,0.0,,-3.125,
10.0280050741,374,779,346800,42.2873744444,-83.7184702778,39.0,15.3800001144,1332.0,0.0,,,,,,,,,0.0,,-3.125,
10.0280050741,374,779,347100,42.2873955556,-83.7180833333,39.0,15.3800001144,1332.0,0.0,,,,,,,,,0.0,,-3.125,
10.0280050741,374,779,347700,42.2873955556,-83.7180833333,39.0,15.3800001144,1332.0,68.2352981567,,,,,,,,,0.0,,-3.125,
10.0280050741,374,779,347900,42.2873955556,-83.7180833333,40.0,15.3800001144,1332.0,68.2352981567,,,,,,,,,0.0,,-3.125,
10.0280050741,374,779,348900,42.2873955556,-83.7180833333,40.0,28.5100002289,1882.0,68.2352981567,,,,,,,,,0.0,,-3.125,
10.0280050741,374,779,349900,42.2873955556,-83.7180833333,40.0,28.5100002289,1882.0,68.2352981567,,,,,,,,,0.0,,-3.90625,
10.0280050741,374,779,350000,42.2874125,-83.7176669444,40.0,28.5100002289,1882.0,68.2352981567,,,,,,,,,0.0,,-3.90625,
10.0280050741,374,779,350500,42.2874125,-83.7176669444,41.0,28.5100002289,1882.0,68.2352981567,,,,,,,,,0.0,,-3.90625,
10.0280050741,374,779,350900,42.2874125,-83.7176669444,41.0,2.02999997139,1080.0,68.2352981567,,,,,,,,,0.0,,-3.90625,
10.0280050741,374,779,351500,42.2874125,-83.7176669444,42.0,2.02999997139,1080.0,68.2352981567,,,,,,,,,0.0,,-3.90625,
10.0280050741,374,779,352900,42.2874125,-83.7176669444,40.0,0.870000004768,0.0,0.0,,,,,,,,,0.0,,-3.90625,
10.0280050741,374,779,353000,42.2874408333,-83.7172691667,40.0,0.870000004768,0.0,0.0,,,,,,,,,0.0,,-3.90625,
10.0280050741,374,779,353900,42.2874408333,-83.7172691667,39.0,0.870000004768,0.0,0.0,,,,,,,,,0.0,,-3.90625,
10.0280050741,374,779,356000,42.2874408333,-83.7172691667,36.0,0.870000004768,0.0,0.0,,,,,,,,,0.0,,-3.90625,
10.0280050741,374,779,357000,42.2874663889,-83.7167888889,36.0,0.870000004768,0.0,0.0,,,,,,,,,0.0,,-3.90625,
10.0280050741,374,779,357100,42.2874663889,-83.7167888889,30.0,0.870000004768,0.0,0.0,,,,,,,,,0.0,,-3.90625,
10.0280050741,374,779,358400,42.2874663889,-83.7167888889,19.0,0.870000004768,0.0,0.0,,,,,,,,,0.0,,-3.90625,
10.0280050741,374,779,359500,42.2874663889,-83.7167888889,8.0,0.870000004768,0.0,0.0,,,,,,,,,0.0,,-3.90625,
10.0280050741,374,779,361000,42.2874661111,-83.7166591667,8.0,0.870000004768,0.0,0.0,,,,,,,,,0.0,,-3.90625,
10.0280050741,374,779,361100,42.2874661111,-83.7166591667,8.0,0.870000004768,0.0,0.0,,,,,,,,,0.0,,-3.125,
10.0280050741,374,779,363600,42.2874661111,-83.7166591667,3.0,0.870000004768,0.0,0.0,,,,,,,,,0.0,,-3.125,
10.0280050741,374,779,366000,42.2874536111,-83.7166822222,3.0,0.870000004768,0.0,0.0,,,,,,,,,0.0,,-3.125,
10.0280050741,374,779,367900,42.2874536111,-83.7166822222,3.0,0.870000004768,0.0,0.0,,,,,,,,,0.0,,-3.90625,
10.0280050741,374,779,368400,42.2874536111,-83.7166822222,19.0,0.870000004768,0.0,0.0,,,,,,,,,0.0,,-3.90625,
10.0280050741,374,779,368600,42.2874536111,-83.7166822222,19.0,32.2999992371,2091.0,0.0,,,,,,,,,0.0,,-3.90625,
10.0280050741,374,779,369000,42.2874561111,-83.7165561111,19.0,32.2999992371,2091.0,0.0,,,,,,,,,0.0,,-3.90625,
10.0280050741,374,779,369200,42.2874561111,-83.7165561111,19.0,32.2999992371,2091.0,0.0,,,,,,,,,0.0,,-3.90625,
10.0280050741,374,779,369400,42.2874561111,-83.7165561111,24.0,32.2999992371,2091.0,0.0,,,,,,,,,0.0,,-3.90625,
10.0280050741,374,779,370600,42.2874561111,-83.7165561111,24.0,20.7800006866,1846.0,0.0,,,,,,,,,0.0,,-3.90625,
10.0280050741,374,779,371500,42.2874561111,-83.7165561111,28.0,20.7800006866,1846.0,0.0,,,,,,,,,0.0,,-3.90625,
10.0280050741,374,779,371800,42.2874561111,-83.7165561111,28.0,20.7800006866,1846.0,34.509803772,,,,,,,,,0.0,,-3.90625,
10.0280050741,374,779,372100,42.2874519444,-83.7162672222,28.0,20.7800006866,1846.0,34.509803772,,,,,,,,,0.0,,-3.90625,
10.0280050741,374,779,372900,42.2874519444,-83.7162672222,31.0,6.19999980927,1498.0,34.509803772,,,,,,,,,0.0,,-3.90625,
10.0280050741,374,779,374900,42.2874519444,-83.7162672222,31.0,0.870000004768,0.0,34.509803772,,,,,,,,,0.0,,-3.90625,
10.0280050741,374,779,375000,42.2874519444,-83.7162672222,30.0,0.870000004768,0.0,34.509803772,,,,,,,,,0.0,,-3.90625,
10.0280050741,374,779,375100,42.2874455556,-83.7159469444,30.0,0.870000004768,0.0,34.509803772,,,,,,,,,0.0,,-3.90625,
10.0280050741,374,779,376000,42.2874455556,-83.7159469444,28.0,0.870000004768,0.0,34.509803772,,,,,,,,,0.0,,-3.90625,
10.0280050741,374,779,376800,42.2874455556,-83.7159469444,28.0,0.870000004768,0.0,0.0,,,,,,,,,0.0,,-3.90625,
10.0280050741,374,779,379100,42.2874508333,-83.71554,29.0,0.870000004768,0.0,0.0,,,,,,,,,0.0,,-3.90625,
10.0280050741,374,779,380200,42.2874508333,-83.71554,34.0,0.870000004768,0.0,0.0,,,,,,,,,0.0,,-3.90625,
10.0280050741,374,779,381000,42.2874572222,-83.7153080556,34.0,0.870000004768,0.0,0.0,,,,,,,,,0.0,,-3.90625,
10.0280050741,374,779,382200,42.2874572222,-83.7153080556,33.0,0.870000004768,0.0,0.0,,,,,,,,,0.0,,-3.90625,
10.0280050741,374,779,383300,42.2874572222,-83.7153080556,32.0,0.870000004768,0.0,0.0,,,,,,,,,0.0,,-3.90625,
10.0280050741,374,779,384700,42.2874572222,-83.7153080556,35.0,0.870000004768,0.0,0.0,,,,,,,,,0.0,,-3.90625,
10.0280050741,374,779,385100,42.2874702778,-83.7148397222,35.0,0.870000004768,0.0,0.0,,,,,,,,,0.0,,-3.90625,
10.0280050741,374,779,385700,42.2874702778,-83.7148397222,37.0,0.870000004768,0.0,0.0,,,,,,,,,0.0,,-3.90625,
10.0280050741,374,779,386800,42.2874702778,-83.7148397222,33.0,0.870000004768,0.0,0.0,,,,,,,,,0.0,,-3.90625,
10.0280050741,374,779,387800,42.2874702778,-83.7148397222,29.0,0.870000004768,0.0,0.0,,,,,,,,,0.0,,-3.90625,
10.0280050741,374,779,388100,42.2874941667,-83.7145130556,29.0,0.870000004768,0.0,0.0,,,,,,,,,0.0,,-3.90625,
10.0280050741,374,779,389300,42.2874941667,-83.7145130556,26.0,0.870000004768,0.0,0.0,,,,,,,,,0.0,,-3.90625,
10.0280050741,374,779,390400,42.2874941667,-83.7145130556,24.0,0.870000004768,0.0,0.0,,,,,,,,,0.0,,-3.90625,
10.0280050741,374,779,391000,42.2874977778,-83.7142936111,24.0,0.870000004768,0.0,0.0,,,,,,,,,0.0,,-3.90625,
10.0280050741,374,779,392500,42.2874977778,-83.7142936111,21.0,0.870000004768,0.0,0.0,,,,,,,,,0.0,,-3.90625,
10.0280050741,374,779,393500,42.2874977778,-83.7142936111,18.0,0.870000004768,0.0,0.0,,,,,,,,,0.0,,-3.90625,
10.0280050741,374,779,394000,42.2875030556,-83.7141369444,18.0,0.870000004768,0.0,0.0,,,,,,,,,0.0,,-3.90625,
10.0280050741,374,779,394900,42.2875030556,-83.7141369444,15.0,0.870000004768,0.0,0.0,,,,,,,,,0.0,,-3.90625,
10.0280050741,374,779,396900,42.2875030556,-83.7141369444,14.0,0.870000004768,0.0,0.0,,,,,,,,,0.0,,-3.90625,
10.0280050741,374,779,397100,42.28756,-83.7141627778,14.0,0.870000004768,0.0,0.0,,,,,,,,,0.0,,-3.90625,
10.0280050741,374,779,398000,42.28756,-83.7141627778,15.0,0.870000004768,0.0,0.0,,,,,,,,,0.0,,-3.90625,
10.0280050741,374,779,399300,42.28756,-83.7141627778,22.0,0.870000004768,0.0,0.0,,,,,,,,,0.0,,-3.90625,
10.0280050741,374,779,400000,42.28756,-83.7141627778,22.0,32.8199996948,2228.0,0.0,,,,,,,,,0.0,,-3.90625,
10.0280050741,374,779,400100,42.2875619444,-83.7143386111,22.0,32.8199996948,2228.0,0.0,,,,,,,,,0.0,,-3.90625,
10.0280050741,374,779,400700,42.2875619444,-83.7143386111,29.0,32.8199996948,2228.0,0.0,,,,,,,,,0.0,,-3.90625,
10.0280050741,374,779,401700,42.2875619444,-83.7143386111,33.0,32.8199996948,2228.0,0.0,,,,,,,,,0.0,,-3.90625,
10.0280050741,374,779,402000,42.2875619444,-83.7143386111,33.0,31.0100002289,2187.0,0.0,,,,,,,,,0.0,,-3.90625,
10.0280050741,374,779,402800,42.2875619444,-83.7143386111,36.0,31.0100002289,2187.0,0.0,,,,,,,,,0.0,,-3.90625,
10.0280050741,374,779,403000,42.2875511111,-83.7146694444,36.0,31.0100002289,2187.0,70.1960830688,,,,,,,,,0.0,,-3.90625,
10.0280050741,374,779,403800,42.2875511111,-83.7146694444,38.0,31.0100002289,2187.0,70.1960830688,,,,,,,,,0.0,,-3.90625,
10.0280050741,374,779,404000,42.2875511111,-83.7146694444,38.0,30.2099990845,2162.0,70.1960830688,,,,,,,,,0.0,,-3.90625,
10.0280050741,374,779,404900,42.2875511111,-83.7146694444,41.0,30.2099990845,2162.0,70.1960830688,,,,,,,,,0.0,,-3.90625,
10.0280050741,374,779,406200,42.2875511111,-83.7146694444,43.0,27.1299991608,1906.0,70.1960830688,,,,,,,,,0.0,,-3.90625,
10.0280050741,374,779,407000,42.2875294444,-83.7152213889,43.0,27.1299991608,1906.0,70.1960830688,,,,,,,,,0.0,,-3.90625,
10.0280050741,374,779,407300,42.2875294444,-83.7152213889,44.0,27.1299991608,1906.0,70.1960830688,,,,,,,,,0.0,,-3.90625,
10.0280050741,374,779,408300,42.2875294444,-83.7152213889,45.0,21.7099990845,1804.0,60.3921585083,,,,,,,,,0.0,,-3.90625,
10.0280050741,374,779,408800,42.2875294444,-83.7152213889,45.0,21.7099990845,1804.0,60.3921585083,,,,,,,,,-1.5625,,-3.90625,
10.0280050741,374,779,410000,42.2875127778,-83.7156744444,45.0,21.7099990845,1804.0,60.3921585083,,,,,,,,,-1.5625,,-3.90625,
10.0280050741,374,779,410400,42.2875127778,-83.7156744444,46.0,24.0100002289,1790.0,60.3921585083,,,,,,,,,-1.5625,,-3.90625,
10.0280050741,374,779,412800,42.2875127778,-83.7156744444,46.0,13.4799995422,1479.0,60.3921585083,,,,,,,,,-1.5625,,-3.90625,
10.0280050741,374,779,413100,42.2874955556,-83.7161422222,46.0,13.4799995422,1479.0,60.3921585083,,,,,,,,,-1.5625,,-3.90625,
10.0280050741,374,779,413800,42.2874955556,-83.7161422222,46.0,13.4799995422,1479.0,34.509803772,,,,,,,,,-1.5625,,-3.90625,
10.0280050741,374,779,413900,42.2874955556,-83.7161422222,46.0,13.4799995422,1479.0,34.509803772,,,,,,,,,1.5625,,-3.90625,
10.0280050741,374,779,414900,42.2874955556,-83.7161422222,44.0,3.1400001049,1138.0,34.509803772,,,,,,,,,1.5625,,-3.90625,
10.0280050741,374,779,416100,42.2874769444,-83.71656,37.0,3.1400001049,1138.0,34.509803772,,,,,,,,,1.5625,,-3.90625,
10.0280050741,374,779,416900,42.2874769444,-83.71656,37.0,0.870000004768,2.0,34.509803772,,,,,,,,,1.5625,,-3.90625,
10.0280050741,374,779,417600,42.2874769444,-83.71656,26.0,0.870000004768,2.0,34.509803772,,,,,,,,,1.5625,,-3.90625,
10.0280050741,374,779,418700,42.2874769444,-83.71656,20.0,0.870000004768,2.0,34.509803772,,,,,,,,,1.5625,,-3.90625,
10.0280050741,374,779,418800,42.2874769444,-83.71656,20.0,0.870000004768,2.0,0.0,,,,,,,,,1.5625,,-3.90625,
10.0280050741,374,779,418900,42.2874769444,-83.71656,20.0,0.870000004768,0.0,0.0,,,,,,,,,0.0,,-3.90625,
10.0280050741,374,779,419100,42.2874863889,-83.716795,20.0,0.870000004768,0.0,0.0,,,,,,,,,0.0,,-3.90625,
10.0280050741,374,779,419800,42.2874863889,-83.716795,18.0,0.870000004768,0.0,0.0,,,,,,,,,0.0,,-3.90625,
10.0280050741,374,779,420800,42.2874863889,-83.716795,16.0,0.870000004768,0.0,0.0,,,,,,,,,0.0,,-3.90625,
10.0280050741,374,779,422300,42.2874863889,-83.716795,15.0,0.870000004768,0.0,0.0,,,,,,,,,0.0,,-3.90625,
10.0280050741,374,779,423000,42.2876052778,-83.7169025,15.0,0.870000004768,0.0,0.0,,,,,,,,,0.0,,-3.90625,
10.0280050741,374,779,423300,42.2876052778,-83.7169025,13.0,0.870000004768,0.0,0.0,,,,,,,,,0.0,,-3.90625,
10.0280050741,374,779,424300,42.2876052778,-83.7169025,11.0,0.870000004768,0.0,0.0,,,,,,,,,0.0,,-3.90625,
10.0280050741,374,779,425400,42.2876052778,-83.7169025,13.0,0.870000004768,0.0,0.0,,,,,,,,,0.0,,-3.90625,
10.0280050741,374,779,426100,42.2877058333,-83.7169475,13.0,0.870000004768,0.0,0.0,,,,,,,,,0.0,,-3.90625,
10.0280050741,374,779,426400,42.2877058333,-83.7169475,17.0,0.870000004768,0.0,0.0,,,,,,,,,0.0,,-3.90625,
10.0280050741,374,779,427800,42.2877058333,-83.7169475,19.0,0.870000004768,0.0,0.0,,,,,,,,,0.0,,-3.90625,
10.0280050741,374,779,428000,42.2877058333,-83.7169475,19.0,0.870000004768,0.0,0.0,,,,,,,,,0.0,,-3.125,
10.0280050741,374,779,428800,42.2877058333,-83.7169475,21.0,0.870000004768,0.0,0.0,,,,,,,,,0.0,,-3.125,
10.0280050741,374,779,429000,42.2878077778,-83.7170766667,21.0,0.870000004768,0.0,0.0,,,,,,,,,0.0,,-3.125,
10.0280050741,374,779,429400,42.2878077778,-83.7170766667,21.0,0.870000004768,0.0,0.0,,,,,,,,,0.0,,-3.125,
10.0280050741,374,779,430900,42.2878077778,-83.7170766667,19.0,0.870000004768,0.0,0.0,,,,,,,,,0.0,,-3.125,
10.0280050741,374,779,432000,42.2878077778,-83.7170766667,19.0,0.870000004768,7.0,0.0,,,,,,,,,0.0,,-3.125,
10.0280050741,374,779,432100,42.2878775,-83.7172402778,19.0,0.870000004768,7.0,0.0,,,,,,,,,0.0,,-3.125,
10.0280050741,374,779,433000,42.2878775,-83.7172402778,14.0,0.870000004768,7.0,0.0,,,,,,,,,0.0,,-3.125,
10.0280050741,374,779,434000,42.2878775,-83.7172402778,14.0,0.870000004768,0.0,0.0,,,,,,,,,0.0,,-3.125,
10.0280050741,374,779,434100,42.2878775,-83.7172402778,12.0,0.870000004768,0.0,0.0,,,,,,,,,0.0,,-3.125,
10.0280050741,374,779,435100,42.2879508333,-83.7173161111,11.0,0.870000004768,0.0,0.0,,,,,,,,,0.0,,-3.125,
10.0280050741,374,779,437500,42.2879508333,-83.7173161111,13.0,0.870000004768,0.0,0.0,,,,,,,,,0.0,,-3.125,
10.0280050741,374,779,440100,42.2881188889,-83.7172858333,12.0,0.870000004768,0.0,0.0,,,,,,,,,0.0,,-3.125,
10.0280050741,374,779,441100,42.2881188889,-83.7172858333,8.0,0.870000004768,0.0,0.0,,,,,,,,,0.0,,-3.125,
10.0280050741,374,779,442600,42.2881188889,-83.7172858333,3.0,0.870000004768,0.0,0.0,,,,,,,,,0.0,,-3.125,
10.0280050741,374,779,444500,42.2881188889,-83.7172858333,0.0,0.870000004768,0.0,0.0,,,,,,,,,0.0,,-3.125,
10.0280050741,374,779,470000,42.2881919444,-83.7172188889,0.0,0.870000004768,0.0,0.0,,,,,,,,,0.0,,-3.125,
10.0280050741,374,779,489500,42.2881919444,-83.7172188889,0.0,0.870000004768,0.0,0.0,,,,,,,,,0.0,,-3.125,
10.0280050741,374,779,501000,42.2882033333,-83.7172033333,0.0,0.870000004768,0.0,0.0,,,,,,,,,0.0,,-3.125,
10.0280050741,374,779,527100,42.2882094444,-83.7171994444,0.0,0.870000004768,0.0,0.0,,,,,,,,,0.0,,-3.125,
10.0280050741,374,779,529800,42.2882094444,-83.7171994444,7.0,0.870000004768,0.0,0.0,,,,,,,,,0.0,,-3.125,
10.0280050741,374,779,530000,42.2882225,-83.71722,7.0,0.870000004768,0.0,0.0,,,,,,,,,0.0,,-3.125,
10.0280050741,374,779,531800,42.2882225,-83.71722,8.0,0.870000004768,0.0,0.0,,,,,,,,,0.0,,-3.125,
10.0280050741,374,779,532800,42.2882225,-83.71722,7.0,0.870000004768,0.0,0.0,,,,,,,,,0.0,,-3.125,
10.0280050741,374,779,534000,42.2882238889,-83.7173233333,7.0,0.870000004768,0.0,0.0,,,,,,,,,0.0,,-3.125,
10.0280050741,374,779,534200,42.2882238889,-83.7173233333,8.0,0.870000004768,0.0,0.0,,,,,,,,,0.0,,-3.125,
10.0280050741,374,779,535200,42.2882238889,-83.7173233333,12.0,0.870000004768,0.0,0.0,,,,,,,,,0.0,,-3.125,
10.0280050741,374,779,537000,42.2881772222,-83.7174169444,12.0,0.870000004768,0.0,0.0,,,,,,,,,0.0,,-3.125,
10.0280050741,374,779,540000,42.2880922222,-83.7174411111,12.0,0.870000004768,0.0,0.0,,,,,,,,,0.0,,-3.125,
10.0280050741,374,779,540800,42.2880922222,-83.7174411111,13.0,0.870000004768,0.0,0.0,,,,,,,,,0.0,,-3.125,
10.0280050741,374,779,542800,42.2880922222,-83.7174411111,15.0,0.870000004768,0.0,0.0,,,,,,,,,0.0,,-3.125,
10.0280050741,374,779,543000,42.2880194444,-83.7173463889,15.0,0.870000004768,0.0,0.0,,,,,,,,,0.0,,-3.125,
10.0280050741,374,779,543900,42.2880194444,-83.7173463889,18.0,0.870000004768,0.0,0.0,,,,,,,,,0.0,,-3.125,
10.0280050741,374,779,545300,42.2880194444,-83.7173463889,21.0,0.870000004768,0.0,0.0,,,,,,,,,0.0,,-3.125,
10.0280050741,374,779,546300,42.2880194444,-83.7173463889,22.0,0.870000004768,0.0,0.0,,,,,,,,,0.0,,-3.125,
10.0280050741,374,779,547000,42.2879208333,-83.71708,22.0,0.870000004768,0.0,0.0,,,,,,,,,0.0,,-3.125,
10.0280050741,374,779,547300,42.2879208333,-83.71708,24.0,0.870000004768,0.0,0.0,,,,,,,,,0.0,,-3.125,
10.0280050741,374,779,550100,42.2878294444,-83.7168683333,24.0,0.870000004768,0.0,0.0,,,,,,,,,0.0,,-3.125,
10.0280050741,374,779,550800,42.2878294444,-83.7168683333,23.0,0.870000004768,0.0,0.0,,,,,,,,,0.0,,-3.125,
10.0280050741,374,779,553000,42.2878294444,-83.7168683333,20.0,0.870000004768,0.0,0.0,,,,,,,,,0.0,,-3.125,
10.0280050741,374,779,553100,42.2876869444,-83.7167763889,20.0,0.870000004768,0.0,0.0,,,,,,,,,0.0,,-3.125,
10.0280050741,374,779,554000,42.2876869444,-83.7167763889,11.0,0.870000004768,0.0,0.0,,,,,,,,,0.0,,-3.125,
10.0280050741,374,779,555100,42.2876869444,-83.7167763889,7.0,0.870000004768,0.0,0.0,,,,,,,,,0.0,,-3.125,
10.0280050741,374,779,556000,42.28761,-83.7167686111,7.0,0.870000004768,0.0,0.0,,,,,,,,,0.0,,-3.125,
10.0280050741,374,779,557500,42.28761,-83.7167686111,5.0,2.8599998951,942.0,0.0,,,,,,,,,0.0,,-3.125,
10.0280050741,374,779,558600,42.28761,-83.7167686111,11.0,2.8599998951,942.0,0.0,,,,,,,,,0.0,,-3.125,
10.0280050741,374,779,559000,42.28761,-83.7167686111,11.0,2.8599998951,942.0,24.3137264252,,,,,,,,,0.0,,-3.125,
10.0280050741,374,779,559100,42.287545,-83.7167422222,11.0,2.8599998951,942.0,24.3137264252,,,,,,,,,0.0,,-3.125,
10.0280050741,374,779,559500,42.287545,-83.7167422222,11.0,4.76000022888,1244.0,24.3137264252,,,,,,,,,0.0,,-3.125,
10.0280050741,374,779,559600,42.287545,-83.7167422222,14.0,4.76000022888,1244.0,24.3137264252,,,,,,,,,0.0,,-3.125,
10.0280050741,374,779,560900,42.287545,-83.7167422222,19.0,4.76000022888,1244.0,24.3137264252,,,,,,,,,0.0,,-3.125,
10.0280050741,374,779,562100,42.2874830556,-83.7165727778,19.0,4.76000022888,1244.0,24.3137264252,,,,,,,,,0.0,,-3.125,
10.0280050741,374,779,562200,42.2874830556,-83.7165727778,19.0,9.01000022888,974.0,24.3137264252,,,,,,,,,0.0,,-3.125,
10.0280050741,374,779,563200,42.2874830556,-83.7165727778,28.0,9.01000022888,974.0,24.3137264252,,,,,,,,,0.0,,-3.125,
10.0280050741,374,779,564000,42.2874830556,-83.7165727778,28.0,9.01000022888,974.0,62.3529434204,,,,,,,,,0.0,,-3.125,
10.0280050741,374,779,564200,42.2874830556,-83.7165727778,33.0,25.3199996948,1908.0,62.3529434204,,,,,,,,,0.0,,-3.125,
10.0280050741,374,779,565300,42.2874830556,-83.7165727778,35.0,25.3199996948,1908.0,62.3529434204,,,,,,,,,0.0,,-3.125,
10.0280050741,374,779,566000,42.2874836111,-83.7161366667,35.0,25.3199996948,1908.0,62.3529434204,,,,,,,,,0.0,,-3.125,
10.0280050741,374,779,566700,42.2874836111,-83.7161366667,38.0,24.3199996948,2020.0,62.3529434204,,,,,,,,,0.0,,-3.125,
10.0280050741,374,779,567700,42.2874836111,-83.7161366667,41.0,24.3199996948,2020.0,62.3529434204,,,,,,,,,0.0,,-3.125,
10.0280050741,374,779,568600,42.2874836111,-83.7161366667,41.0,15.0799999237,1588.0,62.3529434204,,,,,,,,,0.0,,-3.125,
10.0280050741,374,779,568700,42.2874836111,-83.7161366667,42.0,15.0799999237,1588.0,62.3529434204,,,,,,,,,0.0,,-3.125,
10.0280050741,374,779,569000,42.2874944444,-83.7157286111,42.0,15.0799999237,1588.0,54.509803772,,,,,,,,,0.0,,-3.125,
10.0280050741,374,779,569800,42.2874944444,-83.7157286111,43.0,15.0799999237,1588.0,54.509803772,,,,,,,,,0.0,,-3.125,
10.0280050741,374,779,570600,42.2874944444,-83.7157286111,43.0,14.4099998474,1518.0,54.509803772,,,,,,,,,-0.78125,,-3.125,
10.0280050741,374,779,570800,42.2874944444,-83.7157286111,44.0,14.4099998474,1518.0,54.509803772,,,,,,,,,-0.78125,,-3.125,
10.0280050741,374,779,572100,42.2875047222,-83.7152808333,44.0,14.4099998474,1518.0,54.509803772,,,,,,,,,-0.78125,,-3.125,
10.0280050741,374,779,572200,42.2875047222,-83.7152808333,45.0,14.4099998474,1518.0,54.509803772,,,,,,,,,-0.78125,,-3.125,
10.0280050741,374,779,573000,42.2875047222,-83.7152808333,45.0,1.62999999523,898.0,54.509803772,,,,,,,,,-0.78125,,-3.125,
10.0280050741,374,779,573200,42.2875047222,-83.7152808333,46.0,1.62999999523,898.0,54.509803772,,,,,,,,,-0.78125,,-3.125,
10.0280050741,374,779,574100,42.2875047222,-83.7152808333,46.0,1.62999999523,898.0,11.372549057,,,,,,,,,-0.78125,,-3.125,
10.0280050741,374,779,575100,42.2875047222,-83.7152808333,46.0,2.84999990463,900.0,11.372549057,,,,,,,,,-0.78125,,-3.125,
10.0280050741,374,779,575300,42.2875047222,-83.7152808333,47.0,2.84999990463,900.0,11.372549057,,,,,,,,,-0.78125,,-3.125,
10.0280050741,374,779,576100,42.2875169444,-83.7146441667,47.0,2.84999990463,900.0,11.372549057,,,,,,,,,0.0,,-3.125,
10.0280050741,374,779,576300,42.2875169444,-83.7146441667,49.0,2.84999990463,900.0,11.372549057,,,,,,,,,0.0,,-3.125,
10.0280050741,374,779,577100,42.2875169444,-83.7146441667,49.0,0.870000004768,0.0,11.372549057,,,,,,,,,0.0,,-3.125,
10.0280050741,374,779,577700,42.2875169444,-83.7146441667,50.0,0.870000004768,0.0,11.372549057,,,,,,,,,0.0,,-3.125,
10.0280050741,374,779,578700,42.2875169444,-83.7146441667,52.0,0.870000004768,0.0,11.372549057,,,,,,,,,0.0,,-3.125,
10.0280050741,374,779,579000,42.2875361111,-83.7141361111,52.0,0.870000004768,0.0,11.372549057,,,,,,,,,0.0,,-3.125,
10.0280050741,374,779,579500,42.2875361111,-83.7141361111,52.0,0.870000004768,0.0,0.0,,,,,,,,,0.0,,-3.125,
10.0280050741,374,779,582100,42.2875477778,-83.7136183333,52.0,0.870000004768,0.0,0.0,,,,,,,,,0.0,,-3.125,
10.0280050741,374,779,583200,42.2875477778,-83.7136183333,51.0,0.870000004768,0.0,0.0,,,,,,,,,0.0,,-3.125,
10.0280050741,374,779,584300,42.2875477778,-83.7136183333,49.0,0.870000004768,0.0,0.0,,,,,,,,,0.0,,-3.125,
10.0280050741,374,779,585100,42.287525,-83.7131069444,49.0,0.870000004768,0.0,0.0,,,,,,,,,0.0,,-3.125,
10.0280050741,374,779,585400,42.287525,-83.7131069444,48.0,0.870000004768,0.0,0.0,,,,,,,,,0.0,,-3.125,
10.0280050741,374,779,586400,42.287525,-83.7131069444,46.0,0.870000004768,0.0,0.0,,,,,,,,,0.0,,-3.125,
10.0280050741,374,779,587500,42.287525,-83.7131069444,44.0,0.870000004768,0.0,0.0,,,,,,,,,0.0,,-3.125,
10.0280050741,374,779,588000,42.2874566667,-83.7126583333,44.0,0.870000004768,0.0,0.0,,,,,,,,,0.0,,-3.125,
10.0280050741,374,779,588900,42.2874566667,-83.7126583333,39.0,0.870000004768,0.0,0.0,,,,,,,,,0.0,,-3.125,
10.0280050741,374,779,589900,42.2874566667,-83.7126583333,30.0,0.870000004768,0.0,0.0,,,,,,,,,0.0,,-3.125,
10.0280050741,374,779,591300,42.2874566667,-83.7126583333,17.0,0.870000004768,0.0,0.0,,,,,,,,,0.0,,-3.125,
10.0280050741,374,779,592000,42.2873711111,-83.71235,17.0,0.870000004768,0.0,0.0,,,,,,,,,0.0,,-3.125,
10.0280050741,374,779,592300,42.2873711111,-83.71235,10.0,0.870000004768,0.0,0.0,,,,,,,,,0.0,,-3.125,
10.0280050741,374,779,593300,42.2873711111,-83.71235,3.0,0.870000004768,0.0,0.0,,,,,,,,,0.0,,-3.125,
10.0280050741,374,779,595800,42.2873711111,-83.71235,0.0,0.870000004768,0.0,0.0,,,,,,,,,0.0,,-3.125,
10.0280050741,374,779,612000,42.2873733333,-83.7123344444,0.0,0.870000004768,0.0,0.0,,,,,,,,,0.0,,-3.125,
10.0280050741,374,779,614300,42.2873733333,-83.7123344444,10.0,0.870000004768,0.0,0.0,,,,,,,,,0.0,,-3.125,
10.0280050741,374,779,615000,42.2873566667,-83.7122894444,10.0,0.870000004768,0.0,0.0,,,,,,,,,0.0,,-3.125,
10.0280050741,374,779,616400,42.2873566667,-83.7122894444,17.0,0.870000004768,0.0,0.0,,,,,,,,,0.0,,-3.125,
10.0280050741,374,779,617400,42.2873566667,-83.7122894444,22.0,0.870000004768,0.0,0.0,,,,,,,,,0.0,,-3.125,
10.0280050741,374,779,618000,42.2873286111,-83.7120925,22.0,0.870000004768,0.0,0.0,,,,,,,,,0.0,,-3.125,
10.0280050741,374,779,618500,42.2873286111,-83.7120925,24.0,0.870000004768,0.0,0.0,,,,,,,,,0.0,,-3.125,
10.0280050741,374,779,619900,42.2873286111,-83.7120925,27.0,0.870000004768,0.0,0.0,,,,,,,,,0.0,,-3.125,
10.0280050741,374,779,621000,42.2874263889,-83.7118558333,29.0,0.870000004768,0.0,0.0,,,,,,,,,0.0,,-3.125,
10.0280050741,374,779,622100,42.2874263889,-83.7118558333,30.0,0.870000004768,0.0,0.0,,,,,,,,,0.0,,-3.125,
10.0280050741,374,779,624000,42.2875463889,-83.7115952778,30.0,0.870000004768,0.0,0.0,,,,,,,,,0.0,,-3.125,
10.0280050741,374,779,624800,42.2875463889,-83.7115952778,31.0,0.870000004768,0.0,0.0,,,,,,,,,0.0,,-3.125,
10.0280050741,374,779,625800,42.2875463889,-83.7115952778,31.0,23.7800006866,1939.0,0.0,,,,,,,,,0.0,,-3.125,
10.0280050741,374,779,625900,42.2875463889,-83.7115952778,38.0,23.7800006866,1939.0,0.0,,,,,,,,,0.0,,-3.125,
10.0280050741,374,779,627000,42.2876016667,-83.7112455556,38.0,23.7800006866,1939.0,0.0,,,,,,,,,0.0,,-3.125,
10.0280050741,374,779,627900,42.2876016667,-83.7112455556,40.0,30.1100006104,1978.0,74.1176452637,,,,,,,,,0.0,,-3.125,
10.0280050741,374,779,629000,42.2876016667,-83.7112455556,43.0,30.1100006104,1978.0,74.1176452637,,,,,,,,,0.0,,-3.125,
10.0280050741,374,779,630300,42.2876016667,-83.7112455556,45.0,23.2600002289,1792.0,74.1176452637,,,,,,,,,0.0,,-3.125,
10.0280050741,374,779,631000,42.2876358333,-83.7106788889,45.0,23.2600002289,1792.0,74.1176452637,,,,,,,,,0.0,,-3.125,
10.0280050741,374,779,631300,42.2876358333,-83.7106788889,46.0,23.2600002289,1792.0,74.1176452637,,,,,,,,,0.0,,-3.125,
10.0280050741,374,779,632300,42.2876358333,-83.7106788889,47.0,5.40999984741,0.0,74.1176452637,,,,,,,,,0.0,,-3.125,
10.0280050741,374,779,633400,42.2876358333,-83.7106788889,48.0,5.40999984741,0.0,0.0,,,,,,,,,3.125,,-3.125,
10.0280050741,374,779,634100,42.2876505556,-83.7102,48.0,5.40999984741,0.0,0.0,,,,,,,,,3.125,,-3.125,
10.0280050741,374,779,634400,42.2876505556,-83.7102,49.0,31.4599990845,2164.0,0.0,,,,,,,,,3.125,,-3.125,
10.0280050741,374,779,635800,42.2876505556,-83.7102,52.0,31.4599990845,2164.0,0.0,,,,,,,,,3.125,,-3.125,
10.0280050741,374,779,636800,42.2876505556,-83.7102,53.0,24.9699993134,1830.0,0.0,,,,,,,,,3.125,,-3.125,
10.0280050741,374,779,637000,42.2876758333,-83.7096825,53.0,24.9699993134,1830.0,0.0,,,,,,,,,3.125,,-3.125,
10.0280050741,374,779,637900,42.2876758333,-83.7096825,54.0,24.9699993134,1830.0,0.0,,,,,,,,,3.125,,-3.125,
10.0280050741,374,779,638900,42.2876758333,-83.7096825,55.0,26.8500003815,1922.0,70.1960830688,,,,,,,,,0.0,,-3.125,
10.0280050741,374,779,639900,42.2876758333,-83.7096825,56.0,26.8500003815,1922.0,70.1960830688,,,,,,,,,0.0,,-3.125,
10.0280050741,374,779,641000,42.2877102778,-83.7089866667,56.0,26.8500003815,1922.0,70.1960830688,,,,,,,,,0.0,,-3.125,
10.0280050741,374,779,641300,42.2877102778,-83.7089866667,58.0,29.3500003815,2012.0,70.1960830688,,,,,,,,,0.0,,-3.125,
10.0280050741,374,779,642300,42.2877102778,-83.7089866667,59.0,29.3500003815,2012.0,70.1960830688,,,,,,,,,0.0,,-3.125,
10.0280050741,374,779,643400,42.2877102778,-83.7089866667,60.0,28.9699993134,2060.0,70.1960830688,,,,,,,,,0.0,,-3.125,
10.0280050741,374,779,643900,42.2877102778,-83.7089866667,60.0,28.9699993134,2060.0,69.0196075439,,,,,,,,,0.0,,-3.125,
10.0280050741,374,779,644000,42.2877327778,-83.7084075,60.0,28.9699993134,2060.0,69.0196075439,,,,,,,,,0.0,,-3.125,
10.0280050741,374,779,645800,42.2877327778,-83.7084075,60.0,26.4699993134,1906.0,69.0196075439,,,,,,,,,0.0,,-3.125,
10.0280050741,374,779,647000,42.2877666667,-83.7078161111,60.0,26.4699993134,1906.0,69.0196075439,,,,,,,,,0.0,,-3.125,
10.0280050741,374,779,647100,42.2877666667,-83.7078161111,59.0,26.4699993134,1906.0,69.0196075439,,,,,,,,,0.0,,-3.125,
10.0280050741,374,779,648200,42.2877666667,-83.7078161111,59.0,28.6000003815,2030.0,69.0196075439,,,,,,,,,0.0,,-3.125,
10.0280050741,374,779,649200,42.2877666667,-83.7078161111,58.0,28.6000003815,2030.0,63.5294113159,,,,,,,,,1.5625,,-3.125,
10.0280050741,374,779,650100,42.2877877778,-83.7072119444,58.0,28.6000003815,2030.0,63.5294113159,,,,,,,,,1.5625,,-3.125,
10.0280050741,374,779,650300,42.2877877778,-83.7072119444,57.0,5.38000011444,1406.0,63.5294113159,,,,,,,,,1.5625,,-3.125,
10.0280050741,374,779,651400,42.2877877778,-83.7072119444,56.0,5.38000011444,1406.0,63.5294113159,,,,,,,,,1.5625,,-3.125,
10.0280050741,374,779,652300,42.2877877778,-83.7072119444,56.0,0.870000004768,0.0,63.5294113159,,,,,,,,,1.5625,,-3.125,
10.0280050741,374,779,652900,42.2877877778,-83.7072119444,55.0,0.870000004768,0.0,63.5294113159,,,,,,,,,1.5625,,-3.125,
10.0280050741,374,779,653000,42.2878194444,-83.7066319444,55.0,0.870000004768,0.0,63.5294113159,,,,,,,,,1.5625,,-3.125,
10.0280050741,374,779,654000,42.2878194444,-83.7066319444,56.0,0.870000004768,0.0,63.5294113159,,,,,,,,,1.5625,,-3.125,
10.0280050741,374,779,654300,42.2878194444,-83.7066319444,56.0,0.870000004768,0.0,0.0,,,,,,,,,0.0,,-3.125,
10.0280050741,374,779,655100,42.2878194444,-83.7066319444,57.0,0.870000004768,0.0,0.0,,,,,,,,,0.0,,-3.125,
10.0280050741,374,779,656100,42.2878483333,-83.7060216667,59.0,0.870000004768,0.0,0.0,,,,,,,,,0.0,,-3.125,
10.0280050741,374,779,657600,42.2878483333,-83.7060216667,60.0,0.870000004768,0.0,0.0,,,,,,,,,0.0,,-3.125,
10.0280050741,374,779,659000,42.2878625,-83.7053836111,60.0,0.870000004768,0.0,0.0,,,,,,,,,0.0,,-3.125,
10.0280050741,374,779,659700,42.2878625,-83.7053836111,62.0,0.870000004768,0.0,0.0,,,,,,,,,0.0,,-3.125,
10.0280050741,374,779,663100,42.2878694444,-83.7045433333,62.0,0.870000004768,0.0,0.0,,,,,,,,,0.0,,-3.125,
10.0280050741,374,779,663300,42.2878694444,-83.7045433333,56.0,0.870000004768,0.0,0.0,,,,,,,,,0.0,,-3.125,
10.0280050741,374,779,664400,42.2878694444,-83.7045433333,50.0,0.870000004768,0.0,0.0,,,,,,,,,0.0,,-3.125,
10.0280050741,374,779,665400,42.2878694444,-83.7045433333,42.0,0.870000004768,0.0,0.0,,,,,,,,,0.0,,-3.125,
10.0280050741,374,779,666000,42.287865,-83.7040952778,42.0,0.870000004768,0.0,0.0,,,,,,,,,0.0,,-3.125,
10.0280050741,374,779,666400,42.287865,-83.7040952778,32.0,0.870000004768,0.0,0.0,,,,,,,,,0.0,,-3.125,
10.0280050741,374,779,667800,42.287865,-83.7040952778,23.0,0.870000004768,0.0,0.0,,,,,,,,,0.0,,-3.125,
10.0280050741,374,779,668800,42.287865,-83.7040952778,15.0,0.870000004768,0.0,0.0,,,,,,,,,0.0,,-3.125,
10.0280050741,374,779,669000,42.2878730556,-83.7038958333,15.0,0.870000004768,0.0,0.0,,,,,,,,,0.0,,-3.125,
10.0280050741,374,779,669700,42.2878730556,-83.7038958333,15.0,0.870000004768,0.0,0.0,,,,,,,,,0.0,,-3.125,
10.0280050741,374,779,669900,42.2878730556,-83.7038958333,11.0,0.870000004768,0.0,0.0,,,,,,,,,0.0,,-3.125,
10.0280050741,374,779,670900,42.2878730556,-83.7038958333,14.0,0.870000004768,0.0,0.0,,,,,,,,,0.0,,-3.125,
10.0280050741,374,779,672000,42.2878269444,-83.7037391667,18.0,0.870000004768,0.0,0.0,,,,,,,,,0.0,,-3.125,
10.0280050741,374,779,673300,42.2878269444,-83.7037391667,23.0,0.870000004768,0.0,0.0,,,,,,,,,0.0,,-3.125,
10.0280050741,374,779,674100,42.2878269444,-83.7037391667,23.0,30.9200000763,2006.0,0.0,,,,,,,,,0.0,,-3.90625,
10.0280050741,374,779,674400,42.2878269444,-83.7037391667,29.0,30.9200000763,2006.0,0.0,,,,,,,,,0.0,,-3.90625,
10.0280050741,374,779,675100,42.2876266667,-83.7035980556,29.0,30.9200000763,2006.0,0.0,,,,,,,,,0.0,,-3.90625,
10.0280050741,374,779,675200,42.2876266667,-83.7035980556,29.0,30.9200000763,2006.0,67.4509811401,,,,,,,,,0.0,,-3.90625,
10.0280050741,374,779,675700,42.2876266667,-83.7035980556,34.0,30.9200000763,2006.0,67.4509811401,,,,,,,,,0.0,,-3.90625,
10.0280050741,374,779,676500,42.2876266667,-83.7035980556,34.0,8.34000015259,1506.0,67.4509811401,,,,,,,,,0.0,,-3.90625,
10.0280050741,374,779,676800,42.2876266667,-83.7035980556,38.0,8.34000015259,1506.0,67.4509811401,,,,,,,,,0.0,,-3.90625,
10.0280050741,374,779,678500,42.2876266667,-83.7035980556,38.0,0.870000004768,0.0,67.4509811401,,,,,,,,,0.0,,-3.90625,
10.0280050741,374,779,679100,42.2872644444,-83.70347,38.0,0.870000004768,0.0,67.4509811401,,,,,,,,,0.0,,-3.90625,
10.0280050741,374,779,679200,42.2872644444,-83.70347,36.0,0.870000004768,0.0,67.4509811401,,,,,,,,,0.0,,-3.90625,
10.0280050741,374,779,680200,42.2872644444,-83.70347,32.0,0.870000004768,0.0,0.0,,,,,,,,,0.0,,-3.90625,
10.0280050741,374,779,681300,42.2872644444,-83.70347,27.0,0.870000004768,0.0,0.0,,,,,,,,,0.0,,-3.90625,
10.0280050741,374,779,682000,42.2870569444,-83.7033752778,27.0,0.870000004768,0.0,0.0,,,,,,,,,0.0,,-3.90625,
10.0280050741,374,779,682300,42.2870569444,-83.7033752778,21.0,0.870000004768,0.0,0.0,,,,,,,,,0.0,,-3.90625,
10.0280050741,374,779,684000,42.2870569444,-83.7033752778,19.0,0.870000004768,0.0,0.0,,,,,,,,,0.0,,-3.90625,
10.0280050741,374,779,685000,42.2870111111,-83.7032438889,19.0,0.870000004768,0.0,0.0,,,,,,,,,0.0,,-3.90625,
10.0280050741,374,779,685500,42.2870111111,-83.7032438889,11.0,0.870000004768,0.0,0.0,,,,,,,,,0.0,,-3.90625,
10.0280050741,374,779,686700,42.2870111111,-83.7032438889,14.0,0.870000004768,0.0,0.0,,,,,,,,,0.0,,-3.90625,
10.0280050741,374,779,687700,42.2870111111,-83.7032438889,18.0,0.870000004768,0.0,0.0,,,,,,,,,0.0,,-3.90625,
10.0280050741,374,779,688000,42.2870994444,-83.7031636111,18.0,0.870000004768,0.0,0.0,,,,,,,,,0.0,,-3.90625,
10.0280050741,374,779,688800,42.2870994444,-83.7031636111,22.0,2.94000005722,898.0,0.0,,,,,,,,,0.0,,-3.90625,
10.0280050741,374,779,690300,42.2870994444,-83.7031636111,27.0,2.94000005722,898.0,0.0,,,,,,,,,0.0,,-3.90625,
10.0280050741,374,779,690500,42.2870994444,-83.7031636111,27.0,2.94000005722,898.0,70.1960830688,,,,,,,,,0.0,,-3.90625,
10.0280050741,374,779,691100,42.2873083333,-83.7031747222,27.0,2.94000005722,898.0,70.1960830688,,,,,,,,,0.0,,-3.90625,
10.0280050741,374,779,691300,42.2873083333,-83.7031747222,32.0,21.7399997711,1770.0,70.1960830688,,,,,,,,,0.0,,-3.90625,
10.0280050741,374,779,692300,42.2873083333,-83.7031747222,35.0,21.7399997711,1770.0,70.1960830688,,,,,,,,,0.0,,-3.90625,
10.0280050741,374,779,693400,42.2873083333,-83.7031747222,35.0,2.08999991417,1092.0,70.1960830688,,,,,,,,,0.0,,-3.90625,
10.0280050741,374,779,694000,42.2875652778,-83.7032272222,35.0,2.08999991417,1092.0,70.1960830688,,,,,,,,,0.0,,-3.90625,
10.0280050741,374,779,694400,42.2875652778,-83.7032272222,34.0,2.08999991417,1092.0,70.1960830688,,,,,,,,,0.0,,-3.90625,
10.0280050741,374,779,695800,42.2875652778,-83.7032272222,26.0,0.870000004768,0.0,0.0,,,,,,,,,0.0,,-3.90625,
10.0280050741,374,779,696800,42.2875652778,-83.7032272222,19.0,0.870000004768,0.0,0.0,,,,,,,,,0.0,,-3.90625,
10.0280050741,374,779,697900,42.2875652778,-83.7032272222,18.0,0.870000004768,0.0,0.0,,,,,,,,,0.0,,-3.90625,
10.0280050741,374,779,698000,42.2877947222,-83.7032352778,18.0,0.870000004768,0.0,0.0,,,,,,,,,0.0,,-3.90625,
10.0280050741,374,779,699900,42.2877947222,-83.7032352778,21.0,2.65000009537,752.0,0.0,,,,,,,,,0.0,,-3.90625,
10.0280050741,374,779,701000,42.2878652778,-83.7030358333,21.0,2.65000009537,752.0,0.0,,,,,,,,,0.0,,-3.90625,
10.0280050741,374,779,701300,42.2878652778,-83.7030358333,28.0,2.65000009537,752.0,72.9411773682,,,,,,,,,0.0,,-3.90625,
10.0280050741,374,779,702300,42.2878652778,-83.7030358333,33.0,31.6900005341,2044.0,72.9411773682,,,,,,,,,0.0,,-3.90625,
10.0280050741,374,779,703400,42.2878652778,-83.7030358333,36.0,31.6900005341,2044.0,72.9411773682,,,,,,,,,0.0,,-3.90625,
10.0280050741,374,779,704000,42.2878661111,-83.7026833333,36.0,31.6900005341,2044.0,72.9411773682,,,,,,,,,0.0,,-3.90625,
10.0280050741,374,779,704400,42.2878661111,-83.7026833333,39.0,31.1900005341,2058.0,72.9411773682,,,,,,,,,0.0,,-3.90625,
10.0280050741,374,779,705500,42.2878661111,-83.7026833333,43.0,31.1900005341,2058.0,72.9411773682,,,,,,,,,0.0,,-3.90625,
10.0280050741,374,779,706600,42.2878661111,-83.7026833333,43.0,28.75,2116.0,67.4509811401,,,,,,,,,0.78125,,-3.90625,
10.0280050741,374,779,707100,42.2878866667,-83.7022383333,43.0,28.75,2116.0,67.4509811401,,,,,,,,,0.78125,,-3.90625,
10.0280050741,374,779,707600,42.2878866667,-83.7022383333,47.0,28.75,2116.0,67.4509811401,,,,,,,,,0.78125,,-3.90625,
10.0280050741,374,779,708600,42.2878866667,-83.7022383333,48.0,28.6200008392,2017.0,67.4509811401,,,,,,,,,0.78125,,-3.90625,
10.0280050741,374,779,710000,42.2879152778,-83.7017622222,48.0,28.6200008392,2017.0,67.4509811401,,,,,,,,,0.78125,,-3.90625,
10.0280050741,374,779,710600,42.2879152778,-83.7017622222,48.0,29.5300006866,2024.0,67.4509811401,,,,,,,,,0.78125,,-3.90625,
10.0280050741,374,779,711100,42.2879152778,-83.7017622222,49.0,29.5300006866,2024.0,67.4509811401,,,,,,,,,0.78125,,-3.90625,
10.0280050741,374,779,711900,42.2879152778,-83.7017622222,49.0,29.5300006866,2024.0,69.0196075439,,,,,,,,,-1.5625,,-3.90625,
10.0280050741,374,779,712100,42.2879152778,-83.7017622222,48.0,29.5300006866,2024.0,69.0196075439,,,,,,,,,-1.5625,,-3.90625,
10.0280050741,374,779,712900,42.2879152778,-83.7017622222,48.0,23.7299995422,1896.0,69.0196075439,,,,,,,,,-1.5625,,-3.90625,
10.0280050741,374,779,713000,42.28795,-83.7013044444,48.0,23.7299995422,1896.0,69.0196075439,,,,,,,,,-1.5625,,-3.90625,
10.0280050741,374,779,714200,42.28795,-83.7013044444,46.0,23.7299995422,1896.0,69.0196075439,,,,,,,,,-1.5625,,-3.90625,
10.0280050741,374,779,715000,42.28795,-83.7013044444,46.0,23.6900005341,1792.0,69.0196075439,,,,,,,,,-1.5625,,-3.90625,
10.0280050741,374,779,715200,42.28795,-83.7013044444,45.0,23.6900005341,1792.0,69.0196075439,,,,,,,,,-1.5625,,-3.90625,
10.0280050741,374,779,716600,42.28795,-83.7013044444,43.0,23.6900005341,1792.0,69.0196075439,,,,,,,,,-1.5625,,-3.90625,
10.0280050741,374,779,716900,42.28795,-83.7013044444,43.0,23.6900005341,1792.0,25.490196228,,,,,,,,,-1.5625,,-3.90625,
10.0280050741,374,779,717000,42.2880277778,-83.7007341667,43.0,23.6900005341,1792.0,25.490196228,,,,,,,,,-1.5625,,-3.90625,
10.0280050741,374,779,717400,42.2880277778,-83.7007341667,43.0,5.36999988556,1252.0,25.490196228,,,,,,,,,-1.5625,,-3.90625,
10.0280050741,374,779,717600,42.2880277778,-83.7007341667,41.0,5.36999988556,1252.0,25.490196228,,,,,,,,,-1.5625,,-3.90625,
10.0280050741,374,779,718700,42.2880277778,-83.7007341667,39.0,5.36999988556,1252.0,25.490196228,,,,,,,,,-1.5625,,-3.90625,
10.0280050741,374,779,719500,42.2880277778,-83.7007341667,39.0,0.870000004768,0.0,25.490196228,,,,,,,,,-1.5625,,-3.90625,
10.0280050741,374,779,719800,42.2880277778,-83.7007341667,37.0,0.870000004768,0.0,25.490196228,,,,,,,,,-1.5625,,-3.90625,
10.0280050741,374,779,720000,42.2880811111,-83.7003355556,37.0,0.870000004768,0.0,25.490196228,,,,,,,,,-1.5625,,-3.90625,
10.0280050741,374,779,722300,42.2880811111,-83.7003355556,37.0,0.870000004768,0.0,0.0,,,,,,,,,0.0,,-3.90625,
10.0280050741,374,779,723100,42.2880847222,-83.6999580556,37.0,0.870000004768,0.0,0.0,,,,,,,,,0.0,,-3.90625,
10.0280050741,374,779,723300,42.2880847222,-83.6999580556,34.0,0.870000004768,0.0,0.0,,,,,,,,,0.0,,-3.90625,
10.0280050741,374,779,724400,42.2880847222,-83.6999580556,29.0,0.870000004768,0.0,0.0,,,,,,,,,0.0,,-3.90625,
10.0280050741,374,779,725400,42.2880847222,-83.6999580556,21.0,0.870000004768,0.0,0.0,,,,,,,,,0.0,,-3.90625,
10.0280050741,374,779,726000,42.2880591667,-83.699745,21.0,0.870000004768,0.0,0.0,,,,,,,,,0.0,,-3.90625,
10.0280050741,374,779,726400,42.2880591667,-83.699745,12.0,0.870000004768,0.0,0.0,,,,,,,,,0.0,,-3.90625,
10.0280050741,374,779,728600,42.2880591667,-83.699745,12.0,23.1599998474,1826.0,0.0,,,,,,,,,0.0,,-3.90625,
10.0280050741,374,779,728800,42.2880591667,-83.699745,19.0,23.1599998474,1826.0,0.0,,,,,,,,,0.0,,-3.90625,
10.0280050741,374,779,729000,42.2880394444,-83.6995794444,19.0,23.1599998474,1826.0,0.0,,,,,,,,,0.0,,-3.90625,
10.0280050741,374,779,729900,42.2880394444,-83.6995794444,25.0,23.1599998474,1826.0,0.0,,,,,,,,,0.0,,-3.90625,
10.0280050741,374,779,730700,42.2880394444,-83.6995794444,25.0,24.8899993896,1846.0,0.0,,,,,,,,,0.0,,-3.90625,
10.0280050741,374,779,730900,42.2880394444,-83.6995794444,34.0,24.8899993896,1846.0,0.0,,,,,,,,,0.0,,-3.90625,
10.0280050741,374,779,732000,42.2880002778,-83.6992691667,34.0,24.8899993896,1846.0,0.0,,,,,,,,,0.0,,-3.90625,
10.0280050741,374,779,732800,42.2880002778,-83.6992691667,34.0,21.3899993896,1740.0,59.2156867981,,,,,,,,,0.0,,-3.90625,
10.0280050741,374,779,733300,42.2880002778,-83.6992691667,36.0,21.3899993896,1740.0,59.2156867981,,,,,,,,,0.0,,-3.90625,
10.0280050741,374,779,734400,42.2880002778,-83.6992691667,39.0,21.3899993896,1740.0,59.2156867981,,,,,,,,,0.0,,-3.90625,
10.0280050741,374,779,735200,42.2880002778,-83.6992691667,39.0,16.6100006104,1578.0,59.2156867981,,,,,,,,,0.0,,-3.90625,
10.0280050741,374,779,735400,42.2880002778,-83.6992691667,40.0,16.6100006104,1578.0,59.2156867981,,,,,,,,,0.0,,-3.90625,
10.0280050741,374,779,736000,42.2879472222,-83.6987425,40.0,16.6100006104,1578.0,59.2156867981,,,,,,,,,0.0,,-3.90625,
10.0280050741,374,779,736800,42.2879472222,-83.6987425,42.0,16.6100006104,1578.0,59.2156867981,,,,,,,,,0.0,,-3.90625,
10.0280050741,374,779,737600,42.2879472222,-83.6987425,42.0,2.04999995232,870.0,59.2156867981,,,,,,,,,0.0,,-3.90625,
10.0280050741,374,779,737800,42.2879472222,-83.6987425,45.0,2.04999995232,870.0,21.5686283112,,,,,,,,,0.78125,,-3.90625,
10.0280050741,374,779,739100,42.2879236111,-83.6982808333,45.0,2.04999995232,870.0,21.5686283112,,,,,,,,,0.78125,,-3.90625,
10.0280050741,374,779,739200,42.2879236111,-83.6982808333,46.0,2.04999995232,870.0,21.5686283112,,,,,,,,,0.78125,,-3.90625,
10.0280050741,374,779,740000,42.2879236111,-83.6982808333,46.0,0.870000004768,0.0,21.5686283112,,,,,,,,,0.78125,,-3.90625,
10.0280050741,374,779,740200,42.2879236111,-83.6982808333,47.0,0.870000004768,0.0,21.5686283112,,,,,,,,,0.78125,,-3.90625,
10.0280050741,374,779,741200,42.2879236111,-83.6982808333,48.0,0.870000004768,0.0,21.5686283112,,,,,,,,,0.78125,,-3.90625,
10.0280050741,374,779,742000,42.2879130556,-83.6977847222,48.0,0.870000004768,0.0,21.5686283112,,,,,,,,,0.78125,,-3.90625,
10.0280050741,374,779,742300,42.2879130556,-83.6977847222,49.0,0.870000004768,0.0,21.5686283112,,,,,,,,,0.78125,,-3.90625,
10.0280050741,374,779,743100,42.2879130556,-83.6977847222,49.0,0.870000004768,0.0,0.0,,,,,,,,,0.0,,-3.90625,
10.0280050741,374,779,745000,42.2879008333,-83.6972827778,49.0,0.870000004768,0.0,0.0,,,,,,,,,0.0,,-3.90625,
10.0280050741,374,779,746200,42.2879008333,-83.6972827778,48.0,0.870000004768,0.0,0.0,,,,,,,,,0.0,,-3.90625,
10.0280050741,374,779,748000,42.2878516667,-83.6967933333,48.0,0.870000004768,0.0,0.0,,,,,,,,,0.0,,-3.90625,
10.0280050741,374,779,751100,42.287745,-83.6963202778,48.0,0.870000004768,0.0,0.0,,,,,,,,,0.0,,-3.90625,
10.0280050741,374,779,755000,42.2876536111,-83.6956741667,48.0,0.870000004768,0.0,0.0,,,,,,,,,0.0,,-3.90625,
10.0280050741,374,779,756200,42.2876536111,-83.6956741667,49.0,0.870000004768,0.0,0.0,,,,,,,,,0.0,,-3.90625,
10.0280050741,374,779,757100,42.2876538889,-83.6953288889,49.0,0.870000004768,0.0,0.0,,,,,,,,,0.0,,-3.90625,
10.0280050741,374,779,757500,42.2876538889,-83.6953288889,51.0,0.870000004768,0.0,0.0,,,,,,,,,0.0,,-3.90625,
10.0280050741,374,779,758600,42.2876538889,-83.6953288889,50.0,2.17000007629,554.0,32.1568641663,,,,,,,,,0.0,,-3.90625,
10.0280050741,374,779,759600,42.2876538889,-83.6953288889,51.0,2.17000007629,554.0,32.1568641663,,,,,,,,,0.0,,-3.90625,
10.0280050741,374,779,760700,42.2876538889,-83.6953288889,51.0,12.4399995804,1166.0,32.1568641663,,,,,,,,,0.0,,-3.90625,
10.0280050741,374,779,761100,42.2877552778,-83.6946619444,51.0,12.4399995804,1166.0,32.1568641663,,,,,,,,,0.0,,-3.90625,
10.0280050741,374,779,763100,42.2877552778,-83.6946619444,51.0,11.9300003052,1174.0,32.1568641663,,,,,,,,,0.0,,-3.90625,
10.0280050741,374,779,764000,42.2878886111,-83.6941827778,51.0,11.9300003052,1174.0,32.1568641663,,,,,,,,,0.0,,-3.90625,
10.0280050741,374,779,764100,42.2878886111,-83.6941827778,49.0,11.9300003052,1174.0,50.1960792542,,,,,,,,,2.34375,,-3.90625,
10.0280050741,374,779,764500,42.2878886111,-83.6941827778,49.0,11.9300003052,1174.0,50.1960792542,,,,,,,,,2.34375,,-3.125,
10.0280050741,374,779,765100,42.2878886111,-83.6941827778,48.0,19.5499992371,1383.0,50.1960792542,,,,,,,,,2.34375,,-3.125,
10.0280050741,374,779,767000,42.2879786111,-83.6937091667,48.0,19.5499992371,1383.0,50.1960792542,,,,,,,,,2.34375,,-3.125,
10.0280050741,374,779,767600,42.2879786111,-83.6937091667,47.0,29.5400009155,2048.0,50.1960792542,,,,,,,,,2.34375,,-3.125,
10.0280050741,374,779,769000,42.2879786111,-83.6937091667,45.0,29.5400009155,2048.0,50.1960792542,,,,,,,,,2.34375,,-3.125,
10.0280050741,374,779,769100,42.2879786111,-83.6937091667,45.0,29.5400009155,2048.0,53.7254905701,,,,,,,,,0.78125,,-3.125,
10.0280050741,374,779,770000,42.2879786111,-83.6937091667,42.0,2.01999998093,1164.0,53.7254905701,,,,,,,,,0.78125,,-3.125,
10.0280050741,374,779,771000,42.2880336111,-83.6931286111,42.0,2.01999998093,1164.0,53.7254905701,,,,,,,,,0.78125,,-3.125,
10.0280050741,374,779,771100,42.2880336111,-83.6931286111,39.0,2.01999998093,1164.0,53.7254905701,,,,,,,,,0.78125,,-3.125,
10.0280050741,374,779,772100,42.2880336111,-83.6931286111,35.0,0.870000004768,0.0,53.7254905701,,,,,,,,,0.78125,,-3.125,
10.0280050741,374,779,773100,42.2880336111,-83.6931286111,32.0,0.870000004768,0.0,53.7254905701,,,,,,,,,0.78125,,-3.125,
10.0280050741,374,779,774000,42.2880536111,-83.6927966667,32.0,0.870000004768,0.0,53.7254905701,,,,,,,,,0.78125,,-3.125,
10.0280050741,374,779,774500,42.2880536111,-83.6927966667,28.0,0.870000004768,0.0,0.0,,,,,,,,,0.0,,-3.125,
10.0280050741,374,779,775500,42.2880536111,-83.6927966667,23.0,0.870000004768,0.0,0.0,,,,,,,,,0.0,,-3.125,
10.0280050741,374,779,776600,42.2880536111,-83.6927966667,15.0,0.870000004768,0.0,0.0,,,,,,,,,0.0,,-3.125,
10.0280050741,374,779,777000,42.2880702778,-83.6926016667,15.0,0.870000004768,0.0,0.0,,,,,,,,,0.0,,-3.125,
10.0280050741,374,779,777600,42.2880702778,-83.6926016667,8.0,0.870000004768,0.0,0.0,,,,,,,,,0.0,,-3.125,
10.0280050741,374,779,778700,42.2880702778,-83.6926016667,7.0,0.870000004768,0.0,0.0,,,,,,,,,0.0,,-3.125,
10.0280050741,374,779,780000,42.2880702778,-83.6926016667,14.0,0.870000004768,0.0,34.9019622803,,,,,,,,,0.0,,-3.125,
10.0280050741,374,779,781000,42.2880741667,-83.6924305556,14.0,0.870000004768,0.0,34.9019622803,,,,,,,,,0.0,,-3.125,
10.0280050741,374,779,781100,42.2880741667,-83.6924305556,18.0,29.2099990845,2052.0,34.9019622803,,,,,,,,,0.0,,-3.125,
10.0280050741,374,779,782100,42.2880741667,-83.6924305556,23.0,29.2099990845,2052.0,34.9019622803,,,,,,,,,0.0,,-3.125,
10.0280050741,374,779,783100,42.2880741667,-83.6924305556,28.0,32.7599983215,2179.0,34.9019622803,,,,,,,,,0.0,,-3.125,
10.0280050741,374,779,784100,42.2880716667,-83.6921525,28.0,32.7599983215,2179.0,34.9019622803,,,,,,,,,0.0,,-3.125,
10.0280050741,374,779,784200,42.2880716667,-83.6921525,33.0,32.7599983215,2179.0,34.9019622803,,,,,,,,,0.0,,-3.125,
10.0280050741,374,779,785500,42.2880716667,-83.6921525,38.0,30.2700004578,2235.0,69.0196075439,,,,,,,,,0.0,,-3.125,
10.0280050741,374,779,785600,42.2880716667,-83.6921525,38.0,30.2700004578,2235.0,69.0196075439,,,,,,,,,0.78125,,-3.125,
10.0280050741,374,779,786600,42.2880716667,-83.6921525,41.0,30.2700004578,2235.0,69.0196075439,,,,,,,,,0.78125,,-3.125,
10.0280050741,374,779,787000,42.2880794444,-83.6917563889,41.0,30.2700004578,2235.0,69.0196075439,,,,,,,,,0.78125,,-3.125,
10.0280050741,374,779,787700,42.2880794444,-83.6917563889,41.0,20.2800006866,1890.0,69.0196075439,,,,,,,,,0.78125,,-3.125,
10.0280050741,374,779,788800,42.2880794444,-83.6917563889,45.0,20.2800006866,1890.0,69.0196075439,,,,,,,,,0.78125,,-3.125,
10.0280050741,374,779,789900,42.2880794444,-83.6917563889,47.0,20.0400009155,1742.0,69.0196075439,,,,,,,,,0.78125,,-3.125,
10.0280050741,374,779,790500,42.2880794444,-83.6917563889,47.0,20.0400009155,1742.0,56.4705886841,,,,,,,,,1.5625,,-3.125,
10.0280050741,374,779,791000,42.288115,-83.6911283333,47.0,20.0400009155,1742.0,56.4705886841,,,,,,,,,1.5625,,-3.125,
10.0280050741,374,779,791300,42.288115,-83.6911283333,50.0,20.0400009155,1742.0,56.4705886841,,,,,,,,,1.5625,,-3.125,
10.0280050741,374,779,792300,42.288115,-83.6911283333,51.0,3.70000004768,1264.0,56.4705886841,,,,,,,,,1.5625,,-3.125,
10.0280050741,374,779,793300,42.288115,-83.6911283333,53.0,3.70000004768,1264.0,56.4705886841,,,,,,,,,1.5625,,-3.125,
10.0280050741,374,779,794000,42.2881441667,-83.6905969444,53.0,3.70000004768,1264.0,56.4705886841,,,,,,,,,1.5625,,-3.125,
10.0280050741,374,779,794400,42.2881441667,-83.6905969444,54.0,0.870000004768,0.0,56.4705886841,,,,,,,,,1.5625,,-3.125,
10.0280050741,374,779,794500,42.2881441667,-83.6905969444,54.0,0.870000004768,0.0,56.4705886841,,,,,,,,,1.5625,,-3.90625,
10.0280050741,374,779,795400,42.2881441667,-83.6905969444,56.0,0.870000004768,0.0,56.4705886841,,,,,,,,,1.5625,,-3.90625,
10.0280050741,374,779,796000,42.2881441667,-83.6905969444,56.0,0.870000004768,0.0,0.0,,,,,,,,,0.0,,-3.90625,
10.0280050741,374,779,796800,42.2881441667,-83.6905969444,59.0,23.2999992371,1872.0,0.0,,,,,,,,,0.0,,-3.90625,
10.0280050741,374,779,797100,42.2881616667,-83.6900205556,59.0,23.2999992371,1872.0,0.0,,,,,,,,,0.0,,-3.90625,
10.0280050741,374,779,798100,42.2881616667,-83.6900205556,61.0,23.2999992371,1872.0,0.0,,,,,,,,,0.0,,-3.90625,
10.0280050741,374,779,799200,42.2881616667,-83.6900205556,61.0,30.6000003815,1991.0,0.0,,,,,,,,,0.0,,-3.90625,
10.0280050741,374,779,800000,42.2881683333,-83.6894202778,61.0,30.6000003815,1991.0,0.0,,,,,,,,,0.0,,-3.90625,
10.0280050741,374,779,801000,42.2881683333,-83.6894202778,61.0,30.6000003815,1991.0,58.4313735962,,,,,,,,,-2.34375,,-3.90625,
10.0280050741,374,779,801200,42.2881683333,-83.6894202778,61.0,4.75,1452.0,58.4313735962,,,,,,,,,-2.34375,,-3.90625,
10.0280050741,374,779,802300,42.2881683333,-83.6894202778,59.0,4.75,1452.0,58.4313735962,,,,,,,,,-2.34375,,-3.90625,
10.0280050741,374,779,803100,42.2881747222,-83.6888133333,59.0,4.75,1452.0,58.4313735962,,,,,,,,,-2.34375,,-3.90625,
10.0280050741,374,779,803200,42.2881747222,-83.6888133333,59.0,2.15000009537,0.0,58.4313735962,,,,,,,,,-2.34375,,-3.90625,
10.0280050741,374,779,803400,42.2881747222,-83.6888133333,58.0,2.15000009537,0.0,58.4313735962,,,,,,,,,-2.34375,,-3.90625,
10.0280050741,374,779,805600,42.2881747222,-83.6888133333,58.0,0.870000004768,0.0,58.4313735962,,,,,,,,,-2.34375,,-3.90625,
10.0280050741,374,779,806000,42.2881711111,-83.6882252778,58.0,0.870000004768,0.0,58.4313735962,,,,,,,,,-2.34375,,-3.90625,
10.0280050741,374,779,806200,42.2881711111,-83.6882252778,58.0,0.870000004768,0.0,0.0,,,,,,,,,0.0,,-3.90625,
10.0280050741,374,779,807000,42.2881711111,-83.6882252778,59.0,0.870000004768,0.0,0.0,,,,,,,,,0.0,,-3.90625,
10.0280050741,374,779,809100,42.2881711111,-83.6882252778,60.0,0.870000004768,0.0,0.0,,,,,,,,,0.0,,-3.90625,
10.0280050741,374,779,810000,42.2881836111,-83.6874361111,60.0,0.870000004768,0.0,0.0,,,,,,,,,0.0,,-3.90625,
10.0280050741,374,779,810100,42.2881836111,-83.6874361111,60.0,12.8199996948,1284.0,0.0,,,,,,,,,0.0,,-3.90625,
10.0280050741,374,779,811200,42.2881836111,-83.6874361111,60.0,12.8199996948,1284.0,48.6274528503,,,,,,,,,0.0,,-3.90625,
10.0280050741,374,779,812500,42.2881836111,-83.6874361111,61.0,11.970000267,1260.0,48.6274528503,,,,,,,,,0.0,,-3.90625,
10.0280050741,374,779,813000,42.2882013889,-83.6868202778,61.0,11.970000267,1260.0,48.6274528503,,,,,,,,,0.0,,-3.90625,
10.0280050741,374,779,813600,42.2882013889,-83.6868202778,62.0,11.970000267,1260.0,48.6274528503,,,,,,,,,0.0,,-3.90625,
10.0280050741,374,779,814600,42.2882013889,-83.6868202778,62.0,7.38000011444,1383.0,48.6274528503,,,,,,,,,0.0,,-3.90625,
10.0280050741,374,779,815700,42.2882013889,-83.6868202778,61.0,7.38000011444,1383.0,48.6274528503,,,,,,,,,0.0,,-3.90625,
10.0280050741,374,779,816000,42.2882219444,-83.6861936111,61.0,7.38000011444,1383.0,48.6274528503,,,,,,,,,0.0,,-3.90625,
10.0280050741,374,779,816700,42.2882219444,-83.6861936111,60.0,0.870000004768,0.0,0.0,,,,,,,,,0.0,,-3.90625,
10.0280050741,374,779,819100,42.2882219444,-83.6861936111,61.0,15.1199998856,1554.0,0.0,,,,,,,,,0.0,,-3.90625,
10.0280050741,374,779,820000,42.2882516667,-83.6853705556,61.0,15.1199998856,1554.0,0.0,,,,,,,,,0.0,,-3.90625,
10.0280050741,374,779,820200,42.2882516667,-83.6853705556,59.0,15.1199998856,1554.0,0.0,,,,,,,,,0.0,,-3.90625,
10.0280050741,374,779,821300,42.2882516667,-83.6853705556,58.0,2.02999997139,700.0,0.0,,,,,,,,,0.0,,-3.90625,
10.0280050741,374,779,821800,42.2882516667,-83.6853705556,58.0,2.02999997139,700.0,15.6862745285,,,,,,,,,0.0,,-3.90625,
10.0280050741,374,779,822400,42.2882516667,-83.6853705556,59.0,2.02999997139,700.0,15.6862745285,,,,,,,,,0.0,,-3.90625,
10.0280050741,374,779,823000,42.2882794444,-83.6847622222,59.0,2.02999997139,700.0,15.6862745285,,,,,,,,,0.0,,-3.90625,
10.0280050741,374,779,823400,42.2882794444,-83.6847622222,60.0,0.870000004768,0.0,15.6862745285,,,,,,,,,0.0,,-3.90625,
10.0280050741,374,779,826000,42.2883008333,-83.6841488889,60.0,0.870000004768,0.0,15.6862745285,,,,,,,,,0.0,,-3.90625,
10.0280050741,374,779,827000,42.2883008333,-83.6841488889,59.0,0.870000004768,0.0,0.0,,,,,,,,,0.0,,-3.90625,
10.0280050741,374,779,828300,42.2883008333,-83.6841488889,55.0,0.870000004768,0.0,0.0,,,,,,,,,0.0,,-3.90625,
10.0280050741,374,779,829000,42.2883180556,-83.6835752778,55.0,0.870000004768,0.0,0.0,,,,,,,,,0.0,,-3.90625,
10.0280050741,374,779,829700,42.2883180556,-83.6835752778,50.0,0.870000004768,1.0,0.0,,,,,,,,,0.0,,-3.90625,
10.0280050741,374,779,830700,42.2883180556,-83.6835752778,47.0,0.870000004768,1.0,0.0,,,,,,,,,0.0,,-3.90625,
10.0280050741,374,779,831800,42.2883180556,-83.6835752778,41.0,0.870000004768,0.0,0.0,,,,,,,,,0.0,,-3.90625,
10.0280050741,374,779,832000,42.2883425,-83.6831227778,41.0,0.870000004768,0.0,0.0,,,,,,,,,0.0,,-3.90625,
10.0280050741,374,779,832800,42.2883425,-83.6831227778,35.0,0.870000004768,0.0,0.0,,,,,,,,,0.0,,-3.90625,
10.0280050741,374,779,833900,42.2883425,-83.6831227778,30.0,0.870000004768,1.0,0.0,,,,,,,,,0.0,,-3.90625,
10.0280050741,374,779,835200,42.2883425,-83.6831227778,21.0,0.870000004768,1.0,0.0,,,,,,,,,0.0,,-3.90625,
10.0280050741,374,779,836000,42.2883511111,-83.68277,21.0,0.870000004768,1.0,0.0,,,,,,,,,0.0,,-3.90625,
10.0280050741,374,779,836300,42.2883511111,-83.68277,16.0,0.870000004768,0.0,0.0,,,,,,,,,0.0,,-3.90625,
10.0280050741,374,779,837300,42.2883511111,-83.68277,11.0,0.870000004768,0.0,0.0,,,,,,,,,0.0,,-3.90625,
10.0280050741,374,779,839000,42.2883511111,-83.6826394444,11.0,0.870000004768,0.0,0.0,,,,,,,,,0.0,,-3.90625,
10.0280050741,374,779,839400,42.2883511111,-83.6826394444,15.0,0.870000004768,0.0,0.0,,,,,,,,,0.0,,-3.90625,
10.0280050741,374,779,840700,42.2883511111,-83.6826394444,21.0,0.870000004768,0.0,0.0,,,,,,,,,0.0,,-3.90625,
10.0280050741,374,779,841800,42.2883511111,-83.6826394444,23.0,0.870000004768,0.0,0.0,,,,,,,,,0.0,,-3.90625,
10.0280050741,374,779,842000,42.2883933333,-83.6824411111,23.0,0.870000004768,0.0,0.0,,,,,,,,,0.0,,-3.90625,
10.0280050741,374,779,842800,42.2883933333,-83.6824411111,22.0,0.870000004768,0.0,0.0,,,,,,,,,0.0,,-3.90625,
10.0280050741,374,779,843900,42.2883933333,-83.6824411111,24.0,0.870000004768,0.0,0.0,,,,,,,,,0.0,,-3.90625,
10.0280050741,374,779,844900,42.2883933333,-83.6824411111,26.0,2.94000005722,992.0,0.0,,,,,,,,,0.0,,-3.90625,
10.0280050741,374,779,846000,42.2886208333,-83.6823258333,26.0,2.94000005722,992.0,0.0,,,,,,,,,0.0,,-3.90625,
10.0280050741,374,779,846300,42.2886208333,-83.6823258333,33.0,2.94000005722,992.0,0.0,,,,,,,,,0.0,,-3.90625,
10.0280050741,374,779,847300,42.2886208333,-83.6823258333,38.0,31.3999996185,2230.0,0.0,,,,,,,,,0.0,,-3.90625,
10.0280050741,374,779,848300,42.2886208333,-83.6823258333,43.0,31.3999996185,2230.0,69.4117660522,,,,,,,,,0.0,,-3.90625,
10.0280050741,374,779,849000,42.2889308333,-83.6823086111,43.0,31.3999996185,2230.0,69.4117660522,,,,,,,,,0.0,,-3.90625,
10.0280050741,374,779,849400,42.2889308333,-83.6823086111,46.0,29.9099998474,2142.0,69.4117660522,,,,,,,,,0.0,,-3.90625,
10.0280050741,374,779,849900,42.2889308333,-83.6823086111,46.0,29.9099998474,2142.0,69.4117660522,,,,,,,,,0.0,,-3.90625,
10.0280050741,374,779,850400,42.2889308333,-83.6823086111,49.0,29.9099998474,2142.0,69.4117660522,,,,,,,,,0.0,,-3.90625,
10.0280050741,374,779,851800,42.2889308333,-83.6823086111,52.0,30.8099994659,2084.0,69.4117660522,,,,,,,,,0.0,,-3.90625,
10.0280050741,374,779,852100,42.2893113889,-83.6823002778,52.0,30.8099994659,2084.0,69.4117660522,,,,,,,,,0.0,,-3.90625,
10.0280050741,374,779,852800,42.2893113889,-83.6823002778,55.0,30.8099994659,2084.0,69.4117660522,,,,,,,,,0.0,,-3.90625,
10.0280050741,374,779,853900,42.2893113889,-83.6823002778,57.0,28.7999992371,2036.0,68.6274490356,,,,,,,,,2.34375,,-3.90625,
10.0280050741,374,779,855000,42.2893113889,-83.6823002778,57.0,28.7999992371,2036.0,68.6274490356,,,,,,,,,2.34375,,-3.125,
10.0280050741,374,779,856000,42.2898861111,-83.6823094444,57.0,28.7999992371,2036.0,68.6274490356,,,,,,,,,2.34375,,-3.125,
10.0280050741,374,779,856100,42.2898861111,-83.6823094444,59.0,16.5100002289,1689.0,68.6274490356,,,,,,,,,2.34375,,-3.125,
10.0280050741,374,779,857600,42.2898861111,-83.6823094444,58.0,16.5100002289,1689.0,68.6274490356,,,,,,,,,2.34375,,-3.125,
10.0280050741,374,779,858100,42.2898861111,-83.6823094444,58.0,2.08999991417,259.0,68.6274490356,,,,,,,,,2.34375,,-3.125,
10.0280050741,374,779,858900,42.2898861111,-83.6823094444,58.0,2.08999991417,259.0,49.8039207458,,,,,,,,,-2.34375,,-3.125,
10.0280050741,374,779,859000,42.290325,-83.6823197222,58.0,2.08999991417,259.0,49.8039207458,,,,,,,,,-2.34375,,-3.125,
10.0280050741,374,779,860000,42.290325,-83.6823197222,59.0,2.08999991417,259.0,49.8039207458,,,,,,,,,-2.34375,,-3.125,
10.0280050741,374,779,860100,42.290325,-83.6823197222,59.0,17.25,1619.0,49.8039207458,,,,,,,,,-2.34375,,-3.125,
10.0280050741,374,779,862100,42.29077,-83.682325,59.0,17.25,1619.0,49.8039207458,,,,,,,,,-2.34375,,-3.125,
10.0280050741,374,779,862500,42.29077,-83.682325,60.0,0.870000004768,0.0,49.8039207458,,,,,,,,,-2.34375,,-3.125,
10.0280050741,374,779,863600,42.29077,-83.682325,62.0,0.870000004768,0.0,49.8039207458,,,,,,,,,-2.34375,,-3.125,
10.0280050741,374,779,864000,42.29077,-83.682325,62.0,0.870000004768,0.0,0.0,,,,,,,,,0.0,,-3.125,
10.0280050741,374,779,864600,42.29077,-83.682325,63.0,0.870000004768,0.0,0.0,,,,,,,,,0.0,,-3.125,
10.0280050741,374,779,866000,42.2913994444,-83.6823375,63.0,0.870000004768,0.0,0.0,,,,,,,,,0.0,,-3.125,
10.0280050741,374,779,866400,42.2913994444,-83.6823375,64.0,0.870000004768,0.0,0.0,,,,,,,,,0.0,,-3.125,
10.0280050741,374,779,869000,42.2918811111,-83.6823525,64.0,0.870000004768,0.0,0.0,,,,,,,,,0.0,,-3.125,
10.0280050741,374,779,870900,42.2918811111,-83.6823525,66.0,29.1399993896,1918.0,0.0,,,,,,,,,0.0,,-3.125,
10.0280050741,374,779,873000,42.2925386111,-83.6824225,66.0,29.1399993896,1918.0,0.0,,,,,,,,,0.0,,-3.125,
10.0280050741,374,779,873300,42.2925386111,-83.6824225,66.0,28.8199996948,1973.0,0.0,,,,,,,,,0.0,,-3.125,
10.0280050741,374,779,874300,42.2925386111,-83.6824225,65.0,28.8199996948,1973.0,71.3725509644,,,,,,,,,-0.78125,,-3.125,
10.0280050741,374,779,875300,42.2925386111,-83.6824225,66.0,29.8500003815,2078.0,71.3725509644,,,,,,,,,-0.78125,,-3.125,
10.0280050741,374,779,876000,42.2930286111,-83.6825083333,66.0,29.8500003815,2078.0,71.3725509644,,,,,,,,,-0.78125,,-3.125,
10.0280050741,374,779,876400,42.2930286111,-83.6825083333,65.0,29.8500003815,2078.0,71.3725509644,,,,,,,,,-0.78125,,-3.125,
10.0280050741,374,779,877400,42.2930286111,-83.6825083333,64.0,1.95000004768,287.0,71.3725509644,,,,,,,,,-0.78125,,-3.125,
10.0280050741,374,779,878800,42.2930286111,-83.6825083333,63.0,1.95000004768,287.0,71.3725509644,,,,,,,,,-0.78125,,-3.125,
10.0280050741,374,779,879100,42.29351,-83.6825455556,63.0,1.95000004768,287.0,71.3725509644,,,,,,,,,-0.78125,,-3.125,
10.0280050741,374,779,879800,42.29351,-83.6825455556,64.0,29.4799995422,1962.0,73.7254943848,,,,,,,,,0.0,,-3.125,
10.0280050741,374,779,881900,42.29351,-83.6825455556,64.0,26.4099998474,1963.0,73.7254943848,,,,,,,,,0.0,,-3.125,
10.0280050741,374,779,882000,42.2939894444,-83.6825505556,64.0,26.4099998474,1963.0,73.7254943848,,,,,,,,,0.0,,-3.125,
10.0280050741,374,779,882900,42.2939894444,-83.6825505556,65.0,26.4099998474,1963.0,73.7254943848,,,,,,,,,0.0,,-3.125,
10.0280050741,374,779,884300,42.2939894444,-83.6825505556,66.0,22.7900009155,1878.0,73.7254943848,,,,,,,,,0.0,,-3.125,
10.0280050741,374,779,885300,42.2939894444,-83.6825505556,67.0,22.7900009155,1878.0,23.5294113159,,,,,,,,,-3.125,,-3.125,
10.0280050741,374,779,886000,42.2946563889,-83.6825558333,67.0,22.7900009155,1878.0,23.5294113159,,,,,,,,,-3.125,,-3.125,
10.0280050741,374,779,886400,42.2946563889,-83.6825558333,67.0,2.01999998093,262.0,23.5294113159,,,,,,,,,-3.125,,-3.125,
10.0280050741,374,779,888400,42.2946563889,-83.6825558333,67.0,0.870000004768,0.0,23.5294113159,,,,,,,,,-3.125,,-3.125,
10.0280050741,374,779,888500,42.2946563889,-83.6825558333,66.0,0.870000004768,0.0,23.5294113159,,,,,,,,,-3.125,,-3.125,
10.0280050741,374,779,889100,42.2951636111,-83.6825425,66.0,0.870000004768,0.0,23.5294113159,,,,,,,,,-3.125,,-3.125,
10.0280050741,374,779,890800,42.2951636111,-83.6825425,67.0,0.870000004768,0.0,0.0,,,,,,,,,0.0,,-3.125,
10.0280050741,374,779,892000,42.2956727778,-83.6824752778,67.0,0.870000004768,0.0,0.0,,,,,,,,,0.0,,-3.125,
10.0280050741,374,779,892900,42.2956727778,-83.6824752778,68.0,0.870000004768,0.0,0.0,,,,,,,,,0.0,,-3.125,
10.0280050741,374,779,895000,42.2961761111,-83.6823258333,68.0,0.870000004768,0.0,0.0,,,,,,,,,0.0,,-3.125,
10.0280050741,374,779,895400,42.2961761111,-83.6823258333,67.0,0.870000004768,0.0,0.0,,,,,,,,,0.0,,-3.125,
10.0280050741,374,779,896400,42.2961761111,-83.6823258333,66.0,0.870000004768,0.0,0.0,,,,,,,,,0.0,,-3.125,
10.0280050741,374,779,897500,42.2961761111,-83.6823258333,65.0,0.870000004768,0.0,0.0,,,,,,,,,0.0,,-3.125,
10.0280050741,374,779,898000,42.2966411111,-83.6821061111,65.0,0.870000004768,0.0,0.0,,,,,,,,,0.0,,-3.125,
10.0280050741,374,779,898500,42.2966411111,-83.6821061111,63.0,0.870000004768,0.0,0.0,,,,,,,,,0.0,,-3.125,
10.0280050741,374,779,899500,42.2966411111,-83.6821061111,62.0,0.870000004768,0.0,0.0,,,,,,,,,0.0,,-3.125,
10.0280050741,374,779,900900,42.2966411111,-83.6821061111,63.0,1.27999997139,451.0,0.0,,,,,,,,,0.0,,-3.125,
10.0280050741,374,779,901100,42.2970691667,-83.6818244444,63.0,1.27999997139,451.0,0.0,,,,,,,,,0.0,,-3.125,
10.0280050741,374,779,901900,42.2970691667,-83.6818244444,65.0,1.27999997139,451.0,0.0,,,,,,,,,0.0,,-3.125,
10.0280050741,374,779,903000,42.2970691667,-83.6818244444,66.0,6.21000003815,1391.0,0.0,,,,,,,,,0.0,,-3.125,
10.0280050741,374,779,904000,42.2974972222,-83.6814905556,66.0,6.21000003815,1391.0,0.0,,,,,,,,,0.0,,-3.125,
10.0280050741,374,779,905100,42.2974972222,-83.6814905556,65.0,0.870000004768,0.0,0.0,,,,,,,,,0.0,,-3.125,
10.0280050741,374,779,906400,42.2974972222,-83.6814905556,66.0,0.870000004768,0.0,0.0,,,,,,,,,0.0,,-3.125,
10.0280050741,374,779,907500,42.2974972222,-83.6814905556,67.0,0.870000004768,0.0,0.0,,,,,,,,,0.0,,-3.125,
10.0280050741,374,779,908000,42.2980577778,-83.6810097222,67.0,0.870000004768,0.0,0.0,,,,,,,,,0.0,,-3.125,
10.0280050741,374,779,908500,42.2980577778,-83.6810097222,68.0,0.870000004768,0.0,0.0,,,,,,,,,0.0,,-3.125,
10.0280050741,374,779,909900,42.2980577778,-83.6810097222,68.0,0.870000004768,0.0,0.0,,,,,,,,,0.0,,-3.125,
10.0280050741,374,779,910600,42.2980577778,-83.6810097222,69.0,0.870000004768,0.0,0.0,,,,,,,,,0.0,,-3.125,
10.0280050741,374,779,911000,42.2984969444,-83.6806344444,69.0,0.870000004768,0.0,0.0,,,,,,,,,0.0,,-3.125,
10.0280050741,374,779,911900,42.2984969444,-83.6806344444,71.0,22.5300006866,1827.0,0.0,,,,,,,,,0.0,,-3.125,
10.0280050741,374,779,913000,42.2984969444,-83.6806344444,73.0,22.5300006866,1827.0,0.0,,,,,,,,,0.0,,-3.125,
10.0280050741,374,779,914000,42.2984969444,-83.6806344444,74.0,19.8799991608,1760.0,0.0,,,,,,,,,0.0,,-3.125,
10.0280050741,374,779,915000,42.2991225,-83.6801083333,74.0,19.8799991608,1760.0,0.0,,,,,,,,,0.0,,-3.125,
10.0280050741,374,779,915100,42.2991225,-83.6801083333,75.0,19.8799991608,1760.0,0.0,,,,,,,,,0.0,,-3.125,
10.0280050741,374,779,916100,42.2991225,-83.6801083333,75.0,23.0699996948,1794.0,0.0,,,,,,,,,0.0,,-3.125,
10.0280050741,374,779,916700,42.2991225,-83.6801083333,75.0,23.0699996948,1794.0,65.0980377197,,,,,,,,,2.34375,,-3.125,
10.0280050741,374,779,918000,42.2996075,-83.6797030556,75.0,23.0699996948,1794.0,65.0980377197,,,,,,,,,2.34375,,-3.125,
10.0280050741,374,779,918300,42.2996075,-83.6797030556,75.0,26.3999996185,1862.0,65.0980377197,,,,,,,,,2.34375,,-3.125,
10.0280050741,374,779,918500,42.2996075,-83.6797030556,76.0,26.3999996185,1862.0,65.0980377197,,,,,,,,,2.34375,,-3.125,
10.0280050741,374,779,920200,42.2996075,-83.6797030556,76.0,2.15000009537,1032.0,65.0980377197,,,,,,,,,2.34375,,-3.125,
10.0280050741,374,779,921100,42.3000983333,-83.679295,76.0,2.15000009537,1032.0,65.0980377197,,,,,,,,,2.34375,,-3.125,
10.0280050741,374,779,921700,42.3000983333,-83.679295,76.0,2.15000009537,1032.0,23.5294113159,,,,,,,,,0.0,,-3.125,
10.0280050741,374,779,922700,42.3000983333,-83.679295,76.0,6.32999992371,1302.0,23.5294113159,,,,,,,,,0.0,,-3.125,
10.0280050741,374,779,922800,42.3000983333,-83.679295,77.0,6.32999992371,1302.0,23.5294113159,,,,,,,,,0.0,,-3.125,
10.0280050741,374,779,924100,42.3005902778,-83.6788797222,77.0,6.32999992371,1302.0,23.5294113159,,,,,,,,,0.0,,-3.125,
10.0280050741,374,779,924900,42.3005902778,-83.6788797222,78.0,0.870000004768,0.0,23.5294113159,,,,,,,,,0.0,,-3.125,
10.0280050741,374,779,927000,42.3010905556,-83.6784616667,78.0,0.870000004768,0.0,23.5294113159,,,,,,,,,0.0,,-3.125,
10.0280050741,374,779,927600,42.3010905556,-83.6784616667,78.0,0.870000004768,0.0,0.0,,,,,,,,,0.0,,-3.125,
10.0280050741,374,779,929600,42.3010905556,-83.6784616667,77.0,0.870000004768,0.0,0.0,,,,,,,,,0.0,,-3.125,
10.0280050741,374,779,930100,42.3015861111,-83.6780441667,77.0,0.870000004768,0.0,0.0,,,,,,,,,0.0,,-3.125,
10.0280050741,374,779,930700,42.3015861111,-83.6780441667,76.0,0.870000004768,0.0,0.0,,,,,,,,,0.0,,-3.125,
10.0280050741,374,779,933000,42.3020694444,-83.6776358333,76.0,0.870000004768,0.0,0.0,,,,,,,,,0.0,,-3.125,
10.0280050741,374,779,933100,42.3020694444,-83.6776358333,74.0,0.870000004768,0.0,0.0,,,,,,,,,0.0,,-3.125,
10.0280050741,374,779,936000,42.3020694444,-83.6776358333,74.0,31.2900009155,2146.0,0.0,,,,,,,,,0.0,,-3.125,
10.0280050741,374,779,936200,42.3020694444,-83.6776358333,75.0,31.2900009155,2146.0,0.0,,,,,,,,,0.0,,-3.125,
10.0280050741,374,779,937000,42.3027413889,-83.6772008333,75.0,31.2900009155,2146.0,0.0,,,,,,,,,0.0,,-3.125,
10.0280050741,374,779,937600,42.3027413889,-83.6772008333,76.0,31.2900009155,2146.0,0.0,,,,,,,,,0.0,,-3.125,
10.0280050741,374,779,938400,42.3027413889,-83.6772008333,76.0,23.8600006104,2024.0,59.2156867981,,,,,,,,,1.5625,,-3.125,
10.0280050741,374,779,938600,42.3027413889,-83.6772008333,77.0,23.8600006104,2024.0,59.2156867981,,,,,,,,,1.5625,,-3.125,
10.0280050741,374,779,940000,42.3032977778,-83.6769938889,77.0,23.8600006104,2024.0,59.2156867981,,,,,,,,,1.5625,,-3.125,
10.0280050741,374,779,940500,42.3032977778,-83.6769938889,77.0,22.9300003052,1804.0,59.2156867981,,,,,,,,,1.5625,,-3.125,
10.0280050741,374,779,941700,42.3032977778,-83.6769938889,76.0,22.9300003052,1804.0,59.2156867981,,,,,,,,,1.5625,,-3.125,
10.0280050741,374,779,942500,42.3032977778,-83.6769938889,76.0,27.9599990845,1936.0,59.2156867981,,,,,,,,,1.5625,,-3.125,
10.0280050741,374,779,943000,42.3038727778,-83.6769,76.0,27.9599990845,1936.0,59.2156867981,,,,,,,,,1.5625,,-3.125,
10.0280050741,374,779,943400,42.3038727778,-83.6769,76.0,27.9599990845,1936.0,62.745098114,,,,,,,,,-0.78125,,-3.125,
10.0280050741,374,779,944100,42.3038727778,-83.6769,77.0,27.9599990845,1936.0,62.745098114,,,,,,,,,-0.78125,,-3.125,
10.0280050741,374,779,944900,42.3038727778,-83.6769,77.0,2.17000007629,1184.0,62.745098114,,,,,,,,,-0.78125,,-3.125,
10.0280050741,374,779,945200,42.3038727778,-83.6769,76.0,2.17000007629,1184.0,62.745098114,,,,,,,,,-0.78125,,-3.125,
10.0280050741,374,779,945400,42.3038727778,-83.6769,76.0,2.17000007629,1184.0,62.745098114,,,,,,,,,-0.78125,,-3.90625,
10.0280050741,374,779,946000,42.3044491667,-83.6768941667,76.0,2.17000007629,1184.0,62.745098114,,,,,,,,,-0.78125,,-3.90625,
10.0280050741,374,779,947000,42.3044491667,-83.6768941667,76.0,29.6900005341,2010.0,62.745098114,,,,,,,,,-0.78125,,-3.90625,
10.0280050741,374,779,947200,42.3044491667,-83.6768941667,77.0,29.6900005341,2010.0,62.745098114,,,,,,,,,-0.78125,,-3.90625,
10.0280050741,374,779,948600,42.3044491667,-83.6768941667,77.0,29.6900005341,2010.0,64.7058868408,,,,,,,,,0.78125,,-3.90625,
10.0280050741,374,779,949200,42.3044491667,-83.6768941667,77.0,24.9500007629,1936.0,64.7058868408,,,,,,,,,0.78125,,-3.90625,
10.0280050741,374,779,950000,42.30522,-83.6769069444,76.0,24.9500007629,1936.0,64.7058868408,,,,,,,,,0.78125,,-3.90625,
10.0280050741,374,779,951000,42.30522,-83.6769069444,75.0,24.9500007629,1936.0,64.7058868408,,,,,,,,,0.78125,,-3.90625,
10.0280050741,374,779,951200,42.30522,-83.6769069444,75.0,1.78999996185,904.0,64.7058868408,,,,,,,,,0.78125,,-3.90625,
10.0280050741,374,779,952100,42.30522,-83.6769069444,74.0,1.78999996185,904.0,64.7058868408,,,,,,,,,0.78125,,-3.90625,
10.0280050741,374,779,953100,42.3057783333,-83.6769141667,72.0,1.78999996185,904.0,64.7058868408,,,,,,,,,0.78125,,-3.90625,
10.0280050741,374,779,953200,42.3057783333,-83.6769141667,72.0,0.870000004768,0.0,64.7058868408,,,,,,,,,0.78125,,-3.90625,
10.0280050741,374,779,953700,42.3057783333,-83.6769141667,72.0,0.870000004768,0.0,0.0,,,,,,,,,0.0,,-3.90625,
10.0280050741,374,779,954500,42.3057783333,-83.6769141667,70.0,0.870000004768,0.0,0.0,,,,,,,,,0.0,,-3.90625,
10.0280050741,374,779,956100,42.3063125,-83.676915,70.0,0.870000004768,0.0,0.0,,,,,,,,,0.0,,-3.90625,
10.0280050741,374,779,956800,42.3063125,-83.676915,69.0,0.870000004768,0.0,0.0,,,,,,,,,0.0,,-3.90625,
10.0280050741,374,779,958900,42.3063125,-83.676915,69.0,0.870000004768,0.0,50.9803924561,,,,,,,,,0.0,,-3.90625,
10.0280050741,374,779,959100,42.3068369444,-83.6768977778,69.0,0.870000004768,0.0,50.9803924561,,,,,,,,,0.0,,-3.90625,
10.0280050741,374,779,959800,42.3068369444,-83.6768977778,69.0,22.5400009155,1726.0,50.9803924561,,,,,,,,,0.0,,-3.90625,
10.0280050741,374,779,959900,42.3068369444,-83.6768977778,68.0,22.5400009155,1726.0,50.9803924561,,,,,,,,,0.0,,-3.90625,
10.0280050741,374,779,961000,42.3068369444,-83.6768977778,67.0,22.5400009155,1726.0,50.9803924561,,,,,,,,,0.0,,-3.90625,
10.0280050741,374,779,961800,42.3068369444,-83.6768977778,67.0,2.0,1077.0,50.9803924561,,,,,,,,,0.0,,-3.90625,
10.0280050741,374,779,962000,42.3073505556,-83.6768708333,67.0,2.0,1077.0,50.9803924561,,,,,,,,,0.0,,-3.90625,
10.0280050741,374,779,963000,42.3073505556,-83.6768708333,65.0,2.0,1077.0,50.9803924561,,,,,,,,,0.0,,-3.90625,
10.0280050741,374,779,964100,42.3073505556,-83.6768708333,65.0,3.84999990463,0.0,0.0,,,,,,,,,0.0,,-3.90625,
10.0280050741,374,779,965000,42.3078330556,-83.6768575,65.0,3.84999990463,0.0,0.0,,,,,,,,,0.0,,-3.90625,
10.0280050741,374,779,965100,42.3078330556,-83.6768575,62.0,3.84999990463,0.0,0.0,,,,,,,,,0.0,,-3.90625,
10.0280050741,374,779,966100,42.3078330556,-83.6768575,62.0,0.870000004768,0.0,0.0,,,,,,,,,0.0,,-3.90625,
10.0280050741,374,779,966200,42.3078330556,-83.6768575,61.0,0.870000004768,0.0,0.0,,,,,,,,,0.0,,-3.90625,
10.0280050741,374,779,967200,42.3078330556,-83.6768575,57.0,0.870000004768,0.0,0.0,,,,,,,,,0.0,,-3.90625,
10.0280050741,374,779,969000,42.3084144444,-83.6769116667,57.0,0.870000004768,0.0,0.0,,,,,,,,,0.0,,-3.90625,
10.0280050741,374,779,969600,42.3084144444,-83.6769116667,55.0,0.870000004768,0.0,0.0,,,,,,,,,0.0,,-3.90625,
10.0280050741,374,779,970400,42.3084144444,-83.6769116667,55.0,0.870000004768,0.0,0.0,,,,,,,,,0.0,,-3.90625,
10.0280050741,374,779,970600,42.3084144444,-83.6769116667,51.0,0.870000004768,0.0,0.0,,,,,,,,,0.0,,-3.90625,
10.0280050741,374,779,971700,42.3084144444,-83.6769116667,49.0,0.870000004768,0.0,0.0,,,,,,,,,0.0,,-3.90625,
10.0280050741,374,779,972000,42.3087741667,-83.6770336111,49.0,0.870000004768,0.0,0.0,,,,,,,,,0.0,,-3.90625,
10.0280050741,374,779,972500,42.3087741667,-83.6770336111,49.0,0.870000004768,1.0,0.0,,,,,,,,,0.0,,-3.90625,
10.0280050741,374,779,972700,42.3087741667,-83.6770336111,45.0,0.870000004768,1.0,0.0,,,,,,,,,0.0,,-3.90625,
10.0280050741,374,779,973800,42.3087741667,-83.6770336111,41.0,0.870000004768,1.0,0.0,,,,,,,,,0.0,,-3.90625,
10.0280050741,374,779,974600,42.3087741667,-83.6770336111,41.0,0.870000004768,0.0,0.0,,,,,,,,,0.0,,-3.90625,
10.0280050741,374,779,975000,42.3090430556,-83.6771691667,41.0,0.870000004768,0.0,0.0,,,,,,,,,0.0,,-3.90625,
10.0280050741,374,779,975100,42.3090430556,-83.6771691667,35.0,0.870000004768,0.0,0.0,,,,,,,,,0.0,,-3.90625,
10.0280050741,374,779,975400,42.3090430556,-83.6771691667,35.0,0.870000004768,0.0,0.0,,,,,,,,,0.0,,-3.125,
10.0280050741,374,779,976200,42.3090430556,-83.6771691667,25.0,0.870000004768,0.0,0.0,,,,,,,,,0.0,,-3.125,
10.0280050741,374,779,977200,42.3090430556,-83.6771691667,17.0,0.870000004768,0.0,0.0,,,,,,,,,0.0,,-3.125,
10.0280050741,374,779,978200,42.3090430556,-83.6771691667,9.0,0.870000004768,0.0,0.0,,,,,,,,,0.0,,-3.125,
10.0280050741,374,779,979000,42.3091738889,-83.6772211111,9.0,0.870000004768,0.0,0.0,,,,,,,,,0.0,,-3.125,
10.0280050741,374,779,979600,42.3091738889,-83.6772211111,4.0,0.870000004768,0.0,0.0,,,,,,,,,0.0,,-3.125,
10.0280050741,374,779,981000,42.3091738889,-83.6772211111,3.0,0.870000004768,0.0,0.0,,,,,,,,,0.0,,-3.125,
