DayNum,VehId,Trip,Timestamp(ms),Latitude[deg],Longitude[deg],Vehicle Speed[km/h],MAF[g/sec],Engine RPM[RPM],Absolute Load[%],OAT[DegC],Fuel Rate[L/hr],Air Conditioning Power[kW],Air Conditioning Power[Watts],Heater Power[Watts],HV Battery Current[A],HV Battery SOC[%],HV Battery Voltage[V],Short Term Fuel Trim Bank 1[%],Short Term Fuel Trim Bank 2[%],Long Term Fuel Trim Bank 1[%],Long Term Fuel Trim Bank 2[%]
147.795692917,477,819,0,42.266515,-83.7583641667,50.0,2.98000001907,1312.0,28.235294342,4.0,,,,,,,,0.0,,0.78125,
147.795692917,477,819,400,42.266515,-83.7583641667,50.0,2.90000009537,1296.0,28.235294342,4.0,,,,,,,,0.0,,0.78125,
147.795692917,477,819,700,42.266515,-83.7583641667,49.0,2.90000009537,1296.0,28.235294342,4.0,,,,,,,,0.0,,0.78125,
147.795692917,477,819,1500,42.266515,-83.7583641667,49.0,2.90000009537,1296.0,44.3137245178,4.0,,,,,,,,0.0,,0.78125,
147.795692917,477,819,1700,42.266515,-83.7583641667,50.0,2.90000009537,1296.0,44.3137245178,4.0,,,,,,,,0.0,,0.78125,
147.795692917,477,819,2500,42.266515,-83.7583641667,50.0,8.81999969482,1307.0,44.3137245178,4.0,,,,,,,,-7.03125,,0.78125,
147.795692917,477,819,3100,42.2661438889,-83.7583580556,51.0,8.81999969482,1307.0,44.3137245178,4.0,,,,,,,,-7.03125,,0.78125,
147.795692917,477,819,4900,42.2661438889,-83.7583580556,51.0,8.64000034332,1305.0,44.3137245178,4.0,,,,,,,,-7.03125,,0.78125,
147.795692917,477,819,6000,42.2657869444,-83.7583577778,51.0,8.64000034332,1305.0,44.3137245178,4.0,,,,,,,,-7.03125,,0.78125,
147.795692917,477,819,6500,42.2657869444,-83.7583577778,51.0,8.64000034332,1305.0,29.8039226532,4.0,,,,,,,,-7.03125,,0.78125,
147.795692917,477,819,7000,42.2657869444,-83.7583577778,51.0,5.75,1280.0,29.8039226532,4.0,,,,,,,,-7.03125,,0.78125,
147.795692917,477,819,7200,42.2657869444,-83.7583577778,50.0,5.75,1280.0,29.8039226532,4.0,,,,,,,,-7.03125,,0.78125,
147.795692917,477,819,8000,42.2657869444,-83.7583577778,50.0,5.75,1280.0,29.8039226532,4.0,,,,,,,,-2.34375,,0.78125,
147.795692917,477,819,9400,42.2657869444,-83.7583577778,50.0,8.19999980927,1216.0,29.8039226532,4.0,,,,,,,,-2.34375,,0.78125,
147.795692917,477,819,9600,42.2657869444,-83.7583577778,51.0,8.19999980927,1216.0,29.8039226532,4.0,,,,,,,,-2.34375,,0.78125,
147.795692917,477,819,10000,42.2653036111,-83.7583233333,51.0,8.19999980927,1216.0,29.8039226532,4.0,,,,,,,,-2.34375,,0.78125,
147.795692917,477,819,11500,42.2653036111,-83.7583233333,51.0,8.17000007629,1280.0,42.3529434204,4.0,,,,,,,,-2.34375,,0.78125,
147.795692917,477,819,13000,42.2649313889,-83.7583,51.0,8.17000007629,1280.0,42.3529434204,4.0,,,,,,,,-2.34375,,0.78125,
147.795692917,477,819,13200,42.2649313889,-83.7583,51.0,8.17000007629,1280.0,42.3529434204,4.0,,,,,,,,-3.125,,0.78125,
147.795692917,477,819,13500,42.2649313889,-83.7583,51.0,10.8900003433,1472.0,42.3529434204,4.0,,,,,,,,-3.125,,0.78125,
147.795692917,477,819,15800,42.2649313889,-83.7583,51.0,5.23000001907,1296.0,42.3529434204,4.0,,,,,,,,-3.125,,0.78125,
147.795692917,477,819,15900,42.2649313889,-83.7583,49.0,5.23000001907,1296.0,42.3529434204,4.0,,,,,,,,-3.125,,0.78125,
147.795692917,477,819,16000,42.2645691667,-83.7582744444,49.0,5.23000001907,1296.0,42.3529434204,4.0,,,,,,,,-3.125,,0.78125,
147.795692917,477,819,16800,42.2645691667,-83.7582744444,49.0,5.23000001907,1296.0,14.9019613266,4.0,,,,,,,,-3.125,,0.78125,
147.795692917,477,819,16900,42.2645691667,-83.7582744444,46.0,5.23000001907,1296.0,14.9019613266,4.0,,,,,,,,-3.125,,0.78125,
147.795692917,477,819,17800,42.2645691667,-83.7582744444,46.0,2.92000007629,1248.0,14.9019613266,4.0,,,,,,,,-3.125,,0.78125,
147.795692917,477,819,18000,42.2645691667,-83.7582744444,45.0,2.92000007629,1248.0,14.9019613266,4.0,,,,,,,,-3.125,,0.78125,
147.795692917,477,819,18200,42.2645691667,-83.7582744444,45.0,2.92000007629,1248.0,14.9019613266,4.0,,,,,,,,-4.6875,,0.78125,
147.795692917,477,819,19000,42.2645691667,-83.7582744444,39.0,2.92000007629,1248.0,14.9019613266,4.0,,,,,,,,-4.6875,,0.78125,
147.795692917,477,819,19100,42.2643072222,-83.7582483333,39.0,2.92000007629,1248.0,14.9019613266,4.0,,,,,,,,-4.6875,,0.78125,
147.795692917,477,819,19900,42.2643072222,-83.7582483333,39.0,2.92000007629,1216.0,14.9019613266,4.0,,,,,,,,-4.6875,,0.78125,
147.795692917,477,819,20500,42.2643072222,-83.7582483333,29.0,2.92000007629,1216.0,14.9019613266,4.0,,,,,,,,-4.6875,,0.78125,
147.795692917,477,819,21500,42.2643072222,-83.7582483333,17.0,2.92000007629,1216.0,14.9019613266,4.0,,,,,,,,-4.6875,,0.78125,
147.795692917,477,819,22300,42.2643072222,-83.7582483333,17.0,2.8900001049,1216.0,14.9019613266,4.0,,,,,,,,-4.6875,,0.78125,
147.795692917,477,819,22600,42.2643072222,-83.7582483333,17.0,2.8900001049,160.0,14.9019613266,4.0,,,,,,,,-4.6875,,0.78125,
147.795692917,477,819,22700,42.2643072222,-83.7582483333,17.0,1.16999995708,160.0,14.9019613266,4.0,,,,,,,,-4.6875,,0.78125,
147.795692917,477,819,22800,42.2643072222,-83.7582483333,17.0,1.16999995708,160.0,44.3137245178,4.0,,,,,,,,-4.6875,,0.78125,
147.795692917,477,819,23400,42.2643072222,-83.7582483333,17.0,1.16999995708,160.0,44.3137245178,4.0,,,,,,,,0.0,,0.78125,
147.795692917,477,819,24000,42.2643072222,-83.7582483333,17.0,1.16999995708,160.0,44.3137245178,4.0,,,,,,,,0.0,,0.0,
147.795692917,477,819,24600,42.2643072222,-83.7582483333,0.0,1.16999995708,0.0,44.3137245178,4.0,,,,,,,,0.0,,0.0,
147.795692917,477,819,27700,42.2643072222,-83.7582483333,0.0,0.0900000035763,0.0,44.3137245178,4.0,,,,,,,,0.0,,0.0,
147.795692917,477,819,27800,42.2643072222,-83.7582483333,0.0,0.0900000035763,0.0,0.0,4.0,,,,,,,,0.0,,0.0,
147.795692917,477,819,33000,42.2643072222,-83.7582483333,0.0,0.070000000298,0.0,0.0,4.0,,,,,,,,0.0,,0.0,
147.795692917,477,819,49000,42.2643405556,-83.7580725,0.0,0.070000000298,0.0,0.0,4.0,,,,,,,,0.0,,0.0,
147.795692917,477,819,52400,42.2643405556,-83.7580725,0.0,0.070000000298,0.0,0.0,4.0,,,,,,,,0.0,,0.0,
147.795692917,477,819,79100,42.2642902778,-83.7580233333,0.0,0.070000000298,0.0,0.0,4.0,,,,,,,,0.0,,0.0,
147.795692917,477,819,96100,42.2642311111,-83.7581330556,0.0,0.070000000298,0.0,0.0,4.0,,,,,,,,0.0,,0.0,
147.795692917,477,819,96800,42.2642311111,-83.7581330556,0.0,0.070000000298,1429.0,0.0,4.0,,,,,,,,0.0,,0.0,
147.795692917,477,819,96900,42.2642311111,-83.7581330556,0.0,7.78000020981,1429.0,40.7843132019,4.0,,,,,,,,0.0,,0.0,
147.795692917,477,819,97500,42.2642311111,-83.7581330556,0.0,7.78000020981,1429.0,40.7843132019,5.0,,,,,,,,0.0,,0.0,
147.795692917,477,819,97600,42.2642311111,-83.7581330556,0.0,7.78000020981,1429.0,40.7843132019,5.0,,,,,,,,-6.25,,0.0,
147.795692917,477,819,98200,42.2642311111,-83.7581330556,0.0,7.78000020981,1429.0,40.7843132019,5.0,,,,,,,,-6.25,,0.78125,
147.795692917,477,819,98700,42.2642311111,-83.7581330556,15.0,7.78000020981,1429.0,40.7843132019,5.0,,,,,,,,-6.25,,0.78125,
147.795692917,477,819,98800,42.2642311111,-83.7581330556,15.0,7.78000020981,1593.0,40.7843132019,5.0,,,,,,,,-6.25,,0.78125,
147.795692917,477,819,98900,42.2642311111,-83.7581330556,15.0,12.6000003815,1593.0,40.7843132019,5.0,,,,,,,,-6.25,,0.78125,
147.795692917,477,819,99100,42.2641533333,-83.7581155556,15.0,12.6000003815,1593.0,40.7843132019,5.0,,,,,,,,-6.25,,0.78125,
147.795692917,477,819,99700,42.2641533333,-83.7581155556,19.0,12.6000003815,1593.0,40.7843132019,5.0,,,,,,,,-6.25,,0.78125,
147.795692917,477,819,100800,42.2641533333,-83.7581155556,19.0,12.6000003815,1568.0,40.7843132019,5.0,,,,,,,,-6.25,,0.78125,
147.795692917,477,819,100900,42.2641533333,-83.7581155556,19.0,13.1700000763,1568.0,40.7843132019,5.0,,,,,,,,-6.25,,0.78125,
147.795692917,477,819,101800,42.2641533333,-83.7581155556,24.0,13.1700000763,1568.0,40.7843132019,5.0,,,,,,,,-6.25,,0.78125,
147.795692917,477,819,102000,42.2641533333,-83.7581155556,24.0,13.1700000763,1568.0,54.509803772,5.0,,,,,,,,-6.25,,0.78125,
147.795692917,477,819,103100,42.26408,-83.7578655556,24.0,13.1700000763,1568.0,54.509803772,5.0,,,,,,,,-6.25,,0.78125,
147.795692917,477,819,103200,42.26408,-83.7578655556,24.0,15.6800003052,1792.0,54.509803772,5.0,,,,,,,,-6.25,,0.78125,
147.795692917,477,819,104200,42.26408,-83.7578655556,32.0,15.6800003052,1792.0,54.509803772,5.0,,,,,,,,-6.25,,0.78125,
147.795692917,477,819,105200,42.26408,-83.7578655556,32.0,22.1499996185,2464.0,54.509803772,5.0,,,,,,,,-6.25,,0.78125,
147.795692917,477,819,105300,42.26408,-83.7578655556,36.0,22.1499996185,2464.0,54.509803772,5.0,,,,,,,,-6.25,,0.78125,
147.795692917,477,819,106100,42.264055,-83.7575030556,36.0,22.1499996185,2464.0,54.509803772,5.0,,,,,,,,-6.25,,0.78125,
147.795692917,477,819,106300,42.264055,-83.7575030556,40.0,22.1499996185,2464.0,54.509803772,5.0,,,,,,,,-6.25,,0.78125,
147.795692917,477,819,107100,42.264055,-83.7575030556,40.0,22.1499996185,2464.0,57.254901886,5.0,,,,,,,,-6.25,,0.78125,
147.795692917,477,819,107200,42.264055,-83.7575030556,40.0,22.7600002289,2624.0,57.254901886,5.0,,,,,,,,-6.25,,0.78125,
147.795692917,477,819,107300,42.264055,-83.7575030556,45.0,22.7600002289,2624.0,57.254901886,5.0,,,,,,,,-6.25,,0.78125,
147.795692917,477,819,107700,42.264055,-83.7575030556,45.0,22.7600002289,2624.0,57.254901886,5.0,,,,,,,,1.5625,,0.78125,
147.795692917,477,819,109100,42.264055,-83.7570316667,45.0,22.7600002289,2624.0,57.254901886,5.0,,,,,,,,1.5625,,0.78125,
147.795692917,477,819,109500,42.264055,-83.7570316667,45.0,13.9499998093,1728.0,57.254901886,5.0,,,,,,,,1.5625,,0.78125,
147.795692917,477,819,109700,42.264055,-83.7570316667,50.0,13.9499998093,1728.0,57.254901886,5.0,,,,,,,,1.5625,,0.78125,
147.795692917,477,819,110800,42.264055,-83.7570316667,51.0,13.9499998093,1728.0,57.254901886,5.0,,,,,,,,1.5625,,0.78125,
147.795692917,477,819,111600,42.264055,-83.7570316667,51.0,8.10000038147,1280.0,57.254901886,5.0,,,,,,,,1.5625,,0.78125,
147.795692917,477,819,112000,42.2640713889,-83.7565080556,51.0,8.10000038147,1280.0,57.254901886,5.0,,,,,,,,1.5625,,0.78125,
147.795692917,477,819,112600,42.2640713889,-83.7565080556,51.0,8.10000038147,1280.0,13.7254905701,5.0,,,,,,,,1.5625,,0.78125,
147.795692917,477,819,112700,42.2640713889,-83.7565080556,51.0,8.10000038147,1280.0,13.7254905701,5.0,,,,,,,,-1.5625,,0.78125,
147.795692917,477,819,112900,42.2640713889,-83.7565080556,53.0,8.10000038147,1280.0,13.7254905701,5.0,,,,,,,,-1.5625,,0.78125,
147.795692917,477,819,113700,42.2640713889,-83.7565080556,53.0,2.90000009537,1376.0,13.7254905701,5.0,,,,,,,,-1.5625,,0.78125,
147.795692917,477,819,114200,42.2640713889,-83.7565080556,52.0,2.90000009537,1376.0,13.7254905701,5.0,,,,,,,,-1.5625,,0.78125,
147.795692917,477,819,115100,42.2640852778,-83.7559841667,52.0,2.90000009537,1376.0,13.7254905701,5.0,,,,,,,,-1.5625,,0.78125,
147.795692917,477,819,115900,42.2640852778,-83.7559841667,53.0,4.98000001907,1312.0,13.7254905701,5.0,,,,,,,,-1.5625,,0.78125,
147.795692917,477,819,116900,42.2640852778,-83.7559841667,54.0,4.98000001907,1312.0,13.7254905701,5.0,,,,,,,,-1.5625,,0.78125,
147.795692917,477,819,117800,42.2640852778,-83.7559841667,54.0,4.98000001907,1312.0,16.0784320831,5.0,,,,,,,,-10.15625,,0.78125,
147.795692917,477,819,117900,42.2640852778,-83.7559841667,54.0,4.30999994278,1280.0,16.0784320831,5.0,,,,,,,,-10.15625,,0.78125,
147.795692917,477,819,118100,42.2640963889,-83.7554369444,54.0,4.30999994278,1280.0,16.0784320831,5.0,,,,,,,,-10.15625,,0.78125,
147.795692917,477,819,119400,42.2640963889,-83.7554369444,56.0,4.30999994278,1280.0,16.0784320831,5.0,,,,,,,,-10.15625,,0.78125,
147.795692917,477,819,120400,42.2640963889,-83.7554369444,56.0,2.93000006676,1354.0,16.0784320831,5.0,,,,,,,,-10.15625,,0.78125,
147.795692917,477,819,120500,42.2640963889,-83.7554369444,57.0,2.93000006676,1354.0,16.0784320831,5.0,,,,,,,,-10.15625,,0.78125,
147.795692917,477,819,121100,42.2641047222,-83.7548752778,57.0,2.93000006676,1354.0,16.0784320831,5.0,,,,,,,,-10.15625,,0.78125,
147.795692917,477,819,122600,42.2641047222,-83.7548752778,57.0,2.86999988556,1312.0,16.0784320831,5.0,,,,,,,,-10.15625,,0.78125,
147.795692917,477,819,122800,42.2641047222,-83.7548752778,57.0,2.86999988556,1312.0,14.9019613266,5.0,,,,,,,,-7.8125,,0.78125,
147.795692917,477,819,123700,42.2641047222,-83.7548752778,59.0,2.86999988556,1312.0,14.9019613266,5.0,,,,,,,,-7.8125,,0.78125,
147.795692917,477,819,124700,42.2641047222,-83.7548752778,59.0,2.78999996185,1312.0,14.9019613266,5.0,,,,,,,,-7.8125,,0.78125,
147.795692917,477,819,125100,42.2641283333,-83.7541052778,59.0,2.78999996185,1312.0,14.9019613266,5.0,,,,,,,,-7.8125,,0.78125,
147.795692917,477,819,125200,42.2641283333,-83.7541052778,57.0,2.78999996185,1312.0,14.9019613266,5.0,,,,,,,,-7.8125,,0.78125,
147.795692917,477,819,127100,42.2641283333,-83.7541052778,57.0,2.81999993324,1312.0,14.9019613266,5.0,,,,,,,,-7.8125,,0.78125,
147.795692917,477,819,128100,42.26415,-83.7535313889,57.0,2.81999993324,1312.0,14.509803772,5.0,,,,,,,,-7.8125,,0.78125,
147.795692917,477,819,128800,42.26415,-83.7535313889,56.0,2.81999993324,1312.0,14.509803772,5.0,,,,,,,,-7.8125,,0.78125,
147.795692917,477,819,129600,42.26415,-83.7535313889,56.0,2.8900001049,1312.0,14.509803772,5.0,,,,,,,,-7.8125,,0.78125,
147.795692917,477,819,130300,42.26415,-83.7535313889,54.0,2.8900001049,1312.0,14.509803772,5.0,,,,,,,,-7.8125,,0.78125,
147.795692917,477,819,131000,42.2641558333,-83.7529747222,54.0,2.8900001049,1312.0,14.509803772,5.0,,,,,,,,-7.8125,,0.78125,
147.795692917,477,819,131300,42.2641558333,-83.7529747222,52.0,2.8900001049,1312.0,14.509803772,5.0,,,,,,,,-7.8125,,0.78125,
147.795692917,477,819,131500,42.2641558333,-83.7529747222,52.0,2.8900001049,1280.0,14.509803772,5.0,,,,,,,,-7.8125,,0.78125,
147.795692917,477,819,131600,42.2641558333,-83.7529747222,52.0,2.84999990463,1280.0,14.509803772,5.0,,,,,,,,-7.8125,,0.78125,
147.795692917,477,819,132300,42.2641558333,-83.7529747222,49.0,2.84999990463,1280.0,14.509803772,5.0,,,,,,,,-7.8125,,0.78125,
147.795692917,477,819,133200,42.2641558333,-83.7529747222,49.0,2.84999990463,1280.0,15.2941179276,5.0,,,,,,,,-7.03125,,0.78125,
147.795692917,477,819,133400,42.2641558333,-83.7529747222,48.0,2.84999990463,1280.0,15.2941179276,5.0,,,,,,,,-7.03125,,0.78125,
147.795692917,477,819,133500,42.2641558333,-83.7529747222,48.0,2.83999991417,1216.0,15.2941179276,5.0,,,,,,,,-7.03125,,0.78125,
147.795692917,477,819,134000,42.2641775,-83.7525213889,48.0,2.83999991417,1216.0,15.2941179276,5.0,,,,,,,,-7.03125,,0.78125,
147.795692917,477,819,134400,42.2641775,-83.7525213889,45.0,2.83999991417,1216.0,15.2941179276,5.0,,,,,,,,-7.03125,,0.78125,
147.795692917,477,819,135800,42.2641775,-83.7525213889,42.0,2.86999988556,1211.0,15.2941179276,5.0,,,,,,,,-7.03125,,0.78125,
147.795692917,477,819,136800,42.2641775,-83.7525213889,34.0,2.86999988556,1211.0,15.2941179276,5.0,,,,,,,,-7.03125,,0.78125,
147.795692917,477,819,137100,42.2641883333,-83.7521944444,34.0,2.86999988556,1211.0,15.2941179276,5.0,,,,,,,,-7.03125,,0.78125,
147.795692917,477,819,137800,42.2641883333,-83.7521944444,34.0,2.78999996185,1248.0,15.2941179276,5.0,,,,,,,,-7.03125,,0.78125,
147.795692917,477,819,137900,42.2641883333,-83.7521944444,28.0,2.78999996185,1248.0,15.2941179276,5.0,,,,,,,,-7.03125,,0.78125,
147.795692917,477,819,138200,42.2641883333,-83.7521944444,28.0,2.78999996185,1248.0,15.2941179276,5.0,,,,,,,,-3.90625,,0.78125,
147.795692917,477,819,138700,42.2641883333,-83.7521944444,28.0,2.78999996185,1248.0,15.6862745285,5.0,,,,,,,,-3.90625,,0.78125,
147.795692917,477,819,138900,42.2641883333,-83.7521944444,21.0,2.78999996185,1248.0,15.6862745285,5.0,,,,,,,,-3.90625,,0.78125,
147.795692917,477,819,139800,42.2641883333,-83.7521944444,21.0,2.83999991417,1248.0,15.6862745285,5.0,,,,,,,,-3.90625,,0.78125,
147.795692917,477,819,139900,42.2641883333,-83.7521944444,18.0,2.83999991417,1248.0,15.6862745285,5.0,,,,,,,,-3.90625,,0.78125,
147.795692917,477,819,140000,42.2641869444,-83.7520136111,18.0,2.83999991417,1248.0,15.6862745285,5.0,,,,,,,,-3.90625,,0.78125,
147.795692917,477,819,141300,42.2641869444,-83.7520136111,14.0,2.83999991417,1248.0,15.6862745285,5.0,,,,,,,,-3.90625,,0.78125,
147.795692917,477,819,142300,42.2641869444,-83.7520136111,6.0,2.83999991417,1248.0,15.6862745285,5.0,,,,,,,,-3.90625,,0.78125,
147.795692917,477,819,143200,42.2641869444,-83.7520136111,6.0,2.83999991417,1248.0,15.6862745285,5.0,,,,,,,,-5.46875,,0.78125,
147.795692917,477,819,143400,42.2641869444,-83.7520136111,4.0,2.83999991417,1248.0,15.6862745285,5.0,,,,,,,,-5.46875,,0.78125,
147.795692917,477,819,144000,42.2641844444,-83.7519569444,4.0,2.83999991417,1248.0,15.6862745285,5.0,,,,,,,,-5.46875,,0.78125,
147.795692917,477,819,144200,42.2641844444,-83.7519569444,4.0,1.13999998569,96.0,67.0588226318,5.0,,,,,,,,-5.46875,,0.78125,
147.795692917,477,819,145500,42.2641844444,-83.7519569444,4.0,1.13999998569,0.0,67.0588226318,5.0,,,,,,,,-5.46875,,0.78125,
147.795692917,477,819,145600,42.2641844444,-83.7519569444,4.0,0.10000000149,0.0,67.0588226318,5.0,,,,,,,,-5.46875,,0.78125,
147.795692917,477,819,145700,42.2641844444,-83.7519569444,4.0,0.10000000149,0.0,0.0,5.0,,,,,,,,-5.46875,,0.78125,
147.795692917,477,819,146300,42.2641844444,-83.7519569444,4.0,0.10000000149,0.0,0.0,4.0,,,,,,,,0.0,,0.78125,
147.795692917,477,819,146900,42.2641844444,-83.7519569444,4.0,0.10000000149,0.0,0.0,4.0,,,,,,,,0.0,,0.0,
147.795692917,477,819,147500,42.2641844444,-83.7519569444,0.0,0.10000000149,0.0,0.0,4.0,,,,,,,,0.0,,0.0,
147.795692917,477,819,150700,42.2641844444,-83.7519569444,0.0,0.0900000035763,0.0,0.0,4.0,,,,,,,,0.0,,0.0,
147.795692917,477,819,156000,42.2641844444,-83.7519569444,0.0,0.070000000298,0.0,0.0,4.0,,,,,,,,0.0,,0.0,
147.795692917,477,819,160000,42.2641652778,-83.7519541667,0.0,0.070000000298,0.0,0.0,4.0,,,,,,,,0.0,,0.0,
147.795692917,477,819,161000,42.2641652778,-83.7519541667,0.0,0.0900000035763,0.0,0.0,4.0,,,,,,,,0.0,,0.0,
147.795692917,477,819,162900,42.2641652778,-83.7519541667,8.0,0.0900000035763,0.0,0.0,4.0,,,,,,,,0.0,,0.0,
147.795692917,477,819,163000,42.2641694444,-83.7518872222,8.0,0.070000000298,0.0,0.0,4.0,,,,,,,,0.0,,0.0,
147.795692917,477,819,164900,42.2641694444,-83.7518872222,7.0,0.070000000298,0.0,0.0,4.0,,,,,,,,0.0,,0.0,
147.795692917,477,819,166000,42.2641694444,-83.7518872222,12.0,0.070000000298,0.0,0.0,4.0,,,,,,,,0.0,,0.0,
147.795692917,477,819,166100,42.2641694444,-83.7518872222,12.0,0.070000000298,0.0,27.4509811401,4.0,,,,,,,,0.0,,0.0,
147.795692917,477,819,167100,42.2641763889,-83.7517166667,12.0,0.070000000298,0.0,27.4509811401,4.0,,,,,,,,0.0,,0.0,
147.795692917,477,819,167400,42.2641763889,-83.7517166667,12.0,5.46000003815,1312.0,27.4509811401,4.0,,,,,,,,0.0,,0.0,
147.795692917,477,819,168400,42.2641763889,-83.7517166667,17.0,5.46000003815,1312.0,27.4509811401,4.0,,,,,,,,0.0,,0.0,
147.795692917,477,819,169300,42.2641763889,-83.7517166667,17.0,8.94999980927,1280.0,27.4509811401,4.0,,,,,,,,0.0,,0.0,
147.795692917,477,819,169400,42.2641763889,-83.7517166667,20.0,8.94999980927,1280.0,27.4509811401,4.0,,,,,,,,0.0,,0.0,
147.795692917,477,819,170000,42.2641777778,-83.75149,20.0,8.94999980927,1280.0,27.4509811401,4.0,,,,,,,,0.0,,0.0,
147.795692917,477,819,170500,42.2641777778,-83.75149,21.0,8.94999980927,1280.0,27.4509811401,4.0,,,,,,,,0.0,,0.0,
147.795692917,477,819,171300,42.2641777778,-83.75149,21.0,7.84999990463,1312.0,38.0392150879,4.0,,,,,,,,0.0,,0.0,
147.795692917,477,819,171500,42.2641777778,-83.75149,26.0,7.84999990463,1312.0,38.0392150879,4.0,,,,,,,,0.0,,0.0,
147.795692917,477,819,172300,42.2641777778,-83.75149,26.0,7.84999990463,1312.0,38.0392150879,4.0,,,,,,,,-3.125,,0.0,
147.795692917,477,819,172900,42.2641777778,-83.75149,30.0,7.84999990463,1312.0,38.0392150879,4.0,,,,,,,,-3.125,,0.0,
147.795692917,477,819,173000,42.2641605556,-83.7511944444,30.0,7.84999990463,1312.0,38.0392150879,4.0,,,,,,,,-3.125,,0.0,
147.795692917,477,819,173700,42.2641605556,-83.7511944444,30.0,2.86999988556,1280.0,38.0392150879,4.0,,,,,,,,-3.125,,0.0,
147.795692917,477,819,174900,42.2641605556,-83.7511944444,28.0,2.86999988556,1280.0,38.0392150879,4.0,,,,,,,,-3.125,,0.0,
147.795692917,477,819,175800,42.2641605556,-83.7511944444,28.0,2.92000007629,1280.0,38.0392150879,4.0,,,,,,,,-3.125,,0.0,
147.795692917,477,819,176100,42.2641444444,-83.7509261111,28.0,2.92000007629,1280.0,38.0392150879,4.0,,,,,,,,-3.125,,0.0,
147.795692917,477,819,176600,42.2641444444,-83.7509261111,28.0,2.92000007629,1280.0,14.9019613266,4.0,,,,,,,,-3.125,,0.0,
147.795692917,477,819,177400,42.2641444444,-83.7509261111,28.0,2.92000007629,1280.0,14.9019613266,4.0,,,,,,,,-3.90625,,0.0,
147.795692917,477,819,178000,42.2641444444,-83.7509261111,24.0,2.78999996185,1248.0,14.9019613266,4.0,,,,,,,,-3.90625,,0.0,
147.795692917,477,819,179100,42.2641308333,-83.7506719444,24.0,2.78999996185,1248.0,14.9019613266,4.0,,,,,,,,-3.90625,,0.0,
147.795692917,477,819,180000,42.2641308333,-83.7506719444,24.0,8.61999988556,1216.0,14.9019613266,4.0,,,,,,,,-3.90625,,0.0,
147.795692917,477,819,181100,42.2641308333,-83.7506719444,30.0,8.61999988556,1216.0,14.9019613266,4.0,,,,,,,,-3.90625,,0.0,
147.795692917,477,819,181900,42.2641308333,-83.7506719444,30.0,8.61999988556,1216.0,51.764705658,4.0,,,,,,,,-3.90625,,0.0,
147.795692917,477,819,182000,42.2641336111,-83.75038,30.0,14.3199996948,1919.0,51.764705658,4.0,,,,,,,,-3.90625,,0.0,
147.795692917,477,819,183000,42.2641336111,-83.75038,30.0,14.3199996948,1919.0,51.764705658,4.0,,,,,,,,-6.25,,0.0,
147.795692917,477,819,183500,42.2641336111,-83.75038,36.0,14.3199996948,1919.0,51.764705658,4.0,,,,,,,,-6.25,,0.0,
147.795692917,477,819,184300,42.2641336111,-83.75038,36.0,12.6700000763,1600.0,51.764705658,4.0,,,,,,,,-6.25,,0.0,
147.795692917,477,819,184500,42.2641336111,-83.75038,37.0,12.6700000763,1600.0,51.764705658,4.0,,,,,,,,-6.25,,0.0,
147.795692917,477,819,185600,42.2641336111,-83.75038,43.0,12.6700000763,1600.0,51.764705658,4.0,,,,,,,,-6.25,,0.0,
147.795692917,477,819,186000,42.264145,-83.7498266667,43.0,12.6700000763,1600.0,51.764705658,4.0,,,,,,,,-6.25,,0.0,
147.795692917,477,819,186400,42.264145,-83.7498266667,43.0,9.39999961853,1248.0,51.764705658,4.0,,,,,,,,-6.25,,0.0,
147.795692917,477,819,186600,42.264145,-83.7498266667,45.0,9.39999961853,1248.0,51.764705658,4.0,,,,,,,,-6.25,,0.0,
147.795692917,477,819,187400,42.264145,-83.7498266667,45.0,9.39999961853,1248.0,41.5686264038,4.0,,,,,,,,-6.25,,0.0,
147.795692917,477,819,187700,42.264145,-83.7498266667,48.0,9.39999961853,1248.0,41.5686264038,4.0,,,,,,,,-6.25,,0.0,
147.795692917,477,819,188500,42.264145,-83.7498266667,48.0,7.28000020981,1302.0,41.5686264038,4.0,,,,,,,,-3.125,,0.0,
147.795692917,477,819,189000,42.2641580556,-83.74935,48.0,7.28000020981,1302.0,41.5686264038,4.0,,,,,,,,-3.125,,0.0,
147.795692917,477,819,190500,42.2641580556,-83.74935,48.0,9.39999961853,1345.0,41.5686264038,4.0,,,,,,,,-3.125,,0.0,
147.795692917,477,819,191200,42.2641580556,-83.74935,51.0,9.39999961853,1345.0,41.5686264038,4.0,,,,,,,,-3.125,,0.0,
147.795692917,477,819,192300,42.2641580556,-83.74935,52.0,9.39999961853,1345.0,41.5686264038,4.0,,,,,,,,-3.125,,0.0,
147.795692917,477,819,192500,42.2641580556,-83.74935,52.0,9.06999969482,1312.0,47.4509811401,4.0,,,,,,,,-3.125,,0.0,
147.795692917,477,819,193000,42.2641625,-83.7486333333,52.0,9.06999969482,1312.0,47.4509811401,4.0,,,,,,,,-3.125,,0.0,
147.795692917,477,819,193800,42.2641625,-83.7486333333,53.0,9.06999969482,1312.0,47.4509811401,4.0,,,,,,,,1.5625,,0.0,
147.795692917,477,819,194800,42.2641625,-83.7486333333,53.0,7.63999986649,1248.0,47.4509811401,4.0,,,,,,,,1.5625,,0.0,
147.795692917,477,819,195400,42.2641625,-83.7486333333,54.0,7.63999986649,1248.0,47.4509811401,4.0,,,,,,,,1.5625,,0.0,
147.795692917,477,819,196000,42.2641416667,-83.7480683333,54.0,7.63999986649,1248.0,47.4509811401,4.0,,,,,,,,1.5625,,0.0,
147.795692917,477,819,196400,42.2641416667,-83.7480683333,57.0,7.63999986649,1248.0,47.4509811401,4.0,,,,,,,,1.5625,,0.0,
147.795692917,477,819,197200,42.2641416667,-83.7480683333,57.0,2.73000001907,1312.0,47.4509811401,4.0,,,,,,,,1.5625,,0.0,
147.795692917,477,819,197500,42.2641416667,-83.7480683333,57.0,2.73000001907,1312.0,14.117647171,4.0,,,,,,,,1.5625,,0.0,
147.795692917,477,819,199100,42.2641241667,-83.7474991667,57.0,2.73000001907,1312.0,14.117647171,4.0,,,,,,,,1.5625,,0.0,
147.795692917,477,819,199300,42.2641241667,-83.7474991667,57.0,4.48000001907,1248.0,14.117647171,4.0,,,,,,,,0.0,,0.0,
147.795692917,477,819,199500,42.2641241667,-83.7474991667,59.0,4.48000001907,1248.0,14.117647171,4.0,,,,,,,,0.0,,0.0,
147.795692917,477,819,200900,42.2641241667,-83.7474991667,58.0,4.48000001907,1248.0,14.117647171,4.0,,,,,,,,0.0,,0.0,
147.795692917,477,819,201700,42.2641241667,-83.7474991667,58.0,4.57000017166,1184.0,14.117647171,4.0,,,,,,,,0.0,,0.0,
147.795692917,477,819,201900,42.2641241667,-83.7474991667,60.0,4.57000017166,1184.0,14.117647171,4.0,,,,,,,,0.0,,0.0,
147.795692917,477,819,202100,42.2641133333,-83.7469166667,60.0,4.57000017166,1184.0,14.117647171,4.0,,,,,,,,0.0,,0.0,
147.795692917,477,819,202800,42.2641133333,-83.7469166667,60.0,4.57000017166,1184.0,23.5294113159,4.0,,,,,,,,0.0,,0.0,
147.795692917,477,819,203000,42.2641133333,-83.7469166667,61.0,4.57000017166,1184.0,23.5294113159,4.0,,,,,,,,0.0,,0.0,
147.795692917,477,819,203800,42.2641133333,-83.7469166667,61.0,4.28000020981,1184.0,23.5294113159,4.0,,,,,,,,0.0,,0.0,
147.795692917,477,819,204000,42.2641133333,-83.7469166667,62.0,4.28000020981,1184.0,23.5294113159,4.0,,,,,,,,0.0,,0.0,
147.795692917,477,819,204300,42.2641133333,-83.7469166667,62.0,4.28000020981,1184.0,23.5294113159,4.0,,,,,,,,-3.125,,0.0,
147.795692917,477,819,205000,42.2640813889,-83.7462933333,62.0,4.28000020981,1184.0,23.5294113159,4.0,,,,,,,,-3.125,,0.0,
147.795692917,477,819,205100,42.2640813889,-83.7462933333,61.0,4.28000020981,1184.0,23.5294113159,4.0,,,,,,,,-3.125,,0.0,
147.795692917,477,819,205900,42.2640813889,-83.7462933333,61.0,4.23000001907,1195.0,23.5294113159,4.0,,,,,,,,-3.125,,0.0,
147.795692917,477,819,206400,42.2640813889,-83.7462933333,63.0,4.23000001907,1195.0,23.5294113159,4.0,,,,,,,,-3.125,,0.0,
147.795692917,477,819,207500,42.2640813889,-83.7462933333,64.0,4.23000001907,1195.0,23.5294113159,4.0,,,,,,,,-3.125,,0.0,
147.795692917,477,819,208300,42.2640813889,-83.7462933333,64.0,4.28999996185,1184.0,24.3137264252,4.0,,,,,,,,-3.125,,0.0,
147.795692917,477,819,208500,42.2640813889,-83.7462933333,63.0,4.28999996185,1184.0,24.3137264252,4.0,,,,,,,,-3.125,,0.0,
147.795692917,477,819,209000,42.2639536111,-83.7454847222,63.0,4.28999996185,1184.0,24.3137264252,4.0,,,,,,,,-3.125,,0.0,
147.795692917,477,819,209400,42.2639536111,-83.7454847222,63.0,4.28999996185,1184.0,24.3137264252,4.0,,,,,,,,-1.5625,,0.0,
147.795692917,477,819,210400,42.2639536111,-83.7454847222,63.0,8.86999988556,1293.0,24.3137264252,4.0,,,,,,,,-1.5625,,0.0,
147.795692917,477,819,210600,42.2639536111,-83.7454847222,66.0,8.86999988556,1293.0,24.3137264252,4.0,,,,,,,,-1.5625,,0.0,
147.795692917,477,819,212000,42.2638083333,-83.7448491667,66.0,8.86999988556,1293.0,24.3137264252,4.0,,,,,,,,-1.5625,,0.0,
147.795692917,477,819,212800,42.2638083333,-83.7448491667,66.0,9.22999954224,1280.0,24.3137264252,4.0,,,,,,,,-1.5625,,0.0,
147.795692917,477,819,213800,42.2638083333,-83.7448491667,66.0,9.22999954224,1280.0,27.4509811401,4.0,,,,,,,,-1.5625,,0.0,
147.795692917,477,819,214000,42.2638083333,-83.7448491667,67.0,9.22999954224,1280.0,27.4509811401,4.0,,,,,,,,-1.5625,,0.0,
147.795692917,477,819,214800,42.2638083333,-83.7448491667,67.0,5.42999982834,1184.0,27.4509811401,4.0,,,,,,,,-1.5625,,0.0,
147.795692917,477,819,215100,42.2636427778,-83.7441933333,66.0,5.42999982834,1184.0,27.4509811401,4.0,,,,,,,,-1.5625,,0.0,
147.795692917,477,819,216100,42.2636427778,-83.7441933333,67.0,5.42999982834,1184.0,27.4509811401,4.0,,,,,,,,-1.5625,,0.0,
147.795692917,477,819,216900,42.2636427778,-83.7441933333,67.0,10.5600004196,1513.0,27.4509811401,4.0,,,,,,,,-1.5625,,0.0,
147.795692917,477,819,219100,42.2634027778,-83.7433002778,67.0,10.5600004196,1513.0,27.4509811401,4.0,,,,,,,,-1.5625,,0.0,
147.795692917,477,819,219300,42.2634027778,-83.7433002778,67.0,10.5699996948,1514.0,44.7058830261,4.0,,,,,,,,-1.5625,,0.0,
147.795692917,477,819,219500,42.2634027778,-83.7433002778,66.0,10.5699996948,1514.0,44.7058830261,4.0,,,,,,,,-1.5625,,0.0,
147.795692917,477,819,220400,42.2634027778,-83.7433002778,66.0,10.5699996948,1514.0,44.7058830261,4.0,,,,,,,,0.0,,0.0,
147.795692917,477,819,220600,42.2634027778,-83.7433002778,65.0,10.5699996948,1514.0,44.7058830261,4.0,,,,,,,,0.0,,0.0,
147.795692917,477,819,221400,42.2634027778,-83.7433002778,65.0,4.42000007629,1261.0,44.7058830261,4.0,,,,,,,,0.0,,0.0,
147.795692917,477,819,222100,42.2632475,-83.7426741667,65.0,4.42000007629,1261.0,44.7058830261,4.0,,,,,,,,0.0,,0.0,
147.795692917,477,819,223100,42.2632475,-83.7426741667,61.0,4.42000007629,1261.0,44.7058830261,4.0,,,,,,,,0.0,,0.0,
147.795692917,477,819,223900,42.2632475,-83.7426741667,61.0,8.84000015259,1292.0,44.7058830261,4.0,,,,,,,,0.0,,0.0,
147.795692917,477,819,224400,42.2632475,-83.7426741667,59.0,8.84000015259,1292.0,47.4509811401,4.0,,,,,,,,0.0,,0.0,
147.795692917,477,819,225000,42.2630902778,-83.7420633333,59.0,8.84000015259,1292.0,47.4509811401,4.0,,,,,,,,0.0,,0.0,
147.795692917,477,819,225400,42.2630902778,-83.7420633333,59.0,8.84000015259,1292.0,47.4509811401,4.0,,,,,,,,-3.90625,,0.0,
147.795692917,477,819,225500,42.2630902778,-83.7420633333,58.0,8.84000015259,1292.0,47.4509811401,4.0,,,,,,,,-3.90625,,0.0,
147.795692917,477,819,225900,42.2630902778,-83.7420633333,58.0,2.5,1292.0,47.4509811401,4.0,,,,,,,,-3.90625,,0.0,
147.795692917,477,819,226400,42.2630902778,-83.7420633333,58.0,2.5,1152.0,47.4509811401,4.0,,,,,,,,-3.90625,,0.0,
147.795692917,477,819,226500,42.2630902778,-83.7420633333,57.0,2.5,1152.0,47.4509811401,4.0,,,,,,,,-3.90625,,0.0,
147.795692917,477,819,228000,42.2629375,-83.7414863889,57.0,2.5,1152.0,47.4509811401,4.0,,,,,,,,-3.90625,,0.0,
147.795692917,477,819,228200,42.2629375,-83.7414863889,57.0,2.52999997139,1152.0,47.4509811401,4.0,,,,,,,,-3.90625,,0.0,
147.795692917,477,819,228400,42.2629375,-83.7414863889,57.0,2.52999997139,1226.0,47.4509811401,4.0,,,,,,,,-3.90625,,0.0,
147.795692917,477,819,229100,42.2629375,-83.7414863889,56.0,2.52999997139,1226.0,47.4509811401,4.0,,,,,,,,-3.90625,,0.0,
147.795692917,477,819,229500,42.2629375,-83.7414863889,56.0,2.52999997139,1226.0,22.3529415131,4.0,,,,,,,,-3.90625,,0.0,
147.795692917,477,819,230200,42.2629375,-83.7414863889,56.0,4.19999980927,1226.0,22.3529415131,4.0,,,,,,,,-3.90625,,0.0,
147.795692917,477,819,230400,42.2629375,-83.7414863889,56.0,4.19999980927,1216.0,22.3529415131,4.0,,,,,,,,-3.90625,,0.0,
147.795692917,477,819,231000,42.2627883333,-83.7409305556,56.0,4.19999980927,1216.0,22.3529415131,4.0,,,,,,,,-3.90625,,0.0,
147.795692917,477,819,232300,42.2627883333,-83.7409305556,57.0,2.42000007629,1216.0,22.3529415131,4.0,,,,,,,,-3.90625,,0.0,
147.795692917,477,819,232500,42.2627883333,-83.7409305556,57.0,2.42000007629,1120.0,22.3529415131,4.0,,,,,,,,-3.90625,,0.0,
147.795692917,477,819,233300,42.2627883333,-83.7409305556,57.0,2.42000007629,1120.0,22.3529415131,4.0,,,,,,,,-3.90625,,0.0,
147.795692917,477,819,234100,42.2626308333,-83.7403791667,57.0,2.42000007629,1120.0,22.3529415131,4.0,,,,,,,,-3.90625,,0.0,
147.795692917,477,819,234300,42.2626308333,-83.7403791667,57.0,2.34999990463,1120.0,22.3529415131,4.0,,,,,,,,-3.90625,,0.0,
147.795692917,477,819,234800,42.2626308333,-83.7403791667,57.0,2.34999990463,1088.0,14.509803772,4.0,,,,,,,,-3.90625,,0.0,
147.795692917,477,819,235800,42.2626308333,-83.7403791667,57.0,2.34999990463,1088.0,14.509803772,4.0,,,,,,,,-4.6875,,0.0,
147.795692917,477,819,235900,42.2626308333,-83.7403791667,55.0,2.34999990463,1088.0,14.509803772,4.0,,,,,,,,-4.6875,,0.0,
147.795692917,477,819,236300,42.2626308333,-83.7403791667,55.0,2.33999991417,1088.0,14.509803772,4.0,,,,,,,,-4.6875,,0.0,
147.795692917,477,819,237000,42.2624869444,-83.7398308333,55.0,2.33999991417,1088.0,14.509803772,4.0,,,,,,,,-4.6875,,0.0,
147.795692917,477,819,237600,42.2624869444,-83.7398308333,56.0,2.33999991417,1088.0,14.509803772,4.0,,,,,,,,-4.6875,,0.0,
147.795692917,477,819,238500,42.2624869444,-83.7398308333,56.0,2.31999993324,1088.0,14.509803772,4.0,,,,,,,,-4.6875,,0.0,
147.795692917,477,819,239000,42.2624869444,-83.7398308333,54.0,2.31999993324,1088.0,14.509803772,4.0,,,,,,,,-4.6875,,0.0,
147.795692917,477,819,239800,42.2624869444,-83.7398308333,54.0,2.31999993324,1085.0,14.509803772,4.0,,,,,,,,-4.6875,,0.0,
147.795692917,477,819,240100,42.2623358333,-83.7393386111,50.0,2.31999993324,1085.0,14.509803772,4.0,,,,,,,,-4.6875,,0.0,
147.795692917,477,819,240900,42.2623358333,-83.7393386111,50.0,2.31999993324,1085.0,14.509803772,4.0,,,,,,,,-3.90625,,0.0,
147.795692917,477,819,241900,42.2623358333,-83.7393386111,50.0,2.31999993324,1098.0,14.509803772,4.0,,,,,,,,-3.90625,,0.0,
147.795692917,477,819,242100,42.2623358333,-83.7393386111,49.0,2.31999993324,1098.0,14.509803772,4.0,,,,,,,,-3.90625,,0.0,
147.795692917,477,819,243000,42.2623358333,-83.7393386111,49.0,2.34999990463,1098.0,14.509803772,4.0,,,,,,,,-3.90625,,0.0,
147.795692917,477,819,243100,42.2621991667,-83.7389236111,49.0,2.34999990463,1098.0,14.509803772,4.0,,,,,,,,-3.90625,,0.0,
147.795692917,477,819,243200,42.2621991667,-83.7389236111,39.0,2.34999990463,1098.0,14.509803772,4.0,,,,,,,,-3.90625,,0.0,
147.795692917,477,819,244000,42.2621991667,-83.7389236111,39.0,2.34999990463,1061.0,14.509803772,4.0,,,,,,,,-3.90625,,0.0,
147.795692917,477,819,245400,42.2621991667,-83.7389236111,39.0,2.28999996185,1061.0,14.9019613266,4.0,,,,,,,,-3.90625,,0.0,
147.795692917,477,819,245600,42.2621991667,-83.7389236111,35.0,2.28999996185,1061.0,14.9019613266,4.0,,,,,,,,-3.90625,,0.0,
147.795692917,477,819,246400,42.2621991667,-83.7389236111,35.0,2.28999996185,1028.0,14.9019613266,4.0,,,,,,,,-3.90625,,0.0,
147.795692917,477,819,246600,42.2621991667,-83.7389236111,31.0,2.28999996185,1028.0,14.9019613266,4.0,,,,,,,,-3.90625,,0.0,
147.795692917,477,819,247100,42.2620233333,-83.7384802778,31.0,2.28999996185,1028.0,14.9019613266,4.0,,,,,,,,-3.90625,,0.0,
147.795692917,477,819,247400,42.2620233333,-83.7384802778,31.0,2.33999991417,1028.0,14.9019613266,4.0,,,,,,,,-3.90625,,0.0,
147.795692917,477,819,247700,42.2620233333,-83.7384802778,28.0,2.33999991417,1028.0,14.9019613266,4.0,,,,,,,,-3.90625,,0.0,
147.795692917,477,819,248500,42.2620233333,-83.7384802778,28.0,2.33999991417,1073.0,14.9019613266,4.0,,,,,,,,-3.90625,,0.0,
147.795692917,477,819,248700,42.2620233333,-83.7384802778,24.0,2.33999991417,1073.0,14.9019613266,4.0,,,,,,,,-3.90625,,0.0,
147.795692917,477,819,249500,42.2620233333,-83.7384802778,24.0,2.36999988556,1073.0,14.9019613266,4.0,,,,,,,,-3.90625,,0.0,
147.795692917,477,819,250000,42.2619316667,-83.7382791667,24.0,2.36999988556,1073.0,14.9019613266,4.0,,,,,,,,-3.90625,,0.0,
147.795692917,477,819,250100,42.2619316667,-83.7382791667,21.0,2.36999988556,1073.0,14.9019613266,4.0,,,,,,,,-3.90625,,0.0,
147.795692917,477,819,250400,42.2619316667,-83.7382791667,21.0,2.36999988556,1073.0,14.117647171,4.0,,,,,,,,-3.90625,,0.0,
147.795692917,477,819,250900,42.2619316667,-83.7382791667,21.0,2.36999988556,1080.0,14.117647171,4.0,,,,,,,,-3.90625,,0.0,
147.795692917,477,819,251100,42.2619316667,-83.7382791667,18.0,2.36999988556,1080.0,14.117647171,4.0,,,,,,,,-3.90625,,0.0,
147.795692917,477,819,251900,42.2619316667,-83.7382791667,18.0,6.26000022888,1080.0,14.117647171,4.0,,,,,,,,-3.125,,0.0,
147.795692917,477,819,252100,42.2619316667,-83.7382791667,20.0,6.26000022888,1080.0,14.117647171,4.0,,,,,,,,-3.125,,0.0,
147.795692917,477,819,253000,42.2619316667,-83.7382791667,20.0,6.26000022888,1152.0,14.117647171,4.0,,,,,,,,-3.125,,0.0,
147.795692917,477,819,253200,42.2619316667,-83.7382791667,23.0,6.26000022888,1152.0,14.117647171,4.0,,,,,,,,-3.125,,0.0,
147.795692917,477,819,254000,42.2618058333,-83.7380352778,23.0,5.98000001907,1152.0,14.117647171,4.0,,,,,,,,-3.125,,0.0,
147.795692917,477,819,254600,42.2618058333,-83.7380352778,26.0,5.98000001907,1152.0,14.117647171,4.0,,,,,,,,-3.125,,0.0,
147.795692917,477,819,255400,42.2618058333,-83.7380352778,26.0,5.98000001907,1184.0,35.6862754822,4.0,,,,,,,,-3.125,,0.0,
147.795692917,477,819,256000,42.2618058333,-83.7380352778,29.0,6.36999988556,1184.0,35.6862754822,4.0,,,,,,,,-3.125,,0.0,
147.795692917,477,819,256100,42.2617266667,-83.7378727778,29.0,6.36999988556,1184.0,35.6862754822,4.0,,,,,,,,-3.125,,0.0,
147.795692917,477,819,256900,42.2617266667,-83.7378727778,29.0,6.36999988556,1184.0,35.6862754822,4.0,,,,,,,,-0.78125,,0.0,
147.795692917,477,819,257000,42.2617266667,-83.7378727778,32.0,6.36999988556,1184.0,35.6862754822,4.0,,,,,,,,-0.78125,,0.0,
147.795692917,477,819,257800,42.2617266667,-83.7378727778,32.0,6.36999988556,1056.0,35.6862754822,4.0,,,,,,,,-0.78125,,0.0,
147.795692917,477,819,258000,42.2617266667,-83.7378727778,32.0,2.31999993324,1056.0,35.6862754822,4.0,,,,,,,,-0.78125,,0.0,
147.795692917,477,819,258100,42.2617266667,-83.7378727778,31.0,2.31999993324,1056.0,35.6862754822,4.0,,,,,,,,-0.78125,,0.0,
147.795692917,477,819,260000,42.2615622222,-83.7375269444,31.0,2.31999993324,1056.0,35.6862754822,4.0,,,,,,,,-0.78125,,0.0,
147.795692917,477,819,260100,42.2615622222,-83.7375269444,33.0,2.31999993324,1056.0,35.6862754822,4.0,,,,,,,,-0.78125,,0.0,
147.795692917,477,819,261000,42.2615622222,-83.7375269444,33.0,2.31999993324,1056.0,32.1568641663,4.0,,,,,,,,-0.78125,,0.0,
147.795692917,477,819,261500,42.2615622222,-83.7375269444,32.0,2.31999993324,1056.0,32.1568641663,4.0,,,,,,,,-0.78125,,0.0,
147.795692917,477,819,262500,42.2615622222,-83.7375269444,32.0,8.18000030518,1211.0,32.1568641663,4.0,,,,,,,,-2.34375,,0.0,
147.795692917,477,819,262600,42.2615622222,-83.7375269444,33.0,8.18000030518,1211.0,32.1568641663,4.0,,,,,,,,-2.34375,,0.0,
147.795692917,477,819,263100,42.2614080556,-83.7372319444,33.0,8.18000030518,1211.0,32.1568641663,4.0,,,,,,,,-2.34375,,0.0,
147.795692917,477,819,263700,42.2614080556,-83.7372319444,34.0,8.18000030518,1211.0,32.1568641663,4.0,,,,,,,,-2.34375,,0.0,
147.795692917,477,819,264600,42.2614080556,-83.7372319444,34.0,13.779999733,1728.0,32.1568641663,4.0,,,,,,,,-2.34375,,0.0,
147.795692917,477,819,264700,42.2614080556,-83.7372319444,41.0,13.779999733,1728.0,32.1568641663,4.0,,,,,,,,-2.34375,,0.0,
147.795692917,477,819,265800,42.2614080556,-83.7372319444,43.0,13.779999733,1728.0,32.1568641663,4.0,,,,,,,,-2.34375,,0.0,
147.795692917,477,819,265900,42.2614080556,-83.7372319444,43.0,13.779999733,1728.0,52.9411773682,4.0,,,,,,,,-2.34375,,0.0,
147.795692917,477,819,266100,42.2612294444,-83.7368647222,43.0,13.779999733,1728.0,52.9411773682,4.0,,,,,,,,-2.34375,,0.0,
147.795692917,477,819,266800,42.2612294444,-83.7368647222,46.0,9.06999969482,1210.0,52.9411773682,4.0,,,,,,,,-2.34375,,0.0,
147.795692917,477,819,267500,42.2612294444,-83.7368647222,46.0,9.06999969482,1210.0,52.9411773682,4.0,,,,,,,,-0.78125,,0.0,
147.795692917,477,819,268100,42.2612294444,-83.7368647222,48.0,9.06999969482,1210.0,52.9411773682,4.0,,,,,,,,-0.78125,,0.0,
147.795692917,477,819,269200,42.2612294444,-83.7368647222,48.0,4.11999988556,1200.0,52.9411773682,4.0,,,,,,,,-0.78125,,0.0,
147.795692917,477,819,270000,42.2609788889,-83.7363033333,48.0,4.11999988556,1200.0,52.9411773682,4.0,,,,,,,,-0.78125,,0.0,
147.795692917,477,819,270200,42.2609788889,-83.7363033333,49.0,4.11999988556,1200.0,52.9411773682,4.0,,,,,,,,-0.78125,,0.0,
147.795692917,477,819,271200,42.2609788889,-83.7363033333,49.0,2.42000007629,1184.0,13.3333339691,4.0,,,,,,,,-0.78125,,0.0,
147.795692917,477,819,272800,42.2609788889,-83.7363033333,49.0,2.42000007629,1184.0,13.3333339691,4.0,,,,,,,,0.78125,,0.0,
147.795692917,477,819,273100,42.2608116667,-83.7358583333,49.0,2.42000007629,1184.0,13.3333339691,4.0,,,,,,,,0.78125,,0.0,
147.795692917,477,819,273600,42.2608116667,-83.7358583333,48.0,2.25999999046,1088.0,13.3333339691,4.0,,,,,,,,0.78125,,0.0,
147.795692917,477,819,274700,42.2608116667,-83.7358583333,47.0,2.25999999046,1088.0,13.3333339691,4.0,,,,,,,,0.78125,,0.0,
147.795692917,477,819,275700,42.2608116667,-83.7358583333,46.0,6.25,1184.0,13.3333339691,4.0,,,,,,,,0.78125,,0.0,
147.795692917,477,819,276100,42.2607036111,-83.7353858333,46.0,6.25,1184.0,13.3333339691,4.0,,,,,,,,0.78125,,0.0,
147.795692917,477,819,276800,42.2607036111,-83.7353858333,48.0,6.25,1184.0,38.8235282898,4.0,,,,,,,,0.78125,,0.0,
147.795692917,477,819,277800,42.2607036111,-83.7353858333,49.0,10.8199996948,1440.0,38.8235282898,4.0,,,,,,,,0.78125,,0.0,
147.795692917,477,819,278300,42.2607036111,-83.7353858333,49.0,10.8199996948,1440.0,38.8235282898,4.0,,,,,,,,0.0,,0.0,
147.795692917,477,819,279200,42.2607036111,-83.7353858333,50.0,10.8199996948,1440.0,38.8235282898,4.0,,,,,,,,0.0,,0.0,
147.795692917,477,819,280100,42.2605741667,-83.7347175,50.0,10.8199996948,1440.0,38.8235282898,4.0,,,,,,,,0.0,,0.0,
147.795692917,477,819,280200,42.2605741667,-83.7347175,53.0,9.97999954224,1411.0,38.8235282898,4.0,,,,,,,,0.0,,0.0,
147.795692917,477,819,281200,42.2605741667,-83.7347175,54.0,9.97999954224,1411.0,38.8235282898,4.0,,,,,,,,0.0,,0.0,
147.795692917,477,819,281800,42.2605741667,-83.7347175,54.0,9.97999954224,1411.0,41.9607849121,4.0,,,,,,,,0.0,,0.0,
147.795692917,477,819,282300,42.2605741667,-83.7347175,55.0,8.22999954224,1215.0,41.9607849121,4.0,,,,,,,,0.0,,0.0,
147.795692917,477,819,283000,42.260505,-83.7341952778,55.0,8.22999954224,1215.0,41.9607849121,4.0,,,,,,,,0.0,,0.0,
147.795692917,477,819,284700,42.260505,-83.7341952778,55.0,2.34999990463,1167.0,41.9607849121,4.0,,,,,,,,0.0,,0.0,
147.795692917,477,819,286000,42.260445,-83.733545,56.0,2.34999990463,1167.0,41.9607849121,4.0,,,,,,,,0.0,,0.0,
147.795692917,477,819,287200,42.260445,-83.733545,54.0,0.209999993443,0.0,0.0,4.0,,,,,,,,0.0,,0.0,
147.795692917,477,819,289100,42.2604583333,-83.7329947222,54.0,10.6199998856,1575.0,0.0,4.0,,,,,,,,0.0,,0.0,
147.795692917,477,819,290700,42.2604583333,-83.7329947222,55.0,10.6199998856,1575.0,0.0,4.0,,,,,,,,0.0,,0.0,
147.795692917,477,819,291100,42.2604583333,-83.7329947222,55.0,10.6199998856,114.0,0.0,4.0,,,,,,,,0.0,,0.0,
147.795692917,477,819,291200,42.2604583333,-83.7329947222,55.0,1.13999998569,114.0,0.0,4.0,,,,,,,,0.0,,0.0,
147.795692917,477,819,291700,42.2604583333,-83.7329947222,56.0,1.13999998569,114.0,0.0,4.0,,,,,,,,0.0,,0.0,
147.795692917,477,819,292100,42.2604811111,-83.732425,56.0,1.13999998569,114.0,0.0,4.0,,,,,,,,0.0,,0.0,
147.795692917,477,819,292200,42.2604811111,-83.732425,56.0,1.13999998569,114.0,66.2745132446,4.0,,,,,,,,0.0,,0.0,
147.795692917,477,819,292800,42.2604811111,-83.732425,55.0,1.13999998569,114.0,66.2745132446,4.0,,,,,,,,0.0,,0.0,
147.795692917,477,819,293100,42.2604811111,-83.732425,55.0,0.10000000149,0.0,66.2745132446,4.0,,,,,,,,0.0,,0.0,
147.795692917,477,819,293800,42.2604811111,-83.732425,56.0,0.10000000149,0.0,66.2745132446,4.0,,,,,,,,0.0,,0.0,
147.795692917,477,819,295200,42.2604811111,-83.732425,55.0,0.10000000149,0.0,66.2745132446,4.0,,,,,,,,0.0,,0.0,
147.795692917,477,819,296100,42.2604994444,-83.7316838889,55.0,0.10000000149,0.0,66.2745132446,4.0,,,,,,,,0.0,,0.0,
147.795692917,477,819,296200,42.2604994444,-83.7316838889,56.0,0.10000000149,0.0,66.2745132446,4.0,,,,,,,,0.0,,0.0,
147.795692917,477,819,297300,42.2604994444,-83.7316838889,54.0,0.0900000035763,0.0,0.0,4.0,,,,,,,,0.0,,0.0,
147.795692917,477,819,298300,42.2604994444,-83.7316838889,55.0,0.0900000035763,0.0,0.0,4.0,,,,,,,,0.0,,0.0,
147.795692917,477,819,299100,42.2604802778,-83.7311494444,55.0,0.0900000035763,0.0,0.0,4.0,,,,,,,,0.0,,0.0,
147.795692917,477,819,301700,42.2604802778,-83.7311494444,55.0,0.070000000298,0.0,0.0,4.0,,,,,,,,0.0,,0.0,
147.795692917,477,819,301800,42.2604802778,-83.7311494444,54.0,0.070000000298,0.0,0.0,4.0,,,,,,,,0.0,,0.0,
147.795692917,477,819,302100,42.2604625,-83.7305894444,54.0,0.070000000298,0.0,0.0,4.0,,,,,,,,0.0,,0.0,
147.795692917,477,819,303900,42.2604625,-83.7305894444,49.0,0.070000000298,0.0,0.0,4.0,,,,,,,,0.0,,0.0,
147.795692917,477,819,305200,42.2604625,-83.7305894444,46.0,0.070000000298,0.0,0.0,4.0,,,,,,,,0.0,,0.0,
147.795692917,477,819,306000,42.2604444444,-83.7300658333,46.0,0.070000000298,0.0,0.0,4.0,,,,,,,,0.0,,0.0,
147.795692917,477,819,306200,42.2604444444,-83.7300658333,37.0,0.070000000298,0.0,0.0,4.0,,,,,,,,0.0,,0.0,
147.795692917,477,819,307300,42.2604444444,-83.7300658333,25.0,0.070000000298,0.0,0.0,4.0,,,,,,,,0.0,,0.0,
147.795692917,477,819,309000,42.2604316667,-83.7299363889,25.0,0.070000000298,0.0,0.0,4.0,,,,,,,,0.0,,0.0,
147.795692917,477,819,309400,42.2604316667,-83.7299363889,12.0,0.070000000298,0.0,0.0,4.0,,,,,,,,0.0,,0.0,
147.795692917,477,819,312000,42.2604280556,-83.7299258333,12.0,0.070000000298,0.0,0.0,4.0,,,,,,,,0.0,,0.0,
147.795692917,477,819,315900,42.2604280556,-83.7299258333,0.0,0.070000000298,0.0,0.0,4.0,,,,,,,,0.0,,0.0,
147.795692917,477,819,342100,42.2605536111,-83.7299827778,0.0,0.070000000298,0.0,0.0,4.0,,,,,,,,0.0,,0.0,
147.795692917,477,819,372000,42.2607852778,-83.7299297222,0.0,0.070000000298,0.0,0.0,4.0,,,,,,,,0.0,,0.0,
147.795692917,477,819,400000,42.2607594444,-83.7299286111,0.0,0.070000000298,0.0,0.0,4.0,,,,,,,,0.0,,0.0,
147.795692917,477,819,400900,42.2607594444,-83.7299286111,0.0,7.15000009537,1344.0,0.0,4.0,,,,,,,,0.0,,0.0,
147.795692917,477,819,401000,42.2607594444,-83.7299286111,0.0,7.15000009537,1344.0,36.8627471924,4.0,,,,,,,,0.0,,0.0,
147.795692917,477,819,401700,42.2607594444,-83.7299286111,0.0,7.15000009537,1344.0,36.8627471924,4.0,,,,,,,,-1.5625,,0.0,
147.795692917,477,819,402800,42.2607594444,-83.7299286111,16.0,7.15000009537,1344.0,36.8627471924,4.0,,,,,,,,-1.5625,,0.0,
147.795692917,477,819,402900,42.2607594444,-83.7299286111,16.0,5.94999980927,1337.0,36.8627471924,4.0,,,,,,,,-1.5625,,0.0,
147.795692917,477,819,403100,42.26075,-83.7298272222,16.0,5.94999980927,1337.0,36.8627471924,4.0,,,,,,,,-1.5625,,0.0,
147.795692917,477,819,404900,42.26075,-83.7298272222,17.0,5.94999980927,1319.0,36.8627471924,4.0,,,,,,,,-1.5625,,0.0,
147.795692917,477,819,405000,42.26075,-83.7298272222,17.0,5.15000009537,1319.0,36.8627471924,4.0,,,,,,,,-1.5625,,0.0,
147.795692917,477,819,406000,42.26075,-83.7298272222,19.0,5.15000009537,1319.0,36.8627471924,4.0,,,,,,,,-1.5625,,0.0,
147.795692917,477,819,406100,42.260685,-83.7296791667,19.0,5.15000009537,1319.0,41.1764717102,4.0,,,,,,,,-1.5625,,0.0,
147.795692917,477,819,407000,42.260685,-83.7296791667,19.0,5.15000009537,1280.0,41.1764717102,4.0,,,,,,,,-1.5625,,0.0,
147.795692917,477,819,407600,42.260685,-83.7296791667,21.0,9.26000022888,1280.0,41.1764717102,4.0,,,,,,,,-1.5625,,0.0,
147.795692917,477,819,408600,42.260685,-83.7296791667,23.0,9.26000022888,1280.0,41.1764717102,4.0,,,,,,,,-1.5625,,0.0,
147.795692917,477,819,409000,42.260685,-83.7296791667,23.0,9.26000022888,1664.0,41.1764717102,4.0,,,,,,,,-1.5625,,0.0,
147.795692917,477,819,409100,42.2605138889,-83.7295405556,23.0,9.26000022888,1664.0,41.1764717102,4.0,,,,,,,,-1.5625,,0.0,
147.795692917,477,819,409600,42.2605138889,-83.7295405556,29.0,13.7899999619,1664.0,41.1764717102,4.0,,,,,,,,-1.5625,,0.0,
147.795692917,477,819,410700,42.2605138889,-83.7295405556,32.0,13.7899999619,1664.0,41.1764717102,4.0,,,,,,,,-1.5625,,0.0,
147.795692917,477,819,411000,42.2605138889,-83.7295405556,32.0,13.7899999619,1248.0,41.1764717102,4.0,,,,,,,,-1.5625,,0.0,
147.795692917,477,819,411600,42.2605138889,-83.7295405556,32.0,9.64999961853,1248.0,50.5882377625,4.0,,,,,,,,-1.5625,,0.0,
147.795692917,477,819,411900,42.2605138889,-83.7295405556,32.0,9.64999961853,1248.0,50.5882377625,4.0,,,,,,,,2.34375,,0.0,
147.795692917,477,819,413000,42.2602202778,-83.7293313889,32.0,9.64999961853,1248.0,50.5882377625,4.0,,,,,,,,2.34375,,0.0,
147.795692917,477,819,413200,42.2602202778,-83.7293313889,36.0,9.64999961853,1310.0,50.5882377625,4.0,,,,,,,,2.34375,,0.0,
147.795692917,477,819,413600,42.2602202778,-83.7293313889,36.0,14.5,1310.0,50.5882377625,4.0,,,,,,,,2.34375,,0.0,
147.795692917,477,819,414200,42.2602202778,-83.7293313889,36.0,14.5,1310.0,50.5882377625,4.0,,,,,,,,2.34375,,0.0,
147.795692917,477,819,415200,42.2602202778,-83.7293313889,39.0,14.5,1792.0,50.5882377625,4.0,,,,,,,,2.34375,,0.0,
147.795692917,477,819,415600,42.2602202778,-83.7293313889,39.0,14.9300003052,1792.0,50.5882377625,4.0,,,,,,,,2.34375,,0.0,
147.795692917,477,819,416000,42.25994,-83.7291444444,39.0,14.9300003052,1792.0,50.5882377625,4.0,,,,,,,,2.34375,,0.0,
147.795692917,477,819,416300,42.25994,-83.7291444444,43.0,14.9300003052,1792.0,50.5882377625,4.0,,,,,,,,2.34375,,0.0,
147.795692917,477,819,416700,42.25994,-83.7291444444,43.0,14.9300003052,1792.0,55.2941169739,4.0,,,,,,,,2.34375,,0.0,
147.795692917,477,819,417300,42.25994,-83.7291444444,45.0,14.9300003052,1632.0,55.2941169739,4.0,,,,,,,,-0.78125,,0.0,
147.795692917,477,819,417900,42.25994,-83.7291444444,45.0,13.3199996948,1632.0,55.2941169739,4.0,,,,,,,,-0.78125,,0.0,
147.795692917,477,819,418700,42.25994,-83.7291444444,47.0,13.3199996948,1632.0,55.2941169739,4.0,,,,,,,,-0.78125,,0.0,
147.795692917,477,819,419100,42.2596222222,-83.7289344444,47.0,13.3199996948,1632.0,55.2941169739,4.0,,,,,,,,-0.78125,,0.0,
147.795692917,477,819,419800,42.2596222222,-83.7289344444,48.0,13.3199996948,1471.0,55.2941169739,4.0,,,,,,,,-0.78125,,0.0,
147.795692917,477,819,420400,42.2596222222,-83.7289344444,48.0,11.3900003433,1471.0,55.2941169739,4.0,,,,,,,,-0.78125,,0.0,
147.795692917,477,819,420800,42.2596222222,-83.7289344444,51.0,11.3900003433,1471.0,55.2941169739,4.0,,,,,,,,-0.78125,,0.0,
147.795692917,477,819,421700,42.2596222222,-83.7289344444,51.0,11.3900003433,1471.0,50.5882377625,4.0,,,,,,,,-0.78125,,0.0,
147.795692917,477,819,421800,42.2596222222,-83.7289344444,51.0,11.3900003433,1440.0,50.5882377625,4.0,,,,,,,,-0.78125,,0.0,
147.795692917,477,819,422100,42.2592777778,-83.7287052778,51.0,11.3900003433,1440.0,50.5882377625,4.0,,,,,,,,-0.78125,,0.0,
147.795692917,477,819,422400,42.2592777778,-83.7287052778,51.0,10.9499998093,1440.0,50.5882377625,4.0,,,,,,,,-2.34375,,0.0,
147.795692917,477,819,424000,42.2592777778,-83.7287052778,54.0,10.9499998093,1440.0,50.5882377625,4.0,,,,,,,,-2.34375,,0.0,
147.795692917,477,819,424800,42.2592777778,-83.7287052778,54.0,9.31999969482,1440.0,50.5882377625,4.0,,,,,,,,-2.34375,,0.0,
147.795692917,477,819,425000,42.2589152778,-83.7284611111,54.0,9.31999969482,1440.0,50.5882377625,4.0,,,,,,,,-2.34375,,0.0,
147.795692917,477,819,425100,42.2589152778,-83.7284611111,55.0,9.31999969482,1440.0,50.5882377625,4.0,,,,,,,,-2.34375,,0.0,
147.795692917,477,819,425900,42.2589152778,-83.7284611111,55.0,9.31999969482,1196.0,50.5882377625,4.0,,,,,,,,-2.34375,,0.0,
147.795692917,477,819,426900,42.2589152778,-83.7284611111,55.0,6.32000017166,1196.0,34.9019622803,4.0,,,,,,,,-2.34375,,0.0,
147.795692917,477,819,428000,42.2589152778,-83.7284611111,55.0,6.32000017166,1198.0,34.9019622803,4.0,,,,,,,,0.0,,0.0,
147.795692917,477,819,428500,42.2589152778,-83.7284611111,57.0,6.32000017166,1198.0,34.9019622803,4.0,,,,,,,,0.0,,0.0,
147.795692917,477,819,429100,42.2584183333,-83.7281172222,57.0,6.32000017166,1198.0,34.9019622803,4.0,,,,,,,,0.0,,0.0,
147.795692917,477,819,429300,42.2584183333,-83.7281172222,57.0,5.86999988556,1198.0,34.9019622803,4.0,,,,,,,,0.0,,0.0,
147.795692917,477,819,430400,42.2584183333,-83.7281172222,57.0,5.86999988556,1190.0,34.9019622803,4.0,,,,,,,,0.0,,0.0,
147.795692917,477,819,430600,42.2584183333,-83.7281172222,55.0,5.86999988556,1190.0,34.9019622803,4.0,,,,,,,,0.0,,0.0,
147.795692917,477,819,431400,42.2584183333,-83.7281172222,55.0,9.03999996185,1190.0,34.9019622803,4.0,,,,,,,,0.0,,0.0,
147.795692917,477,819,432100,42.2580377778,-83.7278572222,55.0,9.03999996185,1190.0,34.9019622803,4.0,,,,,,,,0.0,,0.0,
147.795692917,477,819,432400,42.2580377778,-83.7278572222,55.0,9.03999996185,1568.0,50.5882377625,4.0,,,,,,,,0.0,,0.0,
147.795692917,477,819,433000,42.2580377778,-83.7278572222,58.0,9.03999996185,1568.0,50.5882377625,4.0,,,,,,,,0.0,,0.0,
147.795692917,477,819,433800,42.2580377778,-83.7278572222,58.0,9.34000015259,1568.0,50.5882377625,4.0,,,,,,,,0.0,,0.0,
147.795692917,477,819,434400,42.2580377778,-83.7278572222,58.0,9.34000015259,1248.0,50.5882377625,4.0,,,,,,,,0.0,,0.0,
147.795692917,477,819,435000,42.2576483333,-83.7275983333,58.0,9.34000015259,1248.0,50.5882377625,4.0,,,,,,,,0.0,,0.0,
147.795692917,477,819,435400,42.2576483333,-83.7275983333,59.0,9.34000015259,1248.0,50.5882377625,4.0,,,,,,,,0.0,,0.0,
147.795692917,477,819,436200,42.2576483333,-83.7275983333,59.0,10.0900001526,1248.0,50.5882377625,4.0,,,,,,,,0.0,,0.0,
147.795692917,477,819,436400,42.2576483333,-83.7275983333,59.0,10.0900001526,1430.0,50.5882377625,4.0,,,,,,,,0.0,,0.0,
147.795692917,477,819,437500,42.2576483333,-83.7275983333,60.0,10.0900001526,1430.0,47.0588226318,4.0,,,,,,,,0.0,,0.0,
147.795692917,477,819,438000,42.2572433333,-83.727335,60.0,10.0900001526,1430.0,47.0588226318,4.0,,,,,,,,0.0,,0.0,
147.795692917,477,819,438300,42.2572433333,-83.727335,60.0,10.0699996948,1430.0,47.0588226318,4.0,,,,,,,,-2.34375,,0.0,
147.795692917,477,819,438400,42.2572433333,-83.727335,60.0,10.0699996948,1474.0,47.0588226318,4.0,,,,,,,,-2.34375,,0.0,
147.795692917,477,819,438500,42.2572433333,-83.727335,61.0,10.0699996948,1474.0,47.0588226318,4.0,,,,,,,,-2.34375,,0.0,
147.795692917,477,819,440300,42.2572433333,-83.727335,61.0,10.3500003815,1474.0,47.0588226318,4.0,,,,,,,,-2.34375,,0.0,
147.795692917,477,819,440900,42.2572433333,-83.727335,61.0,10.3500003815,1472.0,47.0588226318,4.0,,,,,,,,-2.34375,,0.0,
147.795692917,477,819,441000,42.2572433333,-83.727335,63.0,10.3500003815,1472.0,47.0588226318,4.0,,,,,,,,-2.34375,,0.0,
147.795692917,477,819,441100,42.2568252778,-83.72706,63.0,10.3500003815,1472.0,47.0588226318,4.0,,,,,,,,-2.34375,,0.0,
147.795692917,477,819,442300,42.2568252778,-83.72706,63.0,9.03999996185,1472.0,47.0588226318,4.0,,,,,,,,-2.34375,,0.0,
147.795692917,477,819,442500,42.2568252778,-83.72706,63.0,9.03999996185,1472.0,46.2745094299,4.0,,,,,,,,-2.34375,,0.0,
147.795692917,477,819,443100,42.2568252778,-83.72706,63.0,9.03999996185,1280.0,46.2745094299,4.0,,,,,,,,-2.34375,,0.0,
147.795692917,477,819,443300,42.2568252778,-83.72706,63.0,9.03999996185,1280.0,46.2745094299,4.0,,,,,,,,0.78125,,0.0,
147.795692917,477,819,444400,42.2568252778,-83.72706,63.0,8.84000015259,1280.0,46.2745094299,4.0,,,,,,,,0.78125,,0.0,
147.795692917,477,819,445100,42.2562630556,-83.7266736111,63.0,8.84000015259,1280.0,46.2745094299,4.0,,,,,,,,0.78125,,0.0,
147.795692917,477,819,446600,42.2562630556,-83.7266736111,63.0,8.92000007629,1280.0,46.2745094299,4.0,,,,,,,,0.78125,,0.0,
147.795692917,477,819,447700,42.2562630556,-83.7266736111,62.0,8.92000007629,1289.0,46.6666679382,4.0,,,,,,,,0.78125,,0.0,
147.795692917,477,819,448000,42.2558411111,-83.7263936111,62.0,8.92000007629,1289.0,46.6666679382,4.0,,,,,,,,0.78125,,0.0,
147.795692917,477,819,448700,42.2558411111,-83.7263936111,61.0,7.78999996185,1289.0,46.6666679382,4.0,,,,,,,,0.0,,0.0,
147.795692917,477,819,449800,42.2558411111,-83.7263936111,61.0,7.78999996185,1206.0,46.6666679382,4.0,,,,,,,,0.0,,0.0,
147.795692917,477,819,450800,42.2558411111,-83.7263936111,62.0,7.11999988556,1206.0,46.6666679382,4.0,,,,,,,,0.0,,0.0,
147.795692917,477,819,452000,42.2553041667,-83.72602,62.0,7.11999988556,1206.0,46.6666679382,4.0,,,,,,,,0.0,,0.0,
147.795692917,477,819,452200,42.2553041667,-83.72602,58.0,7.11999988556,1212.0,46.6666679382,4.0,,,,,,,,0.0,,0.0,
147.795692917,477,819,453200,42.2553041667,-83.72602,60.0,5.53000020981,1212.0,30.5882358551,4.0,,,,,,,,0.0,,0.0,
147.795692917,477,819,454200,42.2553041667,-83.72602,60.0,5.53000020981,1142.0,30.5882358551,4.0,,,,,,,,-0.78125,,0.0,
147.795692917,477,819,455100,42.2549127778,-83.7257494444,60.0,5.53000020981,1142.0,30.5882358551,4.0,,,,,,,,-0.78125,,0.0,
147.795692917,477,819,455300,42.2549127778,-83.7257494444,59.0,1.23000001907,1142.0,30.5882358551,4.0,,,,,,,,-0.78125,,0.0,
147.795692917,477,819,456300,42.2549127778,-83.7257494444,57.0,1.23000001907,0.0,30.5882358551,4.0,,,,,,,,-0.78125,,0.0,
147.795692917,477,819,457700,42.2549127778,-83.7257494444,56.0,0.119999997318,0.0,30.5882358551,4.0,,,,,,,,-0.78125,,0.0,
147.795692917,477,819,458100,42.2545341667,-83.7254927778,56.0,0.119999997318,0.0,30.5882358551,4.0,,,,,,,,-0.78125,,0.0,
147.795692917,477,819,458700,42.2545341667,-83.7254927778,56.0,0.119999997318,0.0,0.0,4.0,,,,,,,,-0.78125,,0.0,
147.795692917,477,819,459300,42.2545341667,-83.7254927778,56.0,0.119999997318,0.0,0.0,4.0,,,,,,,,0.0,,0.0,
147.795692917,477,819,459800,42.2545341667,-83.7254927778,57.0,0.10000000149,0.0,0.0,4.0,,,,,,,,0.0,,0.0,
147.795692917,477,819,460800,42.2545341667,-83.7254927778,56.0,0.10000000149,0.0,0.0,4.0,,,,,,,,0.0,,0.0,
147.795692917,477,819,461100,42.2541636111,-83.7252427778,56.0,0.10000000149,0.0,0.0,4.0,,,,,,,,0.0,,0.0,
147.795692917,477,819,462500,42.2541636111,-83.7252427778,56.0,0.10000000149,0.0,0.0,4.0,,,,,,,,0.0,,0.78125,
147.795692917,477,819,463800,42.2541636111,-83.7252427778,56.0,0.0900000035763,0.0,0.0,4.0,,,,,,,,0.0,,0.78125,
147.795692917,477,819,464000,42.2537955556,-83.7249847222,56.0,0.0900000035763,0.0,0.0,4.0,,,,,,,,0.0,,0.78125,
147.795692917,477,819,464100,42.2537955556,-83.7249847222,57.0,0.0900000035763,0.0,0.0,4.0,,,,,,,,0.0,,0.78125,
147.795692917,477,819,468000,42.2533044444,-83.7246013889,57.0,0.0900000035763,0.0,0.0,4.0,,,,,,,,0.0,,0.78125,
147.795692917,477,819,468300,42.2533044444,-83.7246013889,57.0,9.51000022888,0.0,0.0,4.0,,,,,,,,0.0,,0.78125,
147.795692917,477,819,469400,42.2533044444,-83.7246013889,57.0,9.51000022888,0.0,44.3137245178,4.0,,,,,,,,0.0,,0.78125,
147.795692917,477,819,469500,42.2533044444,-83.7246013889,57.0,9.51000022888,1424.0,44.3137245178,4.0,,,,,,,,0.0,,0.78125,
147.795692917,477,819,469600,42.2533044444,-83.7246013889,58.0,9.51000022888,1424.0,44.3137245178,4.0,,,,,,,,0.0,,0.78125,
147.795692917,477,819,470400,42.2533044444,-83.7246013889,58.0,8.27999973297,1424.0,44.3137245178,4.0,,,,,,,,0.0,,0.78125,
147.795692917,477,819,470600,42.2533044444,-83.7246013889,59.0,8.27999973297,1424.0,44.3137245178,4.0,,,,,,,,0.0,,0.78125,
147.795692917,477,819,471000,42.2529375,-83.7243033333,59.0,8.27999973297,1424.0,44.3137245178,4.0,,,,,,,,0.0,,0.78125,
147.795692917,477,819,471500,42.2529375,-83.7243033333,59.0,8.27999973297,1184.0,44.3137245178,4.0,,,,,,,,0.0,,0.78125,
147.795692917,477,819,472500,42.2529375,-83.7243033333,59.0,1.10000002384,1184.0,44.3137245178,4.0,,,,,,,,0.0,,0.78125,
147.795692917,477,819,473800,42.2529375,-83.7243033333,59.0,1.10000002384,96.0,44.3137245178,4.0,,,,,,,,0.0,,0.78125,
147.795692917,477,819,474100,42.2525794444,-83.7240016667,59.0,1.10000002384,96.0,44.3137245178,4.0,,,,,,,,0.0,,0.78125,
147.795692917,477,819,474400,42.2525794444,-83.7240016667,59.0,1.10000002384,96.0,0.0,4.0,,,,,,,,0.0,,0.78125,
147.795692917,477,819,474900,42.2525794444,-83.7240016667,59.0,0.140000000596,96.0,0.0,4.0,,,,,,,,0.0,,0.78125,
147.795692917,477,819,475100,42.2525794444,-83.7240016667,57.0,0.140000000596,96.0,0.0,4.0,,,,,,,,0.0,,0.78125,
147.795692917,477,819,476100,42.2525794444,-83.7240016667,57.0,0.140000000596,0.0,0.0,4.0,,,,,,,,0.0,,0.78125,
147.795692917,477,819,477200,42.2525794444,-83.7240016667,57.0,0.10000000149,0.0,0.0,4.0,,,,,,,,0.0,,0.78125,
147.795692917,477,819,478000,42.2521211111,-83.7236063889,57.0,0.10000000149,0.0,0.0,4.0,,,,,,,,0.0,,0.78125,
147.795692917,477,819,479200,42.2521211111,-83.7236063889,57.0,0.0900000035763,0.0,0.0,4.0,,,,,,,,0.0,,0.78125,
147.795692917,477,819,480500,42.2521211111,-83.7236063889,53.0,0.0900000035763,0.0,0.0,4.0,,,,,,,,0.0,,0.78125,
147.795692917,477,819,481100,42.2517994444,-83.7233308333,53.0,0.0900000035763,0.0,0.0,4.0,,,,,,,,0.0,,0.78125,
147.795692917,477,819,481300,42.2517994444,-83.7233308333,53.0,0.070000000298,0.0,0.0,4.0,,,,,,,,0.0,,0.78125,
147.795692917,477,819,482500,42.2517994444,-83.7233308333,53.0,0.070000000298,1036.0,0.0,4.0,,,,,,,,0.0,,0.78125,
147.795692917,477,819,483400,42.2517994444,-83.7233308333,53.0,13.2899999619,1036.0,0.0,4.0,,,,,,,,0.0,,0.78125,
147.795692917,477,819,484000,42.2517994444,-83.7233308333,54.0,13.2899999619,1036.0,0.0,4.0,,,,,,,,0.0,,0.78125,
147.795692917,477,819,484100,42.2514733333,-83.7230511111,54.0,13.2899999619,1036.0,0.0,4.0,,,,,,,,0.0,,0.78125,
147.795692917,477,819,484800,42.2514733333,-83.7230511111,54.0,13.2899999619,1610.0,0.0,4.0,,,,,,,,0.0,,0.78125,
147.795692917,477,819,485800,42.2514733333,-83.7230511111,54.0,11.0600004196,1610.0,49.8039207458,4.0,,,,,,,,0.0,,0.78125,
147.795692917,477,819,486800,42.2514733333,-83.7230511111,54.0,11.0600004196,1321.0,49.8039207458,4.0,,,,,,,,0.0,,0.78125,
147.795692917,477,819,487100,42.2511308333,-83.7227702778,54.0,11.0600004196,1321.0,49.8039207458,4.0,,,,,,,,0.0,,0.78125,
147.795692917,477,819,487900,42.2511308333,-83.7227702778,54.0,9.64999961853,1321.0,49.8039207458,4.0,,,,,,,,0.0,,0.78125,
147.795692917,477,819,488900,42.2511308333,-83.7227702778,54.0,9.64999961853,1536.0,49.8039207458,4.0,,,,,,,,0.0,,0.78125,
147.795692917,477,819,490300,42.2511308333,-83.7227702778,54.0,7.21000003815,1536.0,49.8039207458,4.0,,,,,,,,0.0,,0.78125,
147.795692917,477,819,490500,42.2511308333,-83.7227702778,53.0,7.21000003815,1536.0,49.8039207458,4.0,,,,,,,,0.0,,0.78125,
147.795692917,477,819,491000,42.2506766667,-83.7223941667,53.0,7.21000003815,1536.0,49.8039207458,4.0,,,,,,,,0.0,,0.78125,
147.795692917,477,819,491300,42.2506766667,-83.7223941667,53.0,7.21000003815,1184.0,14.117647171,4.0,,,,,,,,-4.6875,,0.78125,
147.795692917,477,819,491500,42.2506766667,-83.7223941667,54.0,7.21000003815,1184.0,14.117647171,4.0,,,,,,,,-4.6875,,0.78125,
147.795692917,477,819,492400,42.2506766667,-83.7223941667,54.0,1.5,1184.0,14.117647171,4.0,,,,,,,,-4.6875,,0.78125,
147.795692917,477,819,492500,42.2506766667,-83.7223941667,54.0,1.5,1184.0,14.117647171,4.0,,,,,,,,-4.6875,,0.0,
147.795692917,477,819,493100,42.2506766667,-83.7223941667,52.0,1.5,1184.0,14.117647171,4.0,,,,,,,,-4.6875,,0.0,
147.795692917,477,819,493300,42.2506766667,-83.7223941667,52.0,1.5,0.0,14.117647171,4.0,,,,,,,,-4.6875,,0.0,
147.795692917,477,819,494000,42.2503452778,-83.72212,52.0,1.5,0.0,14.117647171,4.0,,,,,,,,-4.6875,,0.0,
147.795692917,477,819,494500,42.2503452778,-83.72212,51.0,0.170000001788,0.0,14.117647171,4.0,,,,,,,,-4.6875,,0.0,
147.795692917,477,819,495500,42.2503452778,-83.72212,48.0,0.170000001788,0.0,14.117647171,4.0,,,,,,,,-4.6875,,0.0,
147.795692917,477,819,496400,42.2503452778,-83.72212,48.0,0.170000001788,0.0,0.0,4.0,,,,,,,,0.0,,0.0,
147.795692917,477,819,496500,42.2503452778,-83.72212,48.0,0.0900000035763,0.0,0.0,4.0,,,,,,,,0.0,,0.0,
147.795692917,477,819,496600,42.2503452778,-83.72212,47.0,0.0900000035763,0.0,0.0,4.0,,,,,,,,0.0,,0.0,
147.795692917,477,819,497100,42.2500425,-83.7218711111,47.0,0.0900000035763,0.0,0.0,4.0,,,,,,,,0.0,,0.0,
147.795692917,477,819,500000,42.2500425,-83.7218711111,48.0,0.0900000035763,0.0,0.0,4.0,,,,,,,,0.0,,0.0,
147.795692917,477,819,500100,42.2497411111,-83.7216194444,48.0,0.0900000035763,0.0,0.0,4.0,,,,,,,,0.0,,0.0,
147.795692917,477,819,503000,42.2494352778,-83.7213708333,48.0,0.0900000035763,0.0,0.0,4.0,,,,,,,,0.0,,0.0,
147.795692917,477,819,503100,42.2494352778,-83.7213708333,49.0,0.0900000035763,0.0,0.0,4.0,,,,,,,,0.0,,0.0,
147.795692917,477,819,505600,42.2494352778,-83.7213708333,51.0,0.0900000035763,0.0,0.0,4.0,,,,,,,,0.0,,0.0,
147.795692917,477,819,507000,42.249015,-83.7210172222,51.0,0.0900000035763,0.0,0.0,4.0,,,,,,,,0.0,,0.0,
147.795692917,477,819,507400,42.249015,-83.7210172222,51.0,0.070000000298,0.0,0.0,4.0,,,,,,,,0.0,,0.0,
147.795692917,477,819,509500,42.249015,-83.7210172222,51.0,0.0900000035763,0.0,0.0,4.0,,,,,,,,0.0,,0.0,
147.795692917,477,819,509700,42.249015,-83.7210172222,52.0,0.0900000035763,0.0,0.0,4.0,,,,,,,,0.0,,0.0,
147.795692917,477,819,510000,42.2486802778,-83.7207455556,52.0,0.0900000035763,0.0,0.0,4.0,,,,,,,,0.0,,0.0,
147.795692917,477,819,511100,42.2486802778,-83.7207455556,53.0,0.0900000035763,0.0,0.0,4.0,,,,,,,,0.0,,0.0,
147.795692917,477,819,511500,42.2486802778,-83.7207455556,53.0,0.070000000298,0.0,0.0,4.0,,,,,,,,0.0,,0.0,
147.795692917,477,819,513100,42.2483433333,-83.7204702778,53.0,0.070000000298,0.0,0.0,4.0,,,,,,,,0.0,,0.0,
147.795692917,477,819,515400,42.2483433333,-83.7204702778,52.0,0.070000000298,0.0,0.0,4.0,,,,,,,,0.0,,0.0,
147.795692917,477,819,516100,42.2479963889,-83.7202147222,52.0,0.070000000298,0.0,0.0,4.0,,,,,,,,0.0,,0.0,
147.795692917,477,819,517000,42.2479963889,-83.7202147222,51.0,0.070000000298,0.0,0.0,4.0,,,,,,,,0.0,,0.0,
147.795692917,477,819,520000,42.2474844444,-83.7200063889,51.0,0.070000000298,0.0,0.0,4.0,,,,,,,,0.0,,0.0,
147.795692917,477,819,521900,42.2474844444,-83.7200063889,51.0,10.1800003052,0.0,0.0,4.0,,,,,,,,0.0,,0.0,
147.795692917,477,819,522100,42.2472163889,-83.7199683333,51.0,10.1800003052,0.0,0.0,4.0,,,,,,,,0.0,,0.0,
147.795692917,477,819,522600,42.2472163889,-83.7199683333,52.0,10.1800003052,0.0,0.0,4.0,,,,,,,,0.0,,0.0,
147.795692917,477,819,523100,42.2472163889,-83.7199683333,52.0,10.1800003052,1376.0,43.1372566223,4.0,,,,,,,,0.78125,,0.0,
147.795692917,477,819,523900,42.2472163889,-83.7199683333,55.0,12.0,1376.0,43.1372566223,4.0,,,,,,,,0.78125,,0.0,
147.795692917,477,819,525100,42.2472163889,-83.7199683333,55.0,12.0,1568.0,43.1372566223,4.0,,,,,,,,0.78125,,0.0,
147.795692917,477,819,526000,42.2466666667,-83.7199252778,57.0,10.6400003433,1568.0,43.1372566223,4.0,,,,,,,,0.78125,,0.0,
147.795692917,477,819,527000,42.2466666667,-83.7199252778,58.0,10.6400003433,1568.0,43.1372566223,4.0,,,,,,,,0.78125,,0.0,
147.795692917,477,819,527100,42.2466666667,-83.7199252778,58.0,10.6400003433,1216.0,43.1372566223,4.0,,,,,,,,0.78125,,0.0,
147.795692917,477,819,528400,42.2466666667,-83.7199252778,57.0,2.21000003815,1216.0,12.9411764145,4.0,,,,,,,,-6.25,,0.0,
147.795692917,477,819,529200,42.2462225,-83.71991,57.0,2.21000003815,1216.0,12.9411764145,4.0,,,,,,,,-6.25,,0.0,
147.795692917,477,819,529400,42.2462225,-83.71991,57.0,2.21000003815,1152.0,12.9411764145,4.0,,,,,,,,-6.25,,0.0,
147.795692917,477,819,530500,42.2462225,-83.71991,56.0,2.27999997139,1152.0,12.9411764145,4.0,,,,,,,,-6.25,,0.0,
147.795692917,477,819,531500,42.2462225,-83.71991,54.0,2.27999997139,509.0,12.9411764145,4.0,,,,,,,,-6.25,,0.0,
147.795692917,477,819,532100,42.2458036111,-83.7198972222,54.0,2.27999997139,509.0,12.9411764145,4.0,,,,,,,,-6.25,,0.0,
147.795692917,477,819,532600,42.2458036111,-83.7198972222,51.0,1.67999994755,509.0,12.9411764145,4.0,,,,,,,,-6.25,,0.0,
147.795692917,477,819,533900,42.2458036111,-83.7198972222,49.0,1.67999994755,0.0,0.0,4.0,,,,,,,,0.0,,0.0,
147.795692917,477,819,535000,42.2458036111,-83.7198972222,46.0,0.10000000149,0.0,0.0,4.0,,,,,,,,0.0,,0.0,
147.795692917,477,819,535100,42.2454316667,-83.7198947222,46.0,0.10000000149,0.0,0.0,4.0,,,,,,,,0.0,,0.0,
147.795692917,477,819,536000,42.2454316667,-83.7198947222,45.0,0.10000000149,0.0,0.0,4.0,,,,,,,,0.0,,0.0,
147.795692917,477,819,537000,42.2454316667,-83.7198947222,43.0,0.0900000035763,0.0,0.0,4.0,,,,,,,,0.0,,0.0,
147.795692917,477,819,538100,42.2454316667,-83.7198947222,40.0,0.0900000035763,0.0,0.0,4.0,,,,,,,,0.0,,0.0,
147.795692917,477,819,539100,42.2449927778,-83.7199175,40.0,0.0900000035763,0.0,0.0,4.0,,,,,,,,0.0,,0.0,
147.795692917,477,819,539400,42.2449927778,-83.7199175,39.0,0.070000000298,0.0,0.0,4.0,,,,,,,,0.0,,0.0,
147.795692917,477,819,540500,42.2449927778,-83.7199175,35.0,0.070000000298,0.0,0.0,4.0,,,,,,,,0.0,,0.0,
147.795692917,477,819,541900,42.2449927778,-83.7199175,35.0,0.0900000035763,0.0,0.0,4.0,,,,,,,,0.0,,0.0,
147.795692917,477,819,542000,42.2447294444,-83.7199338889,35.0,0.0900000035763,0.0,0.0,4.0,,,,,,,,0.0,,0.0,
147.795692917,477,819,543000,42.2447294444,-83.7199338889,31.0,0.0900000035763,0.0,0.0,4.0,,,,,,,,0.0,,0.0,
147.795692917,477,819,544300,42.2447294444,-83.7199338889,27.0,0.070000000298,0.0,0.0,4.0,,,,,,,,0.0,,0.0,
147.795692917,477,819,545000,42.2445336111,-83.7199575,27.0,0.070000000298,0.0,0.0,4.0,,,,,,,,0.0,,0.0,
147.795692917,477,819,545400,42.2445336111,-83.7199575,24.0,0.070000000298,0.0,0.0,4.0,,,,,,,,0.0,,0.0,
147.795692917,477,819,546400,42.2445336111,-83.7199575,16.0,0.070000000298,0.0,0.0,4.0,,,,,,,,0.0,,0.0,
147.795692917,477,819,547500,42.2445336111,-83.7199575,17.0,0.070000000298,0.0,0.0,4.0,,,,,,,,0.0,,0.0,
147.795692917,477,819,548100,42.2444066667,-83.7199497222,17.0,0.070000000298,0.0,0.0,4.0,,,,,,,,0.0,,0.0,
147.795692917,477,819,548600,42.2444066667,-83.7199497222,13.0,0.070000000298,0.0,0.0,4.0,,,,,,,,0.0,,0.0,
147.795692917,477,819,550100,42.2444066667,-83.7199497222,11.0,0.070000000298,0.0,0.0,4.0,,,,,,,,0.0,,0.0,
147.795692917,477,819,550600,42.2444066667,-83.7199497222,11.0,7.11999988556,0.0,0.0,4.0,,,,,,,,0.0,,0.0,
147.795692917,477,819,551100,42.2442888889,-83.7199594444,11.0,7.11999988556,0.0,0.0,4.0,,,,,,,,0.0,,0.0,
147.795692917,477,819,551200,42.2442888889,-83.7199594444,16.0,7.11999988556,0.0,0.0,4.0,,,,,,,,0.0,,0.0,
147.795692917,477,819,551500,42.2442888889,-83.7199594444,16.0,7.11999988556,1264.0,0.0,4.0,,,,,,,,0.0,,0.0,
147.795692917,477,819,552300,42.2442888889,-83.7199594444,21.0,7.11999988556,1264.0,0.0,4.0,,,,,,,,0.0,,0.0,
147.795692917,477,819,552600,42.2442888889,-83.7199594444,21.0,9.01000022888,1264.0,0.0,4.0,,,,,,,,0.0,,0.78125,
147.795692917,477,819,553800,42.2442888889,-83.7199594444,25.0,9.01000022888,1402.0,0.0,4.0,,,,,,,,0.0,,0.78125,
147.795692917,477,819,554400,42.2442888889,-83.7199594444,25.0,9.01000022888,1402.0,0.0,4.0,,,,,,,,-2.34375,,0.78125,
147.795692917,477,819,554500,42.2442888889,-83.7199594444,25.0,9.01000022888,1402.0,49.8039207458,4.0,,,,,,,,-2.34375,,0.78125,
147.795692917,477,819,554600,42.2442888889,-83.7199594444,25.0,13.529999733,1402.0,49.8039207458,4.0,,,,,,,,-2.34375,,0.78125,
147.795692917,477,819,555100,42.2440263889,-83.7199722222,25.0,13.529999733,1402.0,49.8039207458,4.0,,,,,,,,-2.34375,,0.78125,
147.795692917,477,819,555200,42.2440263889,-83.7199722222,30.0,13.529999733,1402.0,49.8039207458,4.0,,,,,,,,-2.34375,,0.78125,
147.795692917,477,819,556200,42.2440263889,-83.7199722222,34.0,13.529999733,1827.0,49.8039207458,4.0,,,,,,,,-2.34375,,0.78125,
147.795692917,477,819,556600,42.2440263889,-83.7199722222,34.0,20.1800003052,1827.0,49.8039207458,4.0,,,,,,,,-2.34375,,0.78125,
147.795692917,477,819,557200,42.2440263889,-83.7199722222,37.0,20.1800003052,1827.0,49.8039207458,4.0,,,,,,,,-2.34375,,0.78125,
147.795692917,477,819,558100,42.2437597222,-83.7199633333,37.0,20.1800003052,1827.0,49.8039207458,4.0,,,,,,,,-2.34375,,0.78125,
147.795692917,477,819,558300,42.2437597222,-83.7199633333,41.0,20.1800003052,2473.0,49.8039207458,4.0,,,,,,,,-2.34375,,0.78125,
147.795692917,477,819,558600,42.2437597222,-83.7199633333,41.0,21.1399993896,2473.0,49.8039207458,4.0,,,,,,,,-2.34375,,0.78125,
147.795692917,477,819,559300,42.2437597222,-83.7199633333,44.0,21.1399993896,2473.0,49.8039207458,4.0,,,,,,,,-2.34375,,0.78125,
147.795692917,477,819,559900,42.2437597222,-83.7199633333,44.0,21.1399993896,2473.0,54.9019622803,4.0,,,,,,,,-2.34375,,0.78125,
147.795692917,477,819,560700,42.2437597222,-83.7199633333,45.0,15.3100004196,1926.0,54.9019622803,4.0,,,,,,,,-2.34375,,0.78125,
147.795692917,477,819,561000,42.2434327778,-83.7199513889,45.0,15.3100004196,1926.0,54.9019622803,4.0,,,,,,,,-2.34375,,0.78125,
147.795692917,477,819,561700,42.2434327778,-83.7199513889,49.0,15.3100004196,1926.0,54.9019622803,4.0,,,,,,,,-2.34375,,0.78125,
147.795692917,477,819,562800,42.2434327778,-83.7199513889,51.0,15.2899999619,1906.0,54.9019622803,4.0,,,,,,,,-2.34375,,0.78125,
147.795692917,477,819,564000,42.2430538889,-83.7199225,51.0,15.2899999619,1906.0,54.9019622803,4.0,,,,,,,,-2.34375,,0.78125,
147.795692917,477,819,564800,42.2430538889,-83.7199225,52.0,14.4200000763,1760.0,54.9019622803,4.0,,,,,,,,-2.34375,,0.78125,
147.795692917,477,819,565400,42.2430538889,-83.7199225,52.0,14.4200000763,1760.0,53.3333358765,4.0,,,,,,,,0.0,,0.78125,
147.795692917,477,819,566200,42.2430538889,-83.7199225,54.0,14.4200000763,1760.0,53.3333358765,4.0,,,,,,,,0.0,,0.78125,
147.795692917,477,819,567200,42.2430538889,-83.7199225,57.0,14.5,1824.0,53.3333358765,4.0,,,,,,,,0.0,,0.78125,
147.795692917,477,819,568000,42.2425130556,-83.7198616667,57.0,14.5,1824.0,53.3333358765,4.0,,,,,,,,0.0,,0.78125,
147.795692917,477,819,568300,42.2425130556,-83.7198616667,58.0,14.5,1824.0,53.3333358765,4.0,,,,,,,,0.0,,0.78125,
147.795692917,477,819,569300,42.2425130556,-83.7198616667,58.0,8.76000022888,1245.0,53.3333358765,4.0,,,,,,,,0.0,,0.78125,
147.795692917,477,819,570400,42.2425130556,-83.7198616667,57.0,8.76000022888,1245.0,45.490196228,4.0,,,,,,,,-1.5625,,0.78125,
147.795692917,477,819,571100,42.2420941667,-83.7198377778,57.0,8.76000022888,1245.0,45.490196228,4.0,,,,,,,,-1.5625,,0.78125,
147.795692917,477,819,571700,42.2420941667,-83.7198377778,57.0,8.25,1222.0,45.490196228,4.0,,,,,,,,-1.5625,,0.78125,
147.795692917,477,819,572800,42.2420941667,-83.7198377778,58.0,8.25,1222.0,45.490196228,4.0,,,,,,,,-1.5625,,0.78125,
147.795692917,477,819,573800,42.2420941667,-83.7198377778,58.0,10.5699996948,1489.0,45.490196228,4.0,,,,,,,,-1.5625,,0.78125,
147.795692917,477,819,574000,42.2416808333,-83.7198186111,58.0,10.5699996948,1489.0,45.490196228,4.0,,,,,,,,-1.5625,,0.78125,
147.795692917,477,819,575900,42.2416808333,-83.7198186111,58.0,14.0100002289,1792.0,51.764705658,4.0,,,,,,,,-1.5625,,0.78125,
147.795692917,477,819,577200,42.2416808333,-83.7198186111,59.0,14.0100002289,1792.0,51.764705658,4.0,,,,,,,,-1.5625,,0.78125,
147.795692917,477,819,578100,42.2411094444,-83.7198022222,59.0,14.0100002289,1792.0,51.764705658,4.0,,,,,,,,-1.5625,,0.78125,
147.795692917,477,819,578300,42.2411094444,-83.7198022222,59.0,10.0100002289,1440.0,51.764705658,4.0,,,,,,,,-1.5625,,0.78125,
147.795692917,477,819,580400,42.2411094444,-83.7198022222,59.0,7.73000001907,1216.0,51.764705658,4.0,,,,,,,,-1.5625,,0.78125,
147.795692917,477,819,581000,42.2406808333,-83.7197938889,59.0,7.73000001907,1216.0,51.764705658,4.0,,,,,,,,-1.5625,,0.78125,
147.795692917,477,819,581400,42.2406808333,-83.7197938889,57.0,7.73000001907,1216.0,40.7843132019,4.0,,,,,,,,-1.5625,,0.78125,
147.795692917,477,819,582900,42.2406808333,-83.7197938889,56.0,1.37000000477,96.0,40.7843132019,4.0,,,,,,,,-1.5625,,0.78125,
147.795692917,477,819,583900,42.2406808333,-83.7197938889,55.0,1.37000000477,96.0,40.7843132019,4.0,,,,,,,,-1.5625,,0.78125,
147.795692917,477,819,584100,42.2402669444,-83.7197930556,55.0,1.37000000477,96.0,40.7843132019,4.0,,,,,,,,-1.5625,,0.78125,
147.795692917,477,819,584900,42.2402669444,-83.7197930556,55.0,0.119999997318,0.0,40.7843132019,4.0,,,,,,,,-1.5625,,0.78125,
147.795692917,477,819,585000,42.2402669444,-83.7197930556,54.0,0.119999997318,0.0,40.7843132019,4.0,,,,,,,,-1.5625,,0.78125,
147.795692917,477,819,586000,42.2402669444,-83.7197930556,54.0,0.119999997318,0.0,40.7843132019,4.0,,,,,,,,0.0,,0.78125,
147.795692917,477,819,586100,42.2402669444,-83.7197930556,55.0,0.119999997318,0.0,40.7843132019,4.0,,,,,,,,0.0,,0.78125,
147.795692917,477,819,586700,42.2402669444,-83.7197930556,55.0,0.119999997318,0.0,0.0,4.0,,,,,,,,0.0,,0.78125,
147.795692917,477,819,587100,42.2398525,-83.7198816667,55.0,0.119999997318,0.0,0.0,4.0,,,,,,,,0.0,,0.78125,
147.795692917,477,819,588300,42.2398525,-83.7198816667,59.0,0.119999997318,0.0,0.0,4.0,,,,,,,,0.0,,0.78125,
147.795692917,477,819,589300,42.2398525,-83.7198816667,59.0,7.75,1212.0,0.0,4.0,,,,,,,,0.0,,0.78125,
147.795692917,477,819,590100,42.2394227778,-83.7200311111,59.0,7.75,1212.0,0.0,4.0,,,,,,,,0.0,,0.78125,
147.795692917,477,819,590400,42.2394227778,-83.7200311111,60.0,7.75,1212.0,0.0,4.0,,,,,,,,0.0,,0.78125,
147.795692917,477,819,591300,42.2394227778,-83.7200311111,60.0,15.6400003433,2020.0,0.0,4.0,,,,,,,,0.0,,0.78125,
147.795692917,477,819,591400,42.2394227778,-83.7200311111,62.0,15.6400003433,2020.0,0.0,4.0,,,,,,,,0.0,,0.78125,
147.795692917,477,819,591700,42.2394227778,-83.7200311111,62.0,15.6400003433,2020.0,53.7254905701,4.0,,,,,,,,0.0,,0.78125,
147.795692917,477,819,593100,42.2389425,-83.7200952778,62.0,15.6400003433,2020.0,53.7254905701,4.0,,,,,,,,0.0,,0.78125,
147.795692917,477,819,593700,42.2389425,-83.7200952778,62.0,20.9300003052,2511.0,53.7254905701,4.0,,,,,,,,0.0,,0.78125,
147.795692917,477,819,593900,42.2389425,-83.7200952778,66.0,20.9300003052,2511.0,53.7254905701,4.0,,,,,,,,0.0,,0.78125,
147.795692917,477,819,594700,42.2389425,-83.7200952778,66.0,20.9300003052,2511.0,53.7254905701,4.0,,,,,,,,0.0,,0.78125,
147.795692917,477,819,595800,42.2389425,-83.7200952778,66.0,17.2800006866,2185.0,53.7254905701,4.0,,,,,,,,0.0,,0.78125,
147.795692917,477,819,596000,42.2389425,-83.7200952778,68.0,17.2800006866,2185.0,53.7254905701,4.0,,,,,,,,0.0,,0.78125,
147.795692917,477,819,596100,42.2384472222,-83.7201058333,68.0,17.2800006866,2185.0,53.7254905701,4.0,,,,,,,,0.0,,0.78125,
147.795692917,477,819,596300,42.2384472222,-83.7201058333,68.0,17.2800006866,2185.0,53.7254905701,4.0,,,,,,,,0.78125,,0.78125,
147.795692917,477,819,596800,42.2384472222,-83.7201058333,68.0,17.2800006866,2185.0,51.764705658,4.0,,,,,,,,0.78125,,0.78125,
147.795692917,477,819,597000,42.2384472222,-83.7201058333,67.0,17.2800006866,2185.0,51.764705658,4.0,,,,,,,,0.78125,,0.78125,
147.795692917,477,819,597800,42.2384472222,-83.7201058333,67.0,9.10000038147,1632.0,51.764705658,4.0,,,,,,,,0.78125,,0.78125,
147.795692917,477,819,598400,42.2384472222,-83.7201058333,66.0,9.10000038147,1632.0,51.764705658,4.0,,,,,,,,0.78125,,0.78125,
147.795692917,477,819,600100,42.2377922222,-83.7201144444,66.0,9.10000038147,1632.0,51.764705658,4.0,,,,,,,,0.78125,,0.78125,
147.795692917,477,819,600200,42.2377922222,-83.7201144444,66.0,8.75,1312.0,51.764705658,4.0,,,,,,,,0.78125,,0.78125,
147.795692917,477,819,600500,42.2377922222,-83.7201144444,65.0,8.75,1312.0,51.764705658,4.0,,,,,,,,0.78125,,0.78125,
147.795692917,477,819,602000,42.2377922222,-83.7201144444,63.0,8.75,1312.0,45.8823547363,4.0,,,,,,,,-4.6875,,0.78125,
147.795692917,477,819,602200,42.2377922222,-83.7201144444,63.0,9.01000022888,1280.0,45.8823547363,4.0,,,,,,,,-4.6875,,0.78125,
147.795692917,477,819,603100,42.2373208333,-83.7201116667,63.0,9.01000022888,1280.0,45.8823547363,4.0,,,,,,,,-4.6875,,0.78125,
147.795692917,477,819,604200,42.2373208333,-83.7201116667,63.0,8.64000034332,1301.0,45.8823547363,4.0,,,,,,,,-4.6875,,0.78125,
147.795692917,477,819,605500,42.2373208333,-83.7201116667,64.0,8.64000034332,1301.0,45.8823547363,4.0,,,,,,,,-4.6875,,0.78125,
147.795692917,477,819,606000,42.2368477778,-83.7200933333,64.0,8.64000034332,1301.0,45.8823547363,4.0,,,,,,,,-4.6875,,0.78125,
147.795692917,477,819,606300,42.2368477778,-83.7200933333,64.0,8.67000007629,1302.0,45.8823547363,4.0,,,,,,,,-4.6875,,0.78125,
147.795692917,477,819,607400,42.2368477778,-83.7200933333,64.0,8.67000007629,1302.0,9.80392169952,4.0,,,,,,,,0.0,,0.78125,
147.795692917,477,819,608400,42.2368477778,-83.7200933333,64.0,1.17999994755,114.0,9.80392169952,4.0,,,,,,,,0.0,,0.78125,
147.795692917,477,819,609000,42.2363594444,-83.7200869444,66.0,1.17999994755,114.0,9.80392169952,4.0,,,,,,,,0.0,,0.78125,
147.795692917,477,819,610000,42.2363594444,-83.7200869444,65.0,1.17999994755,114.0,9.80392169952,4.0,,,,,,,,0.0,,0.78125,
147.795692917,477,819,610800,42.2363594444,-83.7200869444,65.0,2.15000009537,1307.0,9.80392169952,4.0,,,,,,,,0.0,,0.78125,
147.795692917,477,819,611000,42.2363594444,-83.7200869444,67.0,2.15000009537,1307.0,9.80392169952,4.0,,,,,,,,0.0,,0.78125,
147.795692917,477,819,612000,42.2358594444,-83.7200797222,67.0,2.15000009537,1307.0,9.80392169952,4.0,,,,,,,,0.0,,0.78125,
147.795692917,477,819,612100,42.2358594444,-83.7200797222,66.0,2.15000009537,1307.0,9.80392169952,4.0,,,,,,,,0.0,,0.78125,
147.795692917,477,819,612900,42.2358594444,-83.7200797222,66.0,6.75,960.0,37.254901886,4.0,,,,,,,,0.0,,0.0,
147.795692917,477,819,615000,42.2358594444,-83.7200797222,68.0,10.8199996948,1563.0,37.254901886,4.0,,,,,,,,0.0,,0.0,
147.795692917,477,819,615100,42.2353586111,-83.7199972222,68.0,10.8199996948,1563.0,37.254901886,4.0,,,,,,,,0.0,,0.0,
147.795692917,477,819,616000,42.2353586111,-83.7199972222,66.0,10.8199996948,1563.0,37.254901886,4.0,,,,,,,,0.0,,0.0,
147.795692917,477,819,616900,42.2353586111,-83.7199972222,66.0,8.78999996185,1317.0,37.254901886,4.0,,,,,,,,0.0,,0.0,
147.795692917,477,819,617900,42.2353586111,-83.7199972222,66.0,8.78999996185,1317.0,45.490196228,4.0,,,,,,,,0.78125,,0.0,
147.795692917,477,819,618100,42.2348752778,-83.71981,66.0,8.78999996185,1317.0,45.490196228,4.0,,,,,,,,0.78125,,0.0,
147.795692917,477,819,619000,42.2348752778,-83.71981,66.0,8.89999961853,1312.0,45.490196228,4.0,,,,,,,,0.78125,,0.0,
147.795692917,477,819,619100,42.2348752778,-83.71981,65.0,8.89999961853,1312.0,45.490196228,4.0,,,,,,,,0.78125,,0.0,
147.795692917,477,819,621000,42.2348752778,-83.71981,65.0,14.3999996185,1856.0,45.490196228,4.0,,,,,,,,0.78125,,0.0,
147.795692917,477,819,621700,42.2348752778,-83.71981,66.0,14.3999996185,1856.0,45.490196228,4.0,,,,,,,,0.78125,,0.0,
147.795692917,477,819,622100,42.2342336111,-83.7196275,66.0,14.3999996185,1856.0,45.490196228,4.0,,,,,,,,0.78125,,0.0,
147.795692917,477,819,622800,42.2342336111,-83.7196275,67.0,14.3999996185,1856.0,45.490196228,4.0,,,,,,,,0.78125,,0.0,
147.795692917,477,819,622900,42.2342336111,-83.7196275,67.0,14.3999996185,1856.0,48.6274528503,4.0,,,,,,,,0.78125,,0.0,
147.795692917,477,819,623000,42.2342336111,-83.7196275,67.0,14.3999996185,1856.0,48.6274528503,4.0,,,,,,,,2.34375,,0.0,
147.795692917,477,819,623100,42.2342336111,-83.7196275,67.0,10.1999998093,1504.0,48.6274528503,4.0,,,,,,,,2.34375,,0.0,
147.795692917,477,819,624000,42.2339002778,-83.7196102778,67.0,10.1999998093,1504.0,48.6274528503,4.0,,,,,,,,2.34375,,0.0,
147.795692917,477,819,625100,42.2339002778,-83.7196102778,67.0,2.27999997139,1024.0,48.6274528503,4.0,,,,,,,,2.34375,,0.0,
147.795692917,477,819,626300,42.2339002778,-83.7196102778,66.0,2.27999997139,1024.0,48.6274528503,4.0,,,,,,,,2.34375,,0.0,
147.795692917,477,819,627200,42.2339002778,-83.7196102778,66.0,2.21000003815,957.0,48.6274528503,4.0,,,,,,,,2.34375,,0.0,
147.795692917,477,819,627400,42.2339002778,-83.7196102778,65.0,2.21000003815,957.0,48.6274528503,4.0,,,,,,,,2.34375,,0.0,
147.795692917,477,819,628100,42.2332447222,-83.7195908333,65.0,2.21000003815,957.0,48.6274528503,4.0,,,,,,,,2.34375,,0.0,
147.795692917,477,819,628200,42.2332447222,-83.7195908333,65.0,2.21000003815,957.0,14.509803772,4.0,,,,,,,,-2.34375,,0.0,
147.795692917,477,819,628400,42.2332447222,-83.7195908333,64.0,2.21000003815,957.0,14.509803772,4.0,,,,,,,,-2.34375,,0.0,
147.795692917,477,819,629200,42.2332447222,-83.7195908333,64.0,1.13999998569,566.0,14.509803772,4.0,,,,,,,,-2.34375,,0.0,
147.795692917,477,819,629500,42.2332447222,-83.7195908333,63.0,1.13999998569,566.0,14.509803772,4.0,,,,,,,,-2.34375,,0.0,
147.795692917,477,819,630500,42.2332447222,-83.7195908333,64.0,1.13999998569,566.0,14.509803772,4.0,,,,,,,,-2.34375,,0.0,
147.795692917,477,819,631000,42.2327533333,-83.7195941667,64.0,1.13999998569,566.0,14.509803772,4.0,,,,,,,,-2.34375,,0.0,
147.795692917,477,819,631300,42.2327533333,-83.7195941667,64.0,0.140000000596,0.0,14.509803772,4.0,,,,,,,,-2.34375,,0.0,
147.795692917,477,819,631900,42.2327533333,-83.7195941667,65.0,0.140000000596,0.0,14.509803772,4.0,,,,,,,,-2.34375,,0.0,
147.795692917,477,819,633700,42.2327533333,-83.7195941667,65.0,2.36999988556,832.0,28.627450943,4.0,,,,,,,,0.0,,0.0,
147.795692917,477,819,634000,42.2322505556,-83.7195969444,65.0,2.36999988556,832.0,28.627450943,4.0,,,,,,,,0.0,,0.0,
147.795692917,477,819,635000,42.2322505556,-83.7195969444,66.0,2.36999988556,832.0,28.627450943,4.0,,,,,,,,0.0,,0.0,
147.795692917,477,819,635800,42.2322505556,-83.7195969444,66.0,9.26000022888,1376.0,28.627450943,4.0,,,,,,,,0.0,,0.0,
147.795692917,477,819,638000,42.2315813889,-83.7196002778,66.0,9.26000022888,1376.0,28.627450943,4.0,,,,,,,,0.0,,0.0,
147.795692917,477,819,638200,42.2315813889,-83.7196002778,66.0,8.96000003815,1310.0,28.627450943,4.0,,,,,,,,0.0,,0.0,
147.795692917,477,819,639200,42.2315813889,-83.7196002778,66.0,8.96000003815,1310.0,44.7058830261,4.0,,,,,,,,-0.78125,,0.0,
147.795692917,477,819,639500,42.2315813889,-83.7196002778,65.0,8.96000003815,1310.0,44.7058830261,4.0,,,,,,,,-0.78125,,0.0,
147.795692917,477,819,640300,42.2315813889,-83.7196002778,65.0,8.89999961853,1280.0,44.7058830261,4.0,,,,,,,,-0.78125,,0.0,
147.795692917,477,819,641100,42.2311008333,-83.7195858333,65.0,8.89999961853,1280.0,44.7058830261,4.0,,,,,,,,-0.78125,,0.0,
147.795692917,477,819,641500,42.2311008333,-83.7195858333,63.0,8.89999961853,1280.0,44.7058830261,4.0,,,,,,,,-0.78125,,0.0,
147.795692917,477,819,642400,42.2311008333,-83.7195858333,63.0,1.45000004768,384.0,44.7058830261,4.0,,,,,,,,-0.78125,,0.0,
147.795692917,477,819,644100,42.2306516667,-83.7195766667,63.0,1.45000004768,384.0,44.7058830261,4.0,,,,,,,,-0.78125,,0.0,
147.795692917,477,819,644400,42.2306516667,-83.7195766667,58.0,0.389999985695,0.0,0.0,4.0,,,,,,,,0.0,,0.0,
147.795692917,477,819,645400,42.2306516667,-83.7195766667,55.0,0.389999985695,0.0,0.0,4.0,,,,,,,,0.0,,0.0,
147.795692917,477,819,646300,42.2306516667,-83.7195766667,55.0,0.0900000035763,0.0,0.0,4.0,,,,,,,,0.0,,0.0,
147.795692917,477,819,646400,42.2306516667,-83.7195766667,50.0,0.0900000035763,0.0,0.0,4.0,,,,,,,,0.0,,0.0,
147.795692917,477,819,647000,42.2302761111,-83.7195705556,50.0,0.0900000035763,0.0,0.0,4.0,,,,,,,,0.0,,0.0,
147.795692917,477,819,647900,42.2302761111,-83.7195705556,47.0,0.0900000035763,0.0,0.0,4.0,,,,,,,,0.0,,0.0,
147.795692917,477,819,648700,42.2302761111,-83.7195705556,47.0,0.070000000298,0.0,0.0,4.0,,,,,,,,0.0,,0.0,
147.795692917,477,819,648900,42.2302761111,-83.7195705556,40.0,0.070000000298,0.0,0.0,4.0,,,,,,,,0.0,,0.0,
147.795692917,477,819,649900,42.2302761111,-83.7195705556,24.0,0.070000000298,0.0,0.0,4.0,,,,,,,,0.0,,0.0,
147.795692917,477,819,650000,42.2300363889,-83.7195694444,24.0,0.070000000298,0.0,0.0,4.0,,,,,,,,0.0,,0.0,
147.795692917,477,819,651000,42.2300363889,-83.7195694444,10.0,0.070000000298,0.0,0.0,4.0,,,,,,,,0.0,,0.0,
147.795692917,477,819,653400,42.2300363889,-83.7195694444,6.0,0.070000000298,0.0,0.0,4.0,,,,,,,,0.0,,0.0,
147.795692917,477,819,653700,42.2300363889,-83.7195694444,6.0,0.0900000035763,0.0,0.0,4.0,,,,,,,,0.0,,0.0,
147.795692917,477,819,655700,42.2300363889,-83.7195694444,0.0,0.0900000035763,0.0,0.0,4.0,,,,,,,,0.0,,0.0,
147.795692917,477,819,663900,42.2300363889,-83.7195694444,0.0,0.070000000298,0.0,0.0,4.0,,,,,,,,0.0,,0.0,
147.795692917,477,819,680100,42.2300091667,-83.719365,0.0,0.070000000298,0.0,0.0,4.0,,,,,,,,0.0,,0.0,
147.795692917,477,819,696000,42.2300091667,-83.719365,0.0,0.0900000035763,0.0,0.0,4.0,,,,,,,,0.0,,0.0,
147.795692917,477,819,701400,42.2300091667,-83.719365,0.0,0.070000000298,0.0,0.0,4.0,,,,,,,,0.0,,0.0,
147.795692917,477,819,706100,42.2299591667,-83.7192908333,0.0,0.070000000298,0.0,0.0,4.0,,,,,,,,0.0,,0.0,
147.795692917,477,819,706300,42.2299591667,-83.7192908333,0.0,1.28999996185,0.0,19.607843399,4.0,,,,,,,,0.0,,0.0,
147.795692917,477,819,706900,42.2299591667,-83.7192908333,0.0,1.28999996185,0.0,19.607843399,5.0,,,,,,,,0.0,,0.0,
147.795692917,477,819,707600,42.2299591667,-83.7192908333,0.0,1.28999996185,0.0,19.607843399,5.0,,,,,,,,0.0,,0.78125,
147.795692917,477,819,708100,42.2299591667,-83.7192908333,14.0,1.28999996185,0.0,19.607843399,5.0,,,,,,,,0.0,,0.78125,
147.795692917,477,819,708200,42.2299591667,-83.7192908333,14.0,1.28999996185,1542.0,19.607843399,5.0,,,,,,,,0.0,,0.78125,
147.795692917,477,819,708300,42.2299591667,-83.7192908333,14.0,11.9200000763,1542.0,19.607843399,5.0,,,,,,,,0.0,,0.78125,
147.795692917,477,819,709100,42.2298733333,-83.7192688889,14.0,11.9200000763,1542.0,19.607843399,5.0,,,,,,,,0.0,,0.78125,
147.795692917,477,819,710200,42.2298733333,-83.7192688889,18.0,11.9200000763,1448.0,19.607843399,5.0,,,,,,,,0.0,,0.78125,
147.795692917,477,819,710300,42.2298733333,-83.7192688889,18.0,10.9300003052,1448.0,19.607843399,5.0,,,,,,,,0.0,,0.78125,
147.795692917,477,819,711200,42.2298733333,-83.7192688889,21.0,10.9300003052,1448.0,19.607843399,5.0,,,,,,,,0.0,,0.78125,
147.795692917,477,819,711400,42.2298733333,-83.7192688889,21.0,10.9300003052,1448.0,51.764705658,5.0,,,,,,,,0.0,,0.78125,
147.795692917,477,819,712000,42.2298111111,-83.7191,21.0,10.9300003052,1448.0,51.764705658,5.0,,,,,,,,0.0,,0.78125,
147.795692917,477,819,712600,42.2298111111,-83.7191,23.0,13.3999996185,1664.0,51.764705658,5.0,,,,,,,,0.0,,0.78125,
147.795692917,477,819,713600,42.2298111111,-83.7191,28.0,13.3999996185,1664.0,51.764705658,5.0,,,,,,,,0.0,,0.78125,
147.795692917,477,819,714600,42.2298111111,-83.7191,28.0,25.6800003052,2920.0,51.764705658,5.0,,,,,,,,0.0,,0.78125,
147.795692917,477,819,714700,42.2298111111,-83.7191,38.0,25.6800003052,2920.0,51.764705658,5.0,,,,,,,,0.0,,0.78125,
147.795692917,477,819,715100,42.2297877778,-83.7187930556,38.0,25.6800003052,2920.0,51.764705658,5.0,,,,,,,,0.0,,0.78125,
147.795692917,477,819,715500,42.2297877778,-83.7187930556,38.0,25.6800003052,2920.0,51.764705658,5.0,,,,,,,,0.0,,0.78125,
147.795692917,477,819,716500,42.2297877778,-83.7187930556,38.0,25.6800003052,2920.0,58.8235321045,5.0,,,,,,,,0.0,,0.78125,
147.795692917,477,819,716600,42.2297877778,-83.7187930556,38.0,27.3400001526,3111.0,58.8235321045,5.0,,,,,,,,0.0,,0.78125,
147.795692917,477,819,716700,42.2297877778,-83.7187930556,42.0,27.3400001526,3111.0,58.8235321045,5.0,,,,,,,,0.0,,0.78125,
147.795692917,477,819,717600,42.2297877778,-83.7187930556,42.0,27.3400001526,3111.0,58.8235321045,5.0,,,,,,,,2.34375,,0.78125,
147.795692917,477,819,718100,42.2297961111,-83.7183766667,46.0,27.3400001526,3111.0,58.8235321045,5.0,,,,,,,,2.34375,,0.78125,
147.795692917,477,819,718900,42.2297961111,-83.7183766667,46.0,25.75,2940.0,58.8235321045,5.0,,,,,,,,2.34375,,0.78125,
147.795692917,477,819,719100,42.2297961111,-83.7183766667,48.0,25.75,2940.0,58.8235321045,5.0,,,,,,,,2.34375,,0.78125,
147.795692917,477,819,720200,42.2297961111,-83.7183766667,51.0,25.75,2940.0,58.8235321045,5.0,,,,,,,,2.34375,,0.78125,
147.795692917,477,819,721000,42.2297961111,-83.7183766667,51.0,26.3899993896,3050.0,58.8235321045,5.0,,,,,,,,2.34375,,0.78125,
147.795692917,477,819,721100,42.2298202778,-83.7178652778,51.0,26.3899993896,3050.0,58.8235321045,5.0,,,,,,,,2.34375,,0.78125,
147.795692917,477,819,721200,42.2298202778,-83.7178652778,53.0,26.3899993896,3050.0,58.8235321045,5.0,,,,,,,,2.34375,,0.78125,
147.795692917,477,819,722000,42.2298202778,-83.7178652778,53.0,26.3899993896,3050.0,58.4313735962,5.0,,,,,,,,2.34375,,0.78125,
147.795692917,477,819,722300,42.2298202778,-83.7178652778,55.0,26.3899993896,3050.0,58.4313735962,5.0,,,,,,,,2.34375,,0.78125,
147.795692917,477,819,723800,42.2298202778,-83.7178652778,57.0,26.1499996185,3046.0,58.4313735962,5.0,,,,,,,,0.0,,0.78125,
147.795692917,477,819,725000,42.2298527778,-83.7171233333,57.0,26.1499996185,3046.0,58.4313735962,5.0,,,,,,,,0.0,,0.78125,
147.795692917,477,819,725200,42.2298527778,-83.7171233333,59.0,26.1499996185,3046.0,58.4313735962,5.0,,,,,,,,0.0,,0.78125,
147.795692917,477,819,725800,42.2298527778,-83.7171233333,59.0,18.1499996185,3046.0,58.4313735962,5.0,,,,,,,,0.0,,0.78125,
147.795692917,477,819,726300,42.2298527778,-83.7171233333,59.0,18.1499996185,2176.0,58.4313735962,5.0,,,,,,,,0.0,,0.78125,
147.795692917,477,819,727400,42.2298527778,-83.7171233333,60.0,18.1499996185,2176.0,55.6862754822,5.0,,,,,,,,0.0,,0.78125,
147.795692917,477,819,727800,42.2298527778,-83.7171233333,60.0,16.5900001526,2176.0,55.6862754822,5.0,,,,,,,,0.0,,0.78125,
147.795692917,477,819,728000,42.2298752778,-83.7165391667,60.0,16.5900001526,2176.0,55.6862754822,5.0,,,,,,,,0.0,,0.78125,
147.795692917,477,819,728400,42.2298752778,-83.7165391667,59.0,16.5900001526,2048.0,55.6862754822,5.0,,,,,,,,0.0,,0.78125,
147.795692917,477,819,728800,42.2298752778,-83.7165391667,59.0,16.5900001526,2048.0,55.6862754822,5.0,,,,,,,,-0.78125,,0.78125,
147.795692917,477,819,729500,42.2298752778,-83.7165391667,60.0,16.5900001526,2048.0,55.6862754822,5.0,,,,,,,,-0.78125,,0.78125,
147.795692917,477,819,730100,42.2298752778,-83.7165391667,60.0,15.5100002289,2048.0,55.6862754822,5.0,,,,,,,,-0.78125,,0.78125,
147.795692917,477,819,731000,42.2298752778,-83.7165391667,60.0,15.5100002289,1201.0,55.6862754822,5.0,,,,,,,,-0.78125,,0.78125,
147.795692917,477,819,732000,42.2299052778,-83.7157544444,60.0,15.5100002289,1201.0,55.6862754822,5.0,,,,,,,,-0.78125,,0.78125,
147.795692917,477,819,732100,42.2299052778,-83.7157544444,60.0,7.15000009537,1201.0,55.6862754822,5.0,,,,,,,,-0.78125,,0.78125,
147.795692917,477,819,732400,42.2299052778,-83.7157544444,60.0,7.15000009537,1201.0,36.4705886841,5.0,,,,,,,,-0.78125,,0.78125,
147.795692917,477,819,733000,42.2299052778,-83.7157544444,59.0,7.15000009537,950.0,36.4705886841,5.0,,,,,,,,-0.78125,,0.78125,
147.795692917,477,819,734100,42.2299052778,-83.7157544444,55.0,2.56999993324,950.0,36.4705886841,5.0,,,,,,,,-2.34375,,0.78125,
147.795692917,477,819,735000,42.2299158333,-83.7152061111,55.0,2.56999993324,950.0,36.4705886841,5.0,,,,,,,,-2.34375,,0.78125,
147.795692917,477,819,735100,42.2299158333,-83.7152061111,54.0,2.56999993324,1760.0,36.4705886841,5.0,,,,,,,,-2.34375,,0.78125,
147.795692917,477,819,736500,42.2299158333,-83.7152061111,56.0,10.7299995422,1760.0,36.4705886841,5.0,,,,,,,,-2.34375,,0.78125,
147.795692917,477,819,737500,42.2299158333,-83.7152061111,57.0,10.7299995422,1184.0,44.7058830261,5.0,,,,,,,,-2.34375,,0.78125,
147.795692917,477,819,738100,42.2299372222,-83.7146572222,57.0,10.7299995422,1184.0,44.7058830261,5.0,,,,,,,,-2.34375,,0.78125,
147.795692917,477,819,739000,42.2299372222,-83.7146572222,57.0,11.6499996185,1184.0,44.7058830261,5.0,,,,,,,,-2.34375,,0.78125,
147.795692917,477,819,739100,42.2299372222,-83.7146572222,57.0,11.6499996185,1184.0,44.7058830261,5.0,,,,,,,,-3.90625,,0.78125,
147.795692917,477,819,740000,42.2299372222,-83.7146572222,59.0,11.6499996185,2016.0,44.7058830261,5.0,,,,,,,,-3.90625,,0.78125,
147.795692917,477,819,741000,42.2299372222,-83.7146572222,59.0,16.0,2016.0,44.7058830261,5.0,,,,,,,,-3.90625,,0.78125,
147.795692917,477,819,741100,42.2299541667,-83.7140983333,59.0,16.0,2016.0,44.7058830261,5.0,,,,,,,,-3.90625,,0.78125,
147.795692917,477,819,741500,42.2299541667,-83.7140983333,63.0,16.0,2016.0,44.7058830261,5.0,,,,,,,,-3.90625,,0.78125,
147.795692917,477,819,742000,42.2299541667,-83.7140983333,63.0,16.0,1692.0,44.7058830261,5.0,,,,,,,,-3.90625,,0.78125,
147.795692917,477,819,742600,42.2299541667,-83.7140983333,65.0,16.0,1692.0,47.0588226318,5.0,,,,,,,,-3.90625,,0.78125,
147.795692917,477,819,742900,42.2299541667,-83.7140983333,65.0,11.3400001526,1692.0,47.0588226318,5.0,,,,,,,,-3.90625,,0.78125,
147.795692917,477,819,743600,42.2299541667,-83.7140983333,67.0,11.3400001526,1692.0,47.0588226318,5.0,,,,,,,,-3.90625,,0.78125,
147.795692917,477,819,744000,42.2299608333,-83.7134613889,67.0,11.3400001526,1600.0,47.0588226318,5.0,,,,,,,,-3.90625,,0.78125,
147.795692917,477,819,744600,42.2299608333,-83.7134613889,66.0,11.3400001526,1600.0,47.0588226318,5.0,,,,,,,,-4.6875,,0.78125,
147.795692917,477,819,744900,42.2299608333,-83.7134613889,66.0,11.1700000763,1600.0,47.0588226318,5.0,,,,,,,,-4.6875,,0.78125,
147.795692917,477,819,745700,42.2299608333,-83.7134613889,69.0,11.1700000763,1600.0,47.0588226318,5.0,,,,,,,,-4.6875,,0.78125,
147.795692917,477,819,746200,42.2299608333,-83.7134613889,69.0,11.1700000763,1242.0,47.0588226318,5.0,,,,,,,,-4.6875,,0.78125,
147.795692917,477,819,747000,42.2299608333,-83.7134613889,71.0,8.18000030518,1242.0,47.0588226318,5.0,,,,,,,,-4.6875,,0.78125,
147.795692917,477,819,747600,42.2299608333,-83.7134613889,71.0,8.18000030518,1242.0,43.1372566223,5.0,,,,,,,,-4.6875,,0.78125,
147.795692917,477,819,748000,42.2299944444,-83.7125736111,71.0,8.18000030518,1242.0,43.1372566223,5.0,,,,,,,,-4.6875,,0.78125,
147.795692917,477,819,748200,42.2299944444,-83.7125736111,71.0,8.18000030518,1280.0,43.1372566223,5.0,,,,,,,,-4.6875,,0.78125,
147.795692917,477,819,749100,42.2299944444,-83.7125736111,72.0,8.34000015259,1280.0,43.1372566223,5.0,,,,,,,,-4.6875,,0.78125,
147.795692917,477,819,750200,42.2299944444,-83.7125736111,70.0,8.34000015259,1088.0,43.1372566223,5.0,,,,,,,,0.78125,,0.78125,
147.795692917,477,819,751000,42.2300186111,-83.7118863889,70.0,8.34000015259,1088.0,43.1372566223,5.0,,,,,,,,0.78125,,0.78125,
147.795692917,477,819,751200,42.2300186111,-83.7118863889,72.0,6.51000022888,1088.0,43.1372566223,5.0,,,,,,,,0.78125,,0.78125,
147.795692917,477,819,752600,42.2300186111,-83.7118863889,72.0,6.51000022888,1184.0,34.1176490784,5.0,,,,,,,,0.78125,,0.78125,
147.795692917,477,819,753600,42.2300186111,-83.7118863889,74.0,8.53999996185,1184.0,34.1176490784,5.0,,,,,,,,0.78125,,0.78125,
147.795692917,477,819,754100,42.2300341667,-83.7111805556,74.0,8.53999996185,1184.0,34.1176490784,5.0,,,,,,,,0.78125,,0.78125,
147.795692917,477,819,754600,42.2300341667,-83.7111805556,72.0,8.53999996185,1289.0,34.1176490784,5.0,,,,,,,,0.78125,,0.78125,
147.795692917,477,819,755700,42.2300341667,-83.7111805556,73.0,8.46000003815,1289.0,34.1176490784,5.0,,,,,,,,-3.90625,,0.78125,
147.795692917,477,819,756700,42.2300341667,-83.7111805556,73.0,8.46000003815,1229.0,34.1176490784,5.0,,,,,,,,-3.90625,,0.78125,
147.795692917,477,819,758100,42.2300933333,-83.7101886111,73.0,7.34000015259,1229.0,39.2156867981,5.0,,,,,,,,-3.90625,,0.78125,
147.795692917,477,819,759100,42.2300933333,-83.7101886111,75.0,7.34000015259,1248.0,39.2156867981,5.0,,,,,,,,-3.90625,,0.78125,
147.795692917,477,819,760200,42.2300933333,-83.7101886111,74.0,6.46000003815,1248.0,39.2156867981,5.0,,,,,,,,-3.90625,,0.78125,
147.795692917,477,819,760700,42.2300933333,-83.7101886111,74.0,6.46000003815,1248.0,39.2156867981,5.0,,,,,,,,1.5625,,0.78125,
147.795692917,477,819,761100,42.2301683333,-83.7093986111,74.0,6.46000003815,1248.0,39.2156867981,5.0,,,,,,,,1.5625,,0.78125,
147.795692917,477,819,761300,42.2301683333,-83.7093986111,72.0,6.46000003815,1088.0,39.2156867981,5.0,,,,,,,,1.5625,,0.78125,
147.795692917,477,819,762400,42.2301683333,-83.7093986111,70.0,2.23000001907,1088.0,39.2156867981,5.0,,,,,,,,1.5625,,0.78125,
147.795692917,477,819,763100,42.2301683333,-83.7093986111,70.0,2.23000001907,1088.0,15.6862745285,5.0,,,,,,,,1.5625,,0.78125,
147.795692917,477,819,763300,42.2301683333,-83.7093986111,70.0,2.23000001907,992.0,15.6862745285,5.0,,,,,,,,1.5625,,0.78125,
147.795692917,477,819,764000,42.2301683333,-83.7093986111,65.0,2.23000001907,992.0,15.6862745285,5.0,,,,,,,,1.5625,,0.78125,
147.795692917,477,819,764100,42.2302061111,-83.7087138889,65.0,2.23000001907,992.0,15.6862745285,5.0,,,,,,,,1.5625,,0.78125,
147.795692917,477,819,764400,42.2302061111,-83.7087138889,65.0,1.28999996185,992.0,15.6862745285,5.0,,,,,,,,1.5625,,0.78125,
147.795692917,477,819,765400,42.2302061111,-83.7087138889,65.0,1.28999996185,0.0,15.6862745285,5.0,,,,,,,,1.5625,,0.78125,
147.795692917,477,819,766100,42.2302061111,-83.7087138889,60.0,1.28999996185,0.0,15.6862745285,5.0,,,,,,,,0.0,,0.78125,
147.795692917,477,819,766400,42.2302061111,-83.7087138889,60.0,0.180000007153,0.0,15.6862745285,5.0,,,,,,,,0.0,,0.78125,
147.795692917,477,819,767000,42.2302311111,-83.7081202778,60.0,0.180000007153,0.0,15.6862745285,5.0,,,,,,,,0.0,,0.78125,
147.795692917,477,819,767200,42.2302311111,-83.7081202778,55.0,0.180000007153,0.0,15.6862745285,5.0,,,,,,,,0.0,,0.78125,
147.795692917,477,819,767600,42.2302311111,-83.7081202778,55.0,0.180000007153,0.0,15.6862745285,5.0,,,,,,,,0.0,,0.0,
147.795692917,477,819,768100,42.2302311111,-83.7081202778,55.0,0.180000007153,0.0,0.0,5.0,,,,,,,,0.0,,0.0,
147.795692917,477,819,768700,42.2302311111,-83.7081202778,51.0,0.0900000035763,0.0,0.0,5.0,,,,,,,,0.0,,0.0,
147.795692917,477,819,769700,42.2302311111,-83.7081202778,42.0,0.0900000035763,0.0,0.0,5.0,,,,,,,,0.0,,0.0,
147.795692917,477,819,770000,42.2302316667,-83.7076525,42.0,0.0900000035763,0.0,0.0,5.0,,,,,,,,0.0,,0.0,
147.795692917,477,819,770700,42.2302316667,-83.7076525,42.0,0.070000000298,0.0,0.0,5.0,,,,,,,,0.0,,0.0,
147.795692917,477,819,771800,42.2302316667,-83.7076525,39.0,0.070000000298,0.0,0.0,5.0,,,,,,,,0.0,,0.0,
147.795692917,477,819,773100,42.2302311111,-83.7072483333,39.0,0.070000000298,0.0,0.0,5.0,,,,,,,,0.0,,0.0,
147.795692917,477,819,773200,42.2302311111,-83.7072483333,39.0,0.0900000035763,0.0,0.0,5.0,,,,,,,,0.0,,0.0,
147.795692917,477,819,774000,42.2302311111,-83.7072483333,39.0,0.0900000035763,1504.0,0.0,5.0,,,,,,,,0.0,,0.0,
147.795692917,477,819,774200,42.2302311111,-83.7072483333,42.0,0.0900000035763,1504.0,0.0,5.0,,,,,,,,0.0,,0.0,
147.795692917,477,819,775100,42.2302311111,-83.7072483333,42.0,13.0399999619,1504.0,0.0,5.0,,,,,,,,0.0,,0.0,
147.795692917,477,819,775200,42.2302311111,-83.7072483333,46.0,13.0399999619,1504.0,0.0,5.0,,,,,,,,0.0,,0.0,
147.795692917,477,819,775500,42.2302311111,-83.7072483333,46.0,13.0399999619,1504.0,0.0,5.0,,,,,,,,0.0,,0.0,
147.795692917,477,819,776000,42.2302311111,-83.7072483333,46.0,13.0399999619,1719.0,0.0,5.0,,,,,,,,0.0,,0.0,
147.795692917,477,819,777000,42.2302272222,-83.7066916667,46.0,13.0399999619,1719.0,0.0,5.0,,,,,,,,0.0,,0.0,
147.795692917,477,819,777100,42.2302272222,-83.7066916667,46.0,10.2600002289,1719.0,0.0,5.0,,,,,,,,0.0,,0.0,
147.795692917,477,819,777300,42.2302272222,-83.7066916667,47.0,10.2600002289,1719.0,0.0,5.0,,,,,,,,0.0,,0.0,
147.795692917,477,819,778100,42.2302272222,-83.7066916667,47.0,10.2600002289,1180.0,0.0,5.0,,,,,,,,0.0,,0.0,
147.795692917,477,819,778700,42.2302272222,-83.7066916667,48.0,10.2600002289,1180.0,41.9607849121,5.0,,,,,,,,0.0,,0.0,
147.795692917,477,819,779500,42.2302272222,-83.7066916667,48.0,6.73000001907,1180.0,41.9607849121,5.0,,,,,,,,0.0,,0.0,
147.795692917,477,819,780000,42.2302188889,-83.7062411111,48.0,6.73000001907,1180.0,41.9607849121,5.0,,,,,,,,0.0,,0.0,
147.795692917,477,819,780500,42.2302188889,-83.7062411111,48.0,6.73000001907,1203.0,41.9607849121,5.0,,,,,,,,0.0,,0.0,
147.795692917,477,819,780700,42.2302188889,-83.7062411111,50.0,6.73000001907,1203.0,41.9607849121,5.0,,,,,,,,0.0,,0.0,
147.795692917,477,819,781600,42.2302188889,-83.7062411111,50.0,10.9300003052,1203.0,41.9607849121,5.0,,,,,,,,0.0,,0.0,
147.795692917,477,819,781800,42.2302188889,-83.7062411111,51.0,10.9300003052,1203.0,41.9607849121,5.0,,,,,,,,0.0,,0.0,
147.795692917,477,819,782600,42.2302188889,-83.7062411111,51.0,10.9300003052,1472.0,41.9607849121,5.0,,,,,,,,0.0,,0.0,
147.795692917,477,819,782800,42.2302188889,-83.7062411111,52.0,10.9300003052,1472.0,41.9607849121,5.0,,,,,,,,0.0,,0.0,
147.795692917,477,819,783100,42.2302180556,-83.7057497222,52.0,10.9300003052,1472.0,41.9607849121,5.0,,,,,,,,0.0,,0.0,
147.795692917,477,819,783600,42.2302180556,-83.7057497222,52.0,8.76000022888,1472.0,41.9607849121,5.0,,,,,,,,0.0,,0.0,
147.795692917,477,819,783700,42.2302180556,-83.7057497222,52.0,8.76000022888,1472.0,46.2745094299,5.0,,,,,,,,0.0,,0.0,
147.795692917,477,819,784900,42.2302180556,-83.7057497222,53.0,8.76000022888,1275.0,46.2745094299,5.0,,,,,,,,0.0,,0.0,
147.795692917,477,819,785700,42.2302180556,-83.7057497222,53.0,8.11999988556,1275.0,46.2745094299,5.0,,,,,,,,0.0,,0.0,
147.795692917,477,819,785900,42.2302180556,-83.7057497222,52.0,8.11999988556,1275.0,46.2745094299,5.0,,,,,,,,0.0,,0.0,
147.795692917,477,819,786100,42.2302255556,-83.7052080556,52.0,8.11999988556,1275.0,46.2745094299,5.0,,,,,,,,0.0,,0.0,
147.795692917,477,819,786900,42.2302255556,-83.7052080556,52.0,8.11999988556,1222.0,46.2745094299,5.0,,,,,,,,0.0,,0.0,
147.795692917,477,819,787000,42.2302255556,-83.7052080556,54.0,8.11999988556,1222.0,46.2745094299,5.0,,,,,,,,0.0,,0.0,
147.795692917,477,819,787800,42.2302255556,-83.7052080556,54.0,9.64999961853,1222.0,46.2745094299,5.0,,,,,,,,-1.5625,,0.0,
147.795692917,477,819,788800,42.2302255556,-83.7052080556,54.0,9.64999961853,1222.0,45.490196228,5.0,,,,,,,,-1.5625,,0.0,
147.795692917,477,819,789400,42.2302255556,-83.7052080556,55.0,9.64999961853,1428.0,45.490196228,5.0,,,,,,,,-1.5625,,0.0,
147.795692917,477,819,790000,42.2302327778,-83.7044808333,55.0,9.64999961853,1428.0,45.490196228,5.0,,,,,,,,-1.5625,,0.0,
147.795692917,477,819,790200,42.2302327778,-83.7044808333,55.0,9.56000041962,1428.0,45.490196228,5.0,,,,,,,,-1.5625,,0.0,
147.795692917,477,819,790400,42.2302327778,-83.7044808333,57.0,9.56000041962,1428.0,45.490196228,5.0,,,,,,,,-1.5625,,0.0,
147.795692917,477,819,791400,42.2302327778,-83.7044808333,57.0,9.56000041962,1322.0,45.490196228,5.0,,,,,,,,-1.5625,,0.0,
147.795692917,477,819,791500,42.2302327778,-83.7044808333,56.0,9.56000041962,1322.0,45.490196228,5.0,,,,,,,,-1.5625,,0.0,
147.795692917,477,819,792300,42.2302327778,-83.7044808333,56.0,8.27999973297,1322.0,45.490196228,5.0,,,,,,,,-1.5625,,0.0,
147.795692917,477,819,792500,42.2302327778,-83.7044808333,57.0,8.27999973297,1322.0,45.490196228,5.0,,,,,,,,-1.5625,,0.0,
147.795692917,477,819,793200,42.2302427778,-83.7039011111,57.0,8.27999973297,1322.0,45.490196228,5.0,,,,,,,,-1.5625,,0.0,
147.795692917,477,819,793300,42.2302427778,-83.7039011111,57.0,8.27999973297,1322.0,45.490196228,5.0,,,,,,,,0.78125,,0.0,
147.795692917,477,819,793400,42.2302427778,-83.7039011111,57.0,8.27999973297,1187.0,45.490196228,5.0,,,,,,,,0.78125,,0.0,
147.795692917,477,819,794400,42.2302427778,-83.7039011111,57.0,7.88999986649,1187.0,45.8823547363,5.0,,,,,,,,0.78125,,0.0,
147.795692917,477,819,795700,42.2302427778,-83.7039011111,57.0,7.88999986649,1185.0,45.8823547363,5.0,,,,,,,,0.78125,,0.0,
147.795692917,477,819,796000,42.2302427778,-83.7039011111,58.0,7.88999986649,1185.0,45.8823547363,5.0,,,,,,,,0.78125,,0.0,
147.795692917,477,819,796100,42.2302516667,-83.7033291667,58.0,7.88999986649,1185.0,45.8823547363,5.0,,,,,,,,0.78125,,0.0,
147.795692917,477,819,796300,42.2302516667,-83.7033291667,58.0,6.13999986649,1185.0,45.8823547363,5.0,,,,,,,,0.78125,,0.0,
147.795692917,477,819,797100,42.2302516667,-83.7033291667,57.0,6.13999986649,1185.0,45.8823547363,5.0,,,,,,,,0.78125,,0.0,
147.795692917,477,819,798000,42.2302516667,-83.7033291667,57.0,6.13999986649,1184.0,45.8823547363,5.0,,,,,,,,0.78125,,0.0,
147.795692917,477,819,798800,42.2302516667,-83.7033291667,57.0,6.42999982834,1184.0,45.8823547363,5.0,,,,,,,,1.5625,,0.0,
147.795692917,477,819,799100,42.2302675,-83.7027561111,57.0,6.42999982834,1184.0,45.8823547363,5.0,,,,,,,,1.5625,,0.0,
147.795692917,477,819,799700,42.2302675,-83.7027561111,55.0,6.42999982834,1184.0,47.4509811401,5.0,,,,,,,,1.5625,,0.0,
147.795692917,477,819,801300,42.2302675,-83.7027561111,57.0,12.4799995422,1184.0,47.4509811401,5.0,,,,,,,,1.5625,,0.0,
147.795692917,477,819,802100,42.2302819444,-83.7021816667,57.0,12.4799995422,1184.0,47.4509811401,5.0,,,,,,,,1.5625,,0.0,
147.795692917,477,819,802300,42.2302819444,-83.7021816667,56.0,12.4799995422,1728.0,47.4509811401,5.0,,,,,,,,1.5625,,0.0,
147.795692917,477,819,803400,42.2302819444,-83.7021816667,59.0,8.02999973297,1728.0,47.4509811401,5.0,,,,,,,,1.5625,,0.0,
147.795692917,477,819,804400,42.2302819444,-83.7021816667,57.0,8.02999973297,1191.0,47.4509811401,5.0,,,,,,,,1.5625,,0.0,
147.795692917,477,819,804700,42.2302819444,-83.7021816667,57.0,8.02999973297,1191.0,42.745098114,5.0,,,,,,,,1.5625,,0.0,
147.795692917,477,819,805100,42.230295,-83.7016019444,57.0,8.02999973297,1191.0,42.745098114,5.0,,,,,,,,1.5625,,0.0,
147.795692917,477,819,805400,42.230295,-83.7016019444,57.0,6.63999986649,1191.0,42.745098114,5.0,,,,,,,,1.5625,,0.0,
147.795692917,477,819,806800,42.230295,-83.7016019444,55.0,6.63999986649,1088.0,42.745098114,5.0,,,,,,,,1.5625,,0.0,
147.795692917,477,819,807800,42.230295,-83.7016019444,54.0,1.09000003338,1088.0,42.745098114,5.0,,,,,,,,1.5625,,0.0,
147.795692917,477,819,808000,42.2302886111,-83.7010394444,54.0,1.09000003338,1088.0,42.745098114,5.0,,,,,,,,1.5625,,0.0,
147.795692917,477,819,808900,42.2302886111,-83.7010394444,52.0,1.09000003338,0.0,42.745098114,5.0,,,,,,,,1.5625,,0.0,
147.795692917,477,819,809900,42.2302886111,-83.7010394444,49.0,0.10000000149,0.0,0.0,5.0,,,,,,,,1.5625,,0.0,
147.795692917,477,819,811000,42.2302886111,-83.7010394444,45.0,0.10000000149,0.0,0.0,5.0,,,,,,,,1.5625,,0.0,
147.795692917,477,819,812000,42.2302777778,-83.7004052778,45.0,0.10000000149,0.0,0.0,5.0,,,,,,,,1.5625,,0.0,
147.795692917,477,819,812300,42.2302777778,-83.7004052778,39.0,0.10000000149,0.0,0.0,5.0,,,,,,,,1.5625,,0.0,
147.795692917,477,819,813400,42.2302777778,-83.7004052778,35.0,0.10000000149,0.0,0.0,5.0,,,,,,,,1.5625,,0.0,
147.795692917,477,819,813900,42.2302777778,-83.7004052778,35.0,0.10000000149,0.0,0.0,5.0,,,,,,,,0.0,,0.0,
147.795692917,477,819,814400,42.2302777778,-83.7004052778,34.0,0.070000000298,0.0,0.0,5.0,,,,,,,,0.0,,0.0,
147.795692917,477,819,815000,42.2302752778,-83.7000588889,34.0,0.070000000298,0.0,0.0,5.0,,,,,,,,0.0,,0.0,
147.795692917,477,819,815400,42.2302752778,-83.7000588889,25.0,0.070000000298,0.0,0.0,5.0,,,,,,,,0.0,,0.0,
147.795692917,477,819,816500,42.2302752778,-83.7000588889,21.0,0.070000000298,0.0,0.0,5.0,,,,,,,,0.0,,0.0,
