DayNum,VehId,Trip,Timestamp(ms),Latitude[deg],Longitude[deg],Vehicle Speed[km/h],MAF[g/sec],Engine RPM[RPM],Absolute Load[%],OAT[DegC],Fuel Rate[L/hr],Air Conditioning Power[kW],Air Conditioning Power[Watts],Heater Power[Watts],HV Battery Current[A],HV Battery SOC[%],HV Battery Voltage[V],Short Term Fuel Trim Bank 1[%],Short Term Fuel Trim Bank 2[%],Long Term Fuel Trim Bank 1[%],Long Term Fuel Trim Bank 2[%]
287.008634333,492,2473,0,42.2821030556,-83.7355536111,25.890625,,0.0,,25.0,0.0,0.479999989271,,0.0,23.7000007629,66.2745285034,374.875,,,,
287.008634333,492,2473,1000,42.2821030556,-83.7355536111,22.109375,,0.0,,25.0,0.0,0.479999989271,,0.0,11.5500001907,66.2745285034,374.875,,,,
287.008634333,492,2473,1400,42.2821030556,-83.7355536111,22.109375,,0.0,,25.0,0.0,0.479999989271,,0.0,11.5500001907,66.2745285034,373.5,,,,
287.008634333,492,2473,2000,42.2820877778,-83.7358733333,22.109375,,0.0,,25.0,0.0,0.479999989271,,0.0,11.5500001907,66.2745285034,373.5,,,,
287.008634333,492,2473,2100,42.2820877778,-83.7358733333,24.28125,,0.0,,25.0,0.0,0.479999989271,,0.0,-61.2000007629,66.2745285034,373.5,,,,
287.008634333,492,2473,3100,42.2820877778,-83.7358733333,29.65625,,0.0,,25.0,0.0,0.479999989271,,0.0,-82.9500045776,66.2745285034,373.5,,,,
287.008634333,492,2473,4200,42.2820877778,-83.7358733333,35.3125,,0.0,,25.0,0.0,0.479999989271,,0.0,-94.0500030518,66.2745285034,373.5,,,,
287.008634333,492,2473,5100,42.2823925,-83.7361711111,35.3125,,0.0,,25.0,0.0,0.479999989271,,0.0,-94.0500030518,66.2745285034,373.5,,,,
287.008634333,492,2473,5200,42.2823925,-83.7361711111,39.671875,,0.0,,25.0,0.0,0.479999989271,,0.0,-55.8000030518,66.2745285034,373.5,,,,
287.008634333,492,2473,6300,42.2823925,-83.7361711111,41.546875,,0.0,,25.0,0.0,0.479999989271,,0.0,-29.7000007629,66.2745285034,373.5,,,,
287.008634333,492,2473,6400,42.2823925,-83.7361711111,41.546875,,0.0,,25.0,0.0,0.479999989271,,0.0,-29.7000007629,66.2745285034,369.875,,,,
287.008634333,492,2473,7400,42.2823925,-83.7361711111,42.53125,,0.0,,25.0,0.0,0.479999989271,,0.0,-5.25,66.2745285034,369.875,,,,
287.008634333,492,2473,8100,42.2827466667,-83.7360986111,42.53125,,0.0,,25.0,0.0,0.479999989271,,0.0,-5.25,66.2745285034,369.875,,,,
287.008634333,492,2473,8400,42.2827466667,-83.7360986111,42.5625,,0.0,,25.0,0.0,0.479999989271,,0.0,-0.450000017881,66.2745285034,369.875,,,,
287.008634333,492,2473,9500,42.2827466667,-83.7360986111,40.984375,,0.0,,25.0,0.0,0.479999989271,,0.0,49.0500030518,66.2745285034,369.875,,,,
287.008634333,492,2473,10500,42.2827466667,-83.7360986111,40.390625,,0.0,,25.0,0.0,0.479999989271,,0.0,-37.0500030518,66.2745285034,369.875,,,,
287.008634333,492,2473,11000,42.28307,-83.7359844444,40.390625,,0.0,,25.0,0.0,0.479999989271,,0.0,-37.0500030518,66.2745285034,369.875,,,,
287.008634333,492,2473,11300,42.28307,-83.7359844444,40.390625,,0.0,,25.0,0.0,0.479999989271,,0.0,-37.0500030518,64.7059020996,369.875,,,,
287.008634333,492,2473,11500,42.28307,-83.7359844444,40.390625,,0.0,,25.0,0.0,0.479999989271,,0.0,-37.0500030518,64.7059020996,367.125,,,,
287.008634333,492,2473,11600,42.28307,-83.7359844444,43.40625,,0.0,,25.0,0.0,0.479999989271,,0.0,-74.4000015259,64.7059020996,367.125,,,,
287.008634333,492,2473,12600,42.28307,-83.7359844444,47.40625,,0.0,,25.0,0.0,0.479999989271,,0.0,-60.6000022888,64.7059020996,367.125,,,,
287.008634333,492,2473,13600,42.28307,-83.7359844444,50.78125,,0.0,,25.0,0.0,0.479999989271,,0.0,-37.2000007629,64.7059020996,367.125,,,,
287.008634333,492,2473,14000,42.2833963889,-83.7359319444,50.78125,,0.0,,25.0,0.0,0.479999989271,,0.0,-37.2000007629,64.7059020996,367.125,,,,
287.008634333,492,2473,14700,42.2833963889,-83.7359319444,53.28125,,0.0,,25.0,0.0,0.479999989271,,0.0,-1.20000004768,64.7059020996,367.125,,,,
287.008634333,492,2473,15300,42.2833963889,-83.7359319444,53.28125,,0.0,,25.0,0.0,0.479999989271,,0.0,-1.20000004768,64.7059020996,367.125,,,,
287.008634333,492,2473,15700,42.2833963889,-83.7359319444,55.109375,,0.0,,25.0,0.0,0.479999989271,,0.0,1.80000007153,64.7059020996,367.125,,,,
287.008634333,492,2473,16500,42.2833963889,-83.7359319444,55.109375,,0.0,,25.0,0.0,0.479999989271,,0.0,1.80000007153,64.7059020996,371.75,,,,
287.008634333,492,2473,16800,42.2833963889,-83.7359319444,57.078125,,0.0,,25.0,0.0,0.479999989271,,0.0,2.70000004768,64.7059020996,371.75,,,,
287.008634333,492,2473,17100,42.2838316667,-83.7359405556,57.078125,,0.0,,25.0,0.0,0.479999989271,,0.0,2.70000004768,64.7059020996,371.75,,,,
287.008634333,492,2473,17800,42.2838316667,-83.7359405556,58.296875,,0.0,,25.0,0.0,0.479999989271,,0.0,34.0500030518,64.7059020996,371.75,,,,
287.008634333,492,2473,18800,42.2838316667,-83.7359405556,58.859375,,0.0,,25.0,0.0,0.479999989271,,0.0,13.3500003815,64.7059020996,371.75,,,,
287.008634333,492,2473,19900,42.2838316667,-83.7359405556,60.078125,,0.0,,25.0,0.0,0.479999989271,,0.0,27.3000011444,64.7059020996,371.75,,,,
287.008634333,492,2473,20000,42.2842938889,-83.7359141667,60.078125,,0.0,,25.0,0.0,0.479999989271,,0.0,27.3000011444,64.7059020996,371.75,,,,
287.008634333,492,2473,20900,42.2842938889,-83.7359141667,57.6875,,0.0,,25.0,0.0,0.479999989271,,0.0,68.4000015259,64.7059020996,371.75,,,,
287.008634333,492,2473,21600,42.2842938889,-83.7359141667,57.6875,,0.0,,25.0,0.0,0.479999989271,,0.0,68.4000015259,64.7059020996,376.375,,,,
287.008634333,492,2473,22000,42.2842938889,-83.7359141667,55.390625,,0.0,,25.0,0.0,0.479999989271,,0.0,51.4500007629,64.7059020996,376.375,,,,
287.008634333,492,2473,23000,42.2842938889,-83.7359141667,52.5,,0.0,,25.0,0.0,0.479999989271,,0.0,75.6000061035,64.7059020996,376.375,,,,
287.008634333,492,2473,23100,42.2847447222,-83.7357866667,52.5,,0.0,,25.0,0.0,0.479999989271,,0.0,75.6000061035,64.7059020996,376.375,,,,
287.008634333,492,2473,24000,42.2847447222,-83.7357866667,48.703125,,0.0,,25.0,0.0,0.479999989271,,0.0,58.5000038147,64.7059020996,376.375,,,,
287.008634333,492,2473,25100,42.2847447222,-83.7357866667,45.109375,,0.0,,25.0,0.0,0.479999989271,,0.0,62.1000022888,64.7059020996,376.375,,,,
287.008634333,492,2473,26100,42.2850341667,-83.7354958333,40.5625,,0.0,,25.0,0.0,0.479999989271,,0.0,66.6000061035,64.7059020996,376.375,,,,
287.008634333,492,2473,26600,42.2850341667,-83.7354958333,40.5625,,0.0,,25.0,0.0,0.479999989271,,0.0,66.6000061035,64.7059020996,377.125,,,,
287.008634333,492,2473,27200,42.2850341667,-83.7354958333,35.234375,,0.0,,25.0,0.0,0.479999989271,,0.0,36.1500015259,64.7059020996,377.125,,,,
287.008634333,492,2473,28200,42.2850341667,-83.7354958333,35.03125,,0.0,,25.0,0.0,0.479999989271,,0.0,-23.5500011444,64.7059020996,377.125,,,,
287.008634333,492,2473,29000,42.2852619444,-83.7353008333,35.03125,,0.0,,25.0,0.0,0.479999989271,,0.0,-23.5500011444,64.7059020996,377.125,,,,
287.008634333,492,2473,29200,42.2852619444,-83.7353008333,35.84375,,0.0,,25.0,0.0,0.479999989271,,0.0,-31.3500003815,64.7059020996,377.125,,,,
287.008634333,492,2473,30300,42.2852619444,-83.7353008333,37.796875,,0.0,,25.0,0.0,0.479999989271,,0.0,-30.0000019073,64.7059020996,377.125,,,,
287.008634333,492,2473,31300,42.2852619444,-83.7353008333,41.3125,,0.0,,25.0,0.0,0.479999989271,,0.0,-65.25,64.7059020996,377.125,,,,
287.008634333,492,2473,31600,42.2852619444,-83.7353008333,41.3125,,0.0,,25.0,0.0,0.479999989271,,0.0,-65.25,64.7059020996,368.625,,,,
287.008634333,492,2473,32000,42.285485,-83.7354086111,41.3125,,0.0,,25.0,0.0,0.479999989271,,0.0,-65.25,64.7059020996,368.625,,,,
287.008634333,492,2473,32400,42.285485,-83.7354086111,45.828125,,0.0,,25.0,0.0,0.479999989271,,0.0,-67.6500015259,64.7059020996,368.625,,,,
287.008634333,492,2473,33400,42.285485,-83.7354086111,50.15625,,0.0,,25.0,0.0,0.479999989271,,0.0,-68.5500030518,64.7059020996,368.625,,,,
287.008634333,492,2473,34400,42.285485,-83.7354086111,53.40625,,0.0,,25.0,0.0,0.479999989271,,0.0,-57.6000022888,64.7059020996,368.625,,,,
287.008634333,492,2473,35000,42.2855880556,-83.7357011111,53.40625,,0.0,,25.0,0.0,0.479999989271,,0.0,-57.6000022888,64.7059020996,368.625,,,,
287.008634333,492,2473,35500,42.2855880556,-83.7357011111,56.53125,,0.0,,25.0,0.0,0.479999989271,,0.0,-57.4500007629,64.7059020996,368.625,,,,
287.008634333,492,2473,36500,42.2855880556,-83.7357011111,59.015625,,0.0,,25.0,0.0,0.479999989271,,0.0,-55.3500022888,64.7059020996,368.625,,,,
287.008634333,492,2473,36700,42.2855880556,-83.7357011111,59.015625,,0.0,,25.0,0.0,0.479999989271,,0.0,-55.3500022888,64.7059020996,368.25,,,,
287.008634333,492,2473,37600,42.2855880556,-83.7357011111,61.078125,,0.0,,25.0,0.0,0.479999989271,,0.0,-55.9500007629,64.7059020996,368.25,,,,
287.008634333,492,2473,38200,42.2855783333,-83.7362861111,61.078125,,0.0,,25.0,0.0,0.479999989271,,0.0,-55.9500007629,64.7059020996,368.25,,,,
287.008634333,492,2473,38600,42.2855783333,-83.7362861111,62.296875,,0.0,,25.0,0.0,0.479999989271,,0.0,-27.9000015259,64.7059020996,368.25,,,,
287.008634333,492,2473,39700,42.2855783333,-83.7362861111,62.609375,,0.0,,25.0,0.0,0.479999989271,,0.0,-26.7000007629,64.7059020996,368.25,,,,
287.008634333,492,2473,40800,42.2855783333,-83.7362861111,63.078125,,0.0,,25.0,0.0,0.479999989271,,0.0,-31.3500003815,64.7059020996,368.25,,,,
287.008634333,492,2473,41400,42.2855783333,-83.7362861111,63.078125,,0.0,,25.0,0.0,0.519999980927,,0.0,-31.3500003815,64.7059020996,368.25,,,,
287.008634333,492,2473,41700,42.2855783333,-83.7362861111,63.078125,,0.0,,25.0,0.0,0.519999980927,,0.0,-31.3500003815,64.7059020996,369.375,,,,
287.008634333,492,2473,41800,42.2855783333,-83.7362861111,63.6875,,0.0,,25.0,0.0,0.519999980927,,0.0,-31.3500003815,64.7059020996,369.375,,,,
287.008634333,492,2473,42000,42.2856477778,-83.7372286111,63.6875,,0.0,,25.0,0.0,0.519999980927,,0.0,-31.3500003815,64.7059020996,369.375,,,,
287.008634333,492,2473,42900,42.2856477778,-83.7372286111,64.15625,,0.0,,25.0,0.0,0.519999980927,,0.0,-32.8500022888,64.7059020996,369.375,,,,
287.008634333,492,2473,43900,42.2856477778,-83.7372286111,64.59375,,0.0,,25.0,0.0,0.519999980927,,0.0,-30.1500015259,64.7059020996,369.375,,,,
287.008634333,492,2473,45000,42.2857283333,-83.7379344444,64.71875,,0.0,,25.0,0.0,0.519999980927,,0.0,-32.25,64.7059020996,369.375,,,,
287.008634333,492,2473,45400,42.2857283333,-83.7379344444,64.71875,,0.0,,25.0,0.0,0.519999980927,,0.0,-32.25,64.7059020996,369.375,,,,
287.008634333,492,2473,46000,42.2857283333,-83.7379344444,64.953125,,0.0,,25.0,0.0,0.519999980927,,0.0,-36.4500007629,64.7059020996,369.375,,,,
287.008634333,492,2473,46700,42.2857283333,-83.7379344444,64.953125,,0.0,,25.0,0.0,0.519999980927,,0.0,-36.4500007629,64.7059020996,368.875,,,,
287.008634333,492,2473,47000,42.2857283333,-83.7379344444,64.59375,,0.0,,25.0,0.0,0.519999980927,,0.0,-6.90000009537,64.7059020996,368.875,,,,
287.008634333,492,2473,48000,42.2858633333,-83.7385822222,64.59375,,0.0,,25.0,0.0,0.519999980927,,0.0,-6.90000009537,64.7059020996,368.875,,,,
287.008634333,492,2473,48100,42.2858633333,-83.7385822222,64.515625,,0.0,,25.0,0.0,0.519999980927,,0.0,-48.0,64.7059020996,368.875,,,,
287.008634333,492,2473,49100,42.2858633333,-83.7385822222,63.953125,,0.0,,25.0,0.0,0.519999980927,,0.0,-26.7000007629,64.7059020996,368.875,,,,
287.008634333,492,2473,50200,42.2858633333,-83.7385822222,63.96875,,0.0,,25.0,0.0,0.519999980927,,0.0,-57.1500015259,64.7059020996,368.875,,,,
287.008634333,492,2473,51000,42.2859930556,-83.7392352778,63.96875,,0.0,,25.0,0.0,0.519999980927,,0.0,-57.1500015259,64.7059020996,368.875,,,,
287.008634333,492,2473,51200,42.2859930556,-83.7392352778,64.390625,,0.0,,25.0,0.0,0.519999980927,,0.0,-60.1500015259,64.7059020996,368.875,,,,
287.008634333,492,2473,51800,42.2859930556,-83.7392352778,64.390625,,0.0,,25.0,0.0,0.519999980927,,0.0,-60.1500015259,64.7059020996,367.25,,,,
287.008634333,492,2473,52200,42.2859930556,-83.7392352778,64.671875,,0.0,,25.0,0.0,0.519999980927,,0.0,-60.4500007629,64.7059020996,367.25,,,,
287.008634333,492,2473,53300,42.2859930556,-83.7392352778,63.6875,,0.0,,25.0,0.0,0.519999980927,,0.0,-6.30000019073,64.7059020996,367.25,,,,
287.008634333,492,2473,54000,42.2861413889,-83.7398844444,63.6875,,0.0,,25.0,0.0,0.519999980927,,0.0,-6.30000019073,64.7059020996,367.25,,,,
287.008634333,492,2473,54300,42.2861413889,-83.7398844444,61.96875,,0.0,,25.0,0.0,0.519999980927,,0.0,3.0,64.7059020996,367.25,,,,
287.008634333,492,2473,55400,42.2861413889,-83.7398844444,60.40625,,0.0,,25.0,0.0,0.519999980927,,0.0,4.65000009537,64.7059020996,367.25,,,,
287.008634333,492,2473,56400,42.2861413889,-83.7398844444,58.296875,,0.0,,25.0,0.0,0.519999980927,,0.0,45.1500015259,64.7059020996,367.25,,,,
287.008634333,492,2473,56800,42.2861413889,-83.7398844444,58.296875,,0.0,,25.0,0.0,0.519999980927,,0.0,45.1500015259,64.7059020996,373.75,,,,
287.008634333,492,2473,57100,42.2863697222,-83.7404358333,58.296875,,0.0,,25.0,0.0,0.519999980927,,0.0,45.1500015259,64.7059020996,373.75,,,,
287.008634333,492,2473,57400,42.2863697222,-83.7404358333,54.59375,,0.0,,25.0,0.0,0.519999980927,,0.0,67.2000045776,64.7059020996,373.75,,,,
287.008634333,492,2473,58500,42.2863697222,-83.7404358333,51.078125,,0.0,,25.0,0.0,0.519999980927,,0.0,73.0500030518,64.7059020996,373.75,,,,
287.008634333,492,2473,59500,42.2863697222,-83.7404358333,48.140625,,0.0,,25.0,0.0,0.519999980927,,0.0,58.9500007629,64.7059020996,373.75,,,,
287.008634333,492,2473,60000,42.2865694444,-83.7409194444,48.140625,,0.0,,25.0,0.0,0.519999980927,,0.0,58.9500007629,64.7059020996,373.75,,,,
287.008634333,492,2473,60600,42.2865694444,-83.7409194444,46.109375,,0.0,,25.0,0.0,0.519999980927,,0.0,68.7000045776,64.7059020996,373.75,,,,
287.008634333,492,2473,61600,42.2865694444,-83.7409194444,44.578125,,0.0,,25.0,0.0,0.519999980927,,0.0,56.4000015259,64.7059020996,373.75,,,,
287.008634333,492,2473,61800,42.2865694444,-83.7409194444,44.578125,,0.0,,25.0,0.0,0.519999980927,,0.0,56.4000015259,64.7059020996,375.75,,,,
287.008634333,492,2473,62600,42.2865694444,-83.7409194444,43.25,,0.0,,25.0,0.0,0.519999980927,,0.0,55.6500015259,64.7059020996,375.75,,,,
287.008634333,492,2473,63100,42.2867680556,-83.7413422222,43.25,,0.0,,25.0,0.0,0.519999980927,,0.0,55.6500015259,64.7059020996,375.75,,,,
287.008634333,492,2473,63700,42.2867680556,-83.7413422222,41.9375,,0.0,,25.0,0.0,0.519999980927,,0.0,52.8000030518,64.7059020996,375.75,,,,
287.008634333,492,2473,64700,42.2867680556,-83.7413422222,40.046875,,0.0,,25.0,0.0,0.519999980927,,0.0,51.6000022888,64.7059020996,375.75,,,,
287.008634333,492,2473,65800,42.2867680556,-83.7413422222,37.671875,,0.0,,25.0,0.0,0.519999980927,,0.0,-0.900000035763,64.7059020996,375.75,,,,
287.008634333,492,2473,66000,42.286935,-83.7416983333,37.671875,,0.0,,25.0,0.0,0.519999980927,,0.0,-0.900000035763,64.7059020996,375.75,,,,
287.008634333,492,2473,66800,42.286935,-83.7416983333,37.015625,,0.0,,25.0,0.0,0.519999980927,,0.0,-0.600000023842,64.7059020996,375.75,,,,
287.008634333,492,2473,66900,42.286935,-83.7416983333,37.015625,,0.0,,25.0,0.0,0.519999980927,,0.0,-0.600000023842,64.7059020996,372.625,,,,
287.008634333,492,2473,67800,42.286935,-83.7416983333,36.359375,,0.0,,25.0,0.0,0.519999980927,,0.0,-0.15000000596,64.7059020996,372.625,,,,
287.008634333,492,2473,68900,42.286935,-83.7416983333,35.90625,,0.0,,25.0,0.0,0.519999980927,,0.0,-55.0500030518,64.7059020996,372.625,,,,
287.008634333,492,2473,69000,42.28708,-83.7420036111,35.90625,,0.0,,25.0,0.0,0.519999980927,,0.0,-55.0500030518,64.7059020996,372.625,,,,
287.008634333,492,2473,69900,42.28708,-83.7420036111,38.453125,,0.0,,25.0,0.0,0.519999980927,,0.0,-43.3500022888,64.7059020996,372.625,,,,
287.008634333,492,2473,71000,42.28708,-83.7420036111,39.0625,,0.0,,25.0,0.0,0.519999980927,,0.0,-23.25,64.7059020996,372.625,,,,
287.008634333,492,2473,71900,42.28708,-83.7420036111,39.0625,,0.0,,25.0,0.0,0.519999980927,,0.0,-23.25,64.7059020996,369.375,,,,
287.008634333,492,2473,72000,42.28708,-83.7420036111,39.953125,,0.0,,25.0,0.0,0.519999980927,,0.0,-41.5500030518,64.7059020996,369.375,,,,
287.008634333,492,2473,72100,42.2872305556,-83.7423327778,39.953125,,0.0,,25.0,0.0,0.519999980927,,0.0,-41.5500030518,64.7059020996,369.375,,,,
287.008634333,492,2473,73000,42.2872305556,-83.7423327778,41.21875,,0.0,,25.0,0.0,0.519999980927,,0.0,-52.5000038147,64.7059020996,369.375,,,,
287.008634333,492,2473,74100,42.2872305556,-83.7423327778,43.0,,0.0,,25.0,0.0,0.519999980927,,0.0,-44.4000015259,64.7059020996,369.375,,,,
287.008634333,492,2473,75100,42.2873627778,-83.7426563889,43.0,,0.0,,25.0,0.0,0.519999980927,,0.0,-44.4000015259,64.7059020996,369.375,,,,
287.008634333,492,2473,75200,42.2873627778,-83.7426563889,43.03125,,0.0,,25.0,0.0,0.519999980927,,0.0,-1.20000004768,64.7059020996,369.375,,,,
287.008634333,492,2473,75400,42.2873627778,-83.7426563889,43.03125,,0.0,,25.0,0.0,0.519999980927,,0.0,-1.20000004768,64.7059020996,369.375,,,,
287.008634333,492,2473,76300,42.2873627778,-83.7426563889,42.140625,,0.0,,25.0,0.0,0.519999980927,,0.0,-1.05000007153,64.7059020996,369.375,,,,
287.008634333,492,2473,76900,42.2873627778,-83.7426563889,42.140625,,0.0,,25.0,0.0,0.519999980927,,0.0,-1.05000007153,64.7059020996,371.875,,,,
287.008634333,492,2473,77300,42.2873627778,-83.7426563889,41.3125,,0.0,,25.0,0.0,0.519999980927,,0.0,0.600000023842,64.7059020996,371.875,,,,
287.008634333,492,2473,78000,42.2875266667,-83.7429922222,41.3125,,0.0,,25.0,0.0,0.519999980927,,0.0,0.600000023842,64.7059020996,371.875,,,,
287.008634333,492,2473,78400,42.2875266667,-83.7429922222,41.0625,,0.0,,25.0,0.0,0.519999980927,,0.0,-23.7000007629,64.7059020996,371.875,,,,
287.008634333,492,2473,79400,42.2875266667,-83.7429922222,41.796875,,0.0,,25.0,0.0,0.519999980927,,0.0,-25.0500011444,64.7059020996,371.875,,,,
287.008634333,492,2473,80400,42.2875266667,-83.7429922222,43.0,,0.0,,25.0,0.0,0.519999980927,,0.0,-31.2000007629,64.7059020996,371.875,,,,
287.008634333,492,2473,81100,42.2876819444,-83.7433655556,43.0,,0.0,,25.0,0.0,0.519999980927,,0.0,-31.2000007629,64.7059020996,371.875,,,,
287.008634333,492,2473,81500,42.2876819444,-83.7433655556,44.046875,,0.0,,25.0,0.0,0.519999980927,,0.0,-16.9500007629,64.7059020996,371.875,,,,
287.008634333,492,2473,82000,42.2876819444,-83.7433655556,44.046875,,0.0,,25.0,0.0,0.519999980927,,0.0,-16.9500007629,64.7059020996,371.5,,,,
287.008634333,492,2473,82500,42.2876819444,-83.7433655556,44.28125,,0.0,,25.0,0.0,0.519999980927,,0.0,-1.5,64.7059020996,371.5,,,,
287.008634333,492,2473,83600,42.2876819444,-83.7433655556,44.78125,,0.0,,25.0,0.0,0.519999980927,,0.0,-0.600000023842,64.7059020996,371.5,,,,
287.008634333,492,2473,84100,42.2878183333,-83.7437377778,44.78125,,0.0,,25.0,0.0,0.519999980927,,0.0,-0.600000023842,64.7059020996,371.5,,,,
287.008634333,492,2473,84600,42.2878183333,-83.7437377778,44.640625,,0.0,,25.0,0.0,0.519999980927,,0.0,0.600000023842,64.7059020996,371.5,,,,
287.008634333,492,2473,85600,42.2878183333,-83.7437377778,44.375,,0.0,,25.0,0.0,0.519999980927,,0.0,0.300000011921,64.7059020996,371.5,,,,
287.008634333,492,2473,86700,42.2878183333,-83.7437377778,44.21875,,0.0,,25.0,0.0,0.519999980927,,0.0,0.600000023842,64.7059020996,371.5,,,,
287.008634333,492,2473,87000,42.2879686111,-83.7441380556,44.21875,,0.0,,25.0,0.0,0.519999980927,,0.0,0.600000023842,64.7059020996,370.5,,,,
287.008634333,492,2473,87700,42.2879686111,-83.7441380556,44.453125,,0.0,,25.0,0.0,0.519999980927,,0.0,-20.4000015259,64.7059020996,370.5,,,,
287.008634333,492,2473,88800,42.2879686111,-83.7441380556,45.453125,,0.0,,25.0,0.0,0.519999980927,,0.0,-20.8500003815,64.7059020996,370.5,,,,
287.008634333,492,2473,89800,42.2879686111,-83.7441380556,46.421875,,0.0,,25.0,0.0,0.519999980927,,0.0,-21.0,64.7059020996,370.5,,,,
287.008634333,492,2473,90000,42.2881269444,-83.7445544444,46.421875,,0.0,,25.0,0.0,0.519999980927,,0.0,-21.0,64.7059020996,370.5,,,,
287.008634333,492,2473,90800,42.2881269444,-83.7445544444,47.09375,,0.0,,25.0,0.0,0.519999980927,,0.0,-15.6000003815,64.7059020996,370.5,,,,
287.008634333,492,2473,91900,42.2881269444,-83.7445544444,47.28125,,0.0,,25.0,0.0,0.519999980927,,0.0,-6.75000047684,64.7059020996,370.5,,,,
287.008634333,492,2473,92000,42.2881269444,-83.7445544444,47.28125,,0.0,,25.0,0.0,0.519999980927,,0.0,-6.75000047684,64.7059020996,371.25,,,,
287.008634333,492,2473,92900,42.2881269444,-83.7445544444,46.6875,,0.0,,25.0,0.0,0.519999980927,,0.0,-0.300000011921,64.7059020996,371.25,,,,
287.008634333,492,2473,93000,42.2882488889,-83.7449986111,46.6875,,0.0,,25.0,0.0,0.519999980927,,0.0,-0.300000011921,64.7059020996,371.25,,,,
287.008634333,492,2473,94000,42.2882488889,-83.7449986111,44.453125,,0.0,,25.0,0.0,0.519999980927,,0.0,48.1500015259,64.7059020996,371.25,,,,
287.008634333,492,2473,95000,42.2882488889,-83.7449986111,40.0,,0.0,,25.0,0.0,0.519999980927,,0.0,69.6000061035,64.7059020996,371.25,,,,
287.008634333,492,2473,96000,42.2882488889,-83.7449986111,33.921875,,0.0,,25.0,0.0,0.519999980927,,0.0,60.3000030518,64.7059020996,371.25,,,,
287.008634333,492,2473,97000,42.2884044444,-83.745505,33.921875,,0.0,,25.0,0.0,0.519999980927,,0.0,60.3000030518,64.7059020996,371.25,,,,
287.008634333,492,2473,97100,42.2884044444,-83.745505,29.78125,,0.0,,25.0,0.0,0.519999980927,,0.0,15.0000009537,64.7059020996,373.25,,,,
287.008634333,492,2473,98100,42.2884044444,-83.745505,29.671875,,0.0,,25.0,0.0,0.519999980927,,0.0,-39.0,64.7059020996,373.25,,,,
287.008634333,492,2473,99200,42.2884044444,-83.745505,31.640625,,0.0,,25.0,0.0,0.519999980927,,0.0,-48.6000022888,64.7059020996,373.25,,,,
287.008634333,492,2473,100000,42.2885102778,-83.7457297222,31.640625,,0.0,,25.0,0.0,0.519999980927,,0.0,-48.6000022888,64.7059020996,373.25,,,,
287.008634333,492,2473,100200,42.2885102778,-83.7457297222,33.671875,,0.0,,25.0,0.0,0.519999980927,,0.0,-41.5500030518,64.7059020996,373.25,,,,
287.008634333,492,2473,101200,42.2885102778,-83.7457297222,33.6875,,0.0,,25.0,0.0,0.519999980927,,0.0,-2.70000004768,64.7059020996,373.25,,,,
287.008634333,492,2473,101400,42.2885102778,-83.7457297222,33.6875,,0.0,,25.0,0.0,0.799999952316,,0.0,-2.70000004768,64.7059020996,373.25,,,,
287.008634333,492,2473,102100,42.2885102778,-83.7457297222,33.6875,,0.0,,25.0,0.0,0.799999952316,,0.0,-2.70000004768,64.7059020996,374.875,,,,
287.008634333,492,2473,102300,42.2885102778,-83.7457297222,29.296875,,0.0,,25.0,0.0,0.799999952316,,0.0,51.3000030518,64.7059020996,374.875,,,,
287.008634333,492,2473,103100,42.2884052778,-83.7459172222,29.296875,,0.0,,25.0,0.0,0.799999952316,,0.0,51.3000030518,64.7059020996,374.875,,,,
287.008634333,492,2473,103300,42.2884052778,-83.7459172222,20.34375,,0.0,,25.0,0.0,0.799999952316,,0.0,42.1500015259,64.7059020996,374.875,,,,
287.008634333,492,2473,104400,42.2884052778,-83.7459172222,16.328125,,0.0,,25.0,0.0,0.799999952316,,0.0,-19.2000007629,64.7059020996,374.875,,,,
287.008634333,492,2473,105400,42.2884052778,-83.7459172222,19.25,,0.0,,25.0,0.0,0.799999952316,,0.0,-32.1000022888,64.7059020996,374.875,,,,
287.008634333,492,2473,105500,42.2884052778,-83.7459172222,19.25,,0.0,,25.0,0.0,0.799999952316,,0.0,-32.1000022888,64.7059020996,374.875,,,,
287.008634333,492,2473,106000,42.2883577778,-83.7460897222,19.25,,0.0,,25.0,0.0,0.799999952316,,0.0,-32.1000022888,64.7059020996,374.875,,,,
287.008634333,492,2473,106400,42.2883577778,-83.7460897222,19.828125,,0.0,,25.0,0.0,0.799999952316,,0.0,-15.6000003815,64.7059020996,374.875,,,,
287.008634333,492,2473,107100,42.2883577778,-83.7460897222,19.828125,,0.0,,25.0,0.0,0.799999952316,,0.0,-15.6000003815,64.7059020996,371.25,,,,
287.008634333,492,2473,107500,42.2883577778,-83.7460897222,20.171875,,0.0,,25.0,0.0,0.799999952316,,0.0,-11.4000005722,64.7059020996,371.25,,,,
287.008634333,492,2473,108600,42.2883577778,-83.7460897222,20.90625,,0.0,,25.0,0.0,0.799999952316,,0.0,-13.3500003815,64.7059020996,371.25,,,,
287.008634333,492,2473,109100,42.2883391667,-83.74628,20.90625,,0.0,,25.0,0.0,0.799999952316,,0.0,-13.3500003815,64.7059020996,371.25,,,,
287.008634333,492,2473,109600,42.2883391667,-83.74628,23.234375,,0.0,,25.0,0.0,0.799999952316,,0.0,-36.4500007629,64.7059020996,371.25,,,,
287.008634333,492,2473,110700,42.2883391667,-83.74628,28.25,,0.0,,25.0,0.0,0.799999952316,,0.0,-59.5500030518,64.7059020996,371.25,,,,
287.008634333,492,2473,111800,42.2883391667,-83.74628,30.921875,,0.0,,25.0,0.0,0.799999952316,,0.0,-33.1500015259,64.7059020996,371.25,,,,
287.008634333,492,2473,112000,42.2883302778,-83.7465030556,30.921875,,0.0,,25.0,0.0,0.799999952316,,0.0,-33.1500015259,64.7059020996,371.25,,,,
287.008634333,492,2473,112200,42.2883302778,-83.7465030556,30.921875,,0.0,,25.0,0.0,0.799999952316,,0.0,-33.1500015259,64.7059020996,370.0,,,,
287.008634333,492,2473,112800,42.2883302778,-83.7465030556,32.0,,0.0,,25.0,0.0,0.799999952316,,0.0,-23.1000003815,64.7059020996,370.0,,,,
287.008634333,492,2473,113800,42.2883302778,-83.7465030556,32.109375,,0.0,,25.0,0.0,0.799999952316,,0.0,-2.25,64.7059020996,370.0,,,,
287.008634333,492,2473,114900,42.2883302778,-83.7465030556,31.578125,,0.0,,25.0,0.0,0.799999952316,,0.0,-1.65000009537,64.7059020996,370.0,,,,
287.008634333,492,2473,115000,42.2883375,-83.7467494444,31.578125,,0.0,,25.0,0.0,0.799999952316,,0.0,-1.65000009537,64.7059020996,370.0,,,,
287.008634333,492,2473,115900,42.2883375,-83.7467494444,27.875,,0.0,,25.0,0.0,0.799999952316,,0.0,27.4500007629,64.7059020996,370.0,,,,
287.008634333,492,2473,117000,42.2883375,-83.7467494444,23.171875,,0.0,,25.0,0.0,0.799999952316,,0.0,27.6000003815,64.7059020996,370.0,,,,
287.008634333,492,2473,117200,42.2883375,-83.7467494444,23.171875,,0.0,,25.0,0.0,0.799999952316,,0.0,27.6000003815,64.7059020996,373.375,,,,
287.008634333,492,2473,118000,42.2883375,-83.7467494444,17.9375,,0.0,,25.0,0.0,0.799999952316,,0.0,20.8500003815,64.7059020996,373.375,,,,
287.008634333,492,2473,118100,42.2884452778,-83.7469286111,17.9375,,0.0,,25.0,0.0,0.799999952316,,0.0,20.8500003815,64.7059020996,373.375,,,,
287.008634333,492,2473,119000,42.2884452778,-83.7469286111,12.65625,,0.0,,25.0,0.0,0.799999952316,,0.0,12.0,64.7059020996,373.375,,,,
287.008634333,492,2473,120100,42.2884452778,-83.7469286111,7.609375,,0.0,,25.0,0.0,0.799999952316,,0.0,2.10000014305,64.7059020996,373.375,,,,
287.008634333,492,2473,121100,42.2884936111,-83.7470225,3.453125,,0.0,,25.0,0.0,0.799999952316,,0.0,-3.30000019073,64.7059020996,373.375,,,,
287.008634333,492,2473,122200,42.2884936111,-83.7470225,0.46875,,0.0,,25.0,0.0,0.799999952316,,0.0,-4.2000002861,64.7059020996,371.75,,,,
287.008634333,492,2473,123400,42.2884936111,-83.7470225,0.46875,,0.0,,25.0,0.0,0.799999952316,,0.0,-4.2000002861,64.7059020996,371.625,,,,
287.008634333,492,2473,124000,42.2884936111,-83.7470225,0.0,,0.0,,25.0,0.0,0.799999952316,,0.0,-4.2000002861,64.7059020996,371.625,,,,
287.008634333,492,2473,124400,42.2884936111,-83.7470225,0.0,,0.0,,25.0,0.0,0.799999952316,,0.0,-3.60000014305,64.7059020996,371.625,,,,
287.008634333,492,2473,126500,42.2884936111,-83.7470225,0.0,,0.0,,25.0,0.0,0.799999952316,,0.0,-3.75000023842,64.7059020996,371.625,,,,
287.008634333,492,2473,127500,42.2884936111,-83.7470225,0.0,,0.0,,25.0,0.0,0.799999952316,,0.0,-3.30000019073,64.7059020996,371.625,,,,
287.008634333,492,2473,128400,42.2884936111,-83.7470225,0.0,,0.0,,25.0,0.0,0.799999952316,,0.0,-3.30000019073,64.7059020996,371.75,,,,
287.008634333,492,2473,128600,42.2884936111,-83.7470225,0.0,,0.0,,25.0,0.0,0.799999952316,,0.0,-3.45000004768,64.7059020996,371.75,,,,
287.008634333,492,2473,129600,42.2884936111,-83.7470225,0.0,,0.0,,25.0,0.0,0.799999952316,,0.0,-3.30000019073,64.7059020996,371.75,,,,
287.008634333,492,2473,133400,42.2884936111,-83.7470225,0.0,,0.0,,25.0,0.0,0.799999952316,,0.0,-3.30000019073,64.7059020996,371.625,,,,
287.008634333,492,2473,134800,42.2884936111,-83.7470225,0.0,,0.0,,25.0,0.0,0.799999952316,,0.0,-3.45000004768,64.7059020996,371.625,,,,
287.008634333,492,2473,135800,42.2884936111,-83.7470225,0.0,,0.0,,25.0,0.0,0.799999952316,,0.0,-3.60000014305,64.7059020996,371.625,,,,
287.008634333,492,2473,137900,42.2884936111,-83.7470225,0.0,,0.0,,25.0,0.0,0.799999952316,,0.0,-3.45000004768,64.7059020996,371.625,,,,
287.008634333,492,2473,138500,42.2884936111,-83.7470225,0.0,,0.0,,25.0,0.0,0.799999952316,,0.0,-3.45000004768,64.7059020996,371.75,,,,
287.008634333,492,2473,139000,42.2884936111,-83.7470225,0.0,,0.0,,25.0,0.0,0.799999952316,,0.0,-3.60000014305,64.7059020996,371.75,,,,
287.008634333,492,2473,140000,42.2884936111,-83.7470225,0.0,,0.0,,25.0,0.0,0.799999952316,,0.0,-3.30000019073,64.7059020996,371.75,,,,
287.008634333,492,2473,141100,42.2884936111,-83.7470225,0.0,,0.0,,25.0,0.0,0.799999952316,,0.0,-3.45000004768,64.7059020996,371.75,,,,
287.008634333,492,2473,142200,42.2884936111,-83.7470225,0.0,,0.0,,25.0,0.0,0.799999952316,,0.0,-3.30000019073,64.7059020996,371.75,,,,
287.008634333,492,2473,143200,42.2884936111,-83.7470225,0.0,,0.0,,25.0,0.0,0.799999952316,,0.0,-3.45000004768,64.7059020996,371.75,,,,
287.008634333,492,2473,144300,42.2884936111,-83.7470225,0.0,,0.0,,25.0,0.0,0.799999952316,,0.0,-3.30000019073,64.7059020996,371.75,,,,
287.008634333,492,2473,148500,42.2884936111,-83.7470225,0.0,,0.0,,25.0,0.0,0.799999952316,,0.0,-3.30000019073,64.7059020996,371.625,,,,
287.008634333,492,2473,149500,42.2884936111,-83.7470225,0.0,,0.0,,25.0,0.0,0.799999952316,,0.0,-3.15000009537,64.7059020996,371.625,,,,
287.008634333,492,2473,150500,42.2884936111,-83.7470225,0.0,,0.0,,25.0,0.0,0.799999952316,,0.0,-3.30000019073,64.7059020996,371.625,,,,
287.008634333,492,2473,151100,42.2884566667,-83.7470525,0.0,,0.0,,25.0,0.0,0.799999952316,,0.0,-3.30000019073,64.7059020996,371.625,,,,
287.008634333,492,2473,153400,42.2884566667,-83.7470525,0.0,,0.0,,25.0,0.0,0.799999952316,,0.0,-3.30000019073,64.3137435913,371.625,,,,
287.008634333,492,2473,153600,42.2884566667,-83.7470525,0.0,,0.0,,25.0,0.0,0.799999952316,,0.0,-3.30000019073,64.3137435913,371.75,,,,
287.008634333,492,2473,154700,42.2884566667,-83.7470525,0.0,,0.0,,25.0,0.0,0.799999952316,,0.0,-3.60000014305,64.3137435913,371.75,,,,
287.008634333,492,2473,155700,42.2884566667,-83.7470525,0.0,,0.0,,25.0,0.0,0.799999952316,,0.0,-3.30000019073,64.3137435913,371.75,,,,
287.008634333,492,2473,157800,42.2884566667,-83.7470525,0.0,,0.0,,25.0,0.0,0.799999952316,,0.0,-3.15000009537,64.3137435913,371.75,,,,
287.008634333,492,2473,158600,42.2884566667,-83.7470525,0.0,,0.0,,25.0,0.0,0.799999952316,,0.0,-3.15000009537,64.3137435913,371.625,,,,
287.008634333,492,2473,158800,42.2884566667,-83.7470525,0.0,,0.0,,25.0,0.0,0.799999952316,,0.0,-3.45000004768,64.3137435913,371.625,,,,
287.008634333,492,2473,160900,42.2884566667,-83.7470525,0.0,,0.0,,25.0,0.0,0.799999952316,,0.0,-3.30000019073,64.3137435913,371.625,,,,
287.008634333,492,2473,162000,42.2884566667,-83.7470525,0.0,,0.0,,25.0,0.0,0.799999952316,,0.0,-3.15000009537,64.3137435913,371.625,,,,
287.008634333,492,2473,163000,42.2884566667,-83.7470525,0.0,,0.0,,25.0,0.0,0.799999952316,,0.0,-4.05000019073,64.3137435913,371.625,,,,
287.008634333,492,2473,164000,42.28845,-83.7470694444,0.0,,0.0,,25.0,0.0,0.799999952316,,0.0,-4.05000019073,64.3137435913,371.625,,,,
287.008634333,492,2473,164500,42.28845,-83.7470694444,6.53125,,0.0,,25.0,0.0,0.519999980927,,0.0,-46.5,64.3137435913,368.875,,,,
287.008634333,492,2473,165200,42.28845,-83.7470694444,6.53125,,0.0,,25.0,0.0,0.519999980927,,0.0,-46.5,64.3137435913,368.875,,,,
287.008634333,492,2473,165600,42.28845,-83.7470694444,14.96875,,0.0,,25.0,0.0,0.519999980927,,0.0,-77.25,64.3137435913,368.875,,,,
287.008634333,492,2473,166600,42.28845,-83.7470694444,22.453125,,0.0,,25.0,0.0,0.519999980927,,0.0,-99.3000030518,64.3137435913,368.875,,,,
287.008634333,492,2473,167000,42.2884913889,-83.7472202778,22.453125,,0.0,,25.0,0.0,0.519999980927,,0.0,-99.3000030518,64.3137435913,368.875,,,,
287.008634333,492,2473,167600,42.2884913889,-83.7472202778,29.25,,0.0,,25.0,0.0,0.519999980927,,0.0,-115.200004578,64.3137435913,368.875,,,,
287.008634333,492,2473,168700,42.2884913889,-83.7472202778,35.796875,,0.0,,25.0,0.0,0.519999980927,,0.0,-124.200004578,64.3137435913,368.875,,,,
287.008634333,492,2473,169600,42.2884913889,-83.7472202778,35.796875,,0.0,,25.0,0.0,0.519999980927,,0.0,-124.200004578,64.3137435913,363.625,,,,
287.008634333,492,2473,169700,42.2884913889,-83.7472202778,40.125,,0.0,,25.0,0.0,0.519999980927,,0.0,-109.050003052,64.3137435913,363.625,,,,
287.008634333,492,2473,170100,42.2885252778,-83.7474991667,40.125,,0.0,,25.0,0.0,0.519999980927,,0.0,-109.050003052,64.3137435913,363.625,,,,
287.008634333,492,2473,170800,42.2885252778,-83.7474991667,42.5625,,0.0,,25.0,0.0,0.519999980927,,0.0,-88.2000045776,64.3137435913,363.625,,,,
287.008634333,492,2473,171800,42.2885252778,-83.7474991667,42.53125,,0.0,,25.0,0.0,0.519999980927,,0.0,-35.1000022888,64.3137435913,363.625,,,,
287.008634333,492,2473,172800,42.2885252778,-83.7474991667,41.46875,,0.0,,25.0,0.0,0.519999980927,,0.0,-26.8500003815,64.3137435913,363.625,,,,
287.008634333,492,2473,173000,42.2885977778,-83.7478475,41.46875,,0.0,,25.0,0.0,0.519999980927,,0.0,-26.8500003815,64.3137435913,363.625,,,,
287.008634333,492,2473,173900,42.2885977778,-83.7478475,38.90625,,0.0,,25.0,0.0,0.519999980927,,0.0,-3.0,64.3137435913,363.625,,,,
287.008634333,492,2473,174600,42.2885977778,-83.7478475,38.90625,,0.0,,25.0,0.0,0.519999980927,,0.0,-3.0,64.3137435913,370.25,,,,
287.008634333,492,2473,174900,42.2885977778,-83.7478475,36.171875,,0.0,,25.0,0.0,0.519999980927,,0.0,-0.600000023842,64.3137435913,370.25,,,,
287.008634333,492,2473,176000,42.288635,-83.7482144444,34.265625,,0.0,,25.0,0.0,0.519999980927,,0.0,-45.3000030518,64.3137435913,370.25,,,,
287.008634333,492,2473,177100,42.288635,-83.7482144444,33.9375,,0.0,,25.0,0.0,0.519999980927,,0.0,-26.4000015259,64.3137435913,370.25,,,,
287.008634333,492,2473,178200,42.288635,-83.7482144444,30.421875,,0.0,,25.0,0.0,0.519999980927,,0.0,-15.6000003815,64.3137435913,370.25,,,,
287.008634333,492,2473,179000,42.2886922222,-83.7485052778,30.421875,,0.0,,25.0,0.0,0.519999980927,,0.0,-15.6000003815,64.3137435913,370.25,,,,
287.008634333,492,2473,179200,42.2886922222,-83.7485052778,27.640625,,0.0,,25.0,0.0,0.519999980927,,0.0,-23.5500011444,64.3137435913,370.25,,,,
287.008634333,492,2473,179600,42.2886922222,-83.7485052778,27.640625,,0.0,,25.0,0.0,0.519999980927,,0.0,-23.5500011444,64.3137435913,368.875,,,,
287.008634333,492,2473,180200,42.2886922222,-83.7485052778,25.171875,,0.0,,25.0,0.0,0.519999980927,,0.0,-19.2000007629,64.3137435913,368.875,,,,
287.008634333,492,2473,181300,42.2886922222,-83.7485052778,26.53125,,0.0,,25.0,0.0,0.519999980927,,0.0,-38.5500030518,64.3137435913,368.875,,,,
287.008634333,492,2473,182100,42.2887497222,-83.7487627778,26.53125,,0.0,,25.0,0.0,0.519999980927,,0.0,-38.5500030518,64.3137435913,368.875,,,,
287.008634333,492,2473,182300,42.2887497222,-83.7487627778,30.328125,,0.0,,25.0,0.0,0.519999980927,,0.0,-70.8000030518,64.3137435913,368.875,,,,
287.008634333,492,2473,183400,42.2887497222,-83.7487627778,34.09375,,0.0,,25.0,0.0,0.519999980927,,0.0,-84.3000030518,64.3137435913,368.875,,,,
287.008634333,492,2473,184400,42.2887497222,-83.7487627778,36.078125,,0.0,,25.0,0.0,0.519999980927,,0.0,-82.8000030518,64.3137435913,368.875,,,,
287.008634333,492,2473,184600,42.2887497222,-83.7487627778,36.078125,,0.0,,25.0,0.0,0.519999980927,,0.0,-82.8000030518,64.3137435913,364.625,,,,
287.008634333,492,2473,185100,42.2888313889,-83.7490008333,36.078125,,0.0,,25.0,0.0,0.519999980927,,0.0,-82.8000030518,64.3137435913,364.625,,,,
287.008634333,492,2473,185400,42.2888313889,-83.7490008333,36.890625,,0.0,,25.0,0.0,0.519999980927,,0.0,-89.7000045776,64.3137435913,364.625,,,,
287.008634333,492,2473,186500,42.2888313889,-83.7490008333,38.046875,,0.0,,25.0,0.0,0.519999980927,,0.0,-87.3000030518,64.3137435913,364.625,,,,
287.008634333,492,2473,187500,42.2888313889,-83.7490008333,37.5625,,0.0,,25.0,0.0,0.519999980927,,0.0,-64.8000030518,64.3137435913,364.625,,,,
287.008634333,492,2473,188000,42.2889344444,-83.7493191667,37.5625,,0.0,,25.0,0.0,0.519999980927,,0.0,-64.8000030518,64.3137435913,364.625,,,,
287.008634333,492,2473,188600,42.2889344444,-83.7493191667,36.859375,,0.0,,25.0,0.0,0.519999980927,,0.0,-22.6500015259,64.3137435913,364.625,,,,
287.008634333,492,2473,189600,42.2889344444,-83.7493191667,36.109375,,0.0,,25.0,0.0,0.519999980927,,0.0,-63.9000015259,64.3137435913,364.625,,,,
287.008634333,492,2473,189700,42.2889344444,-83.7493191667,36.109375,,0.0,,25.0,0.0,0.519999980927,,0.0,-63.9000015259,64.3137435913,365.375,,,,
287.008634333,492,2473,190600,42.2889344444,-83.7493191667,36.546875,,0.0,,25.0,0.0,0.519999980927,,0.0,-64.5,64.3137435913,365.375,,,,
287.008634333,492,2473,191000,42.2890105556,-83.7496588889,36.546875,,0.0,,25.0,0.0,0.519999980927,,0.0,-64.5,64.3137435913,365.375,,,,
287.008634333,492,2473,191700,42.2890105556,-83.7496588889,36.328125,,0.0,,25.0,0.0,0.519999980927,,0.0,-69.1500015259,64.3137435913,365.375,,,,
287.008634333,492,2473,192700,42.2890105556,-83.7496588889,37.296875,,0.0,,25.0,0.0,0.519999980927,,0.0,-77.4000015259,64.3137435913,365.375,,,,
287.008634333,492,2473,193800,42.2890105556,-83.7496588889,38.9375,,0.0,,25.0,0.0,0.519999980927,,0.0,-84.75,64.3137435913,365.375,,,,
287.008634333,492,2473,194100,42.2890169444,-83.7500591667,38.9375,,0.0,,25.0,0.0,0.519999980927,,0.0,-84.75,64.3137435913,365.375,,,,
287.008634333,492,2473,194600,42.2890169444,-83.7500591667,38.9375,,0.0,,25.0,0.0,0.519999980927,,0.0,-84.75,62.3529624939,365.375,,,,
287.008634333,492,2473,194700,42.2890169444,-83.7500591667,38.9375,,0.0,,25.0,0.0,0.519999980927,,0.0,-84.75,62.3529624939,363.375,,,,
287.008634333,492,2473,194800,42.2890169444,-83.7500591667,40.890625,,0.0,,25.0,0.0,0.519999980927,,0.0,-87.1500015259,62.3529624939,363.375,,,,
287.008634333,492,2473,195300,42.2890169444,-83.7500591667,40.890625,,0.0,,25.0,0.0,0.519999980927,,0.0,-87.1500015259,62.3529624939,363.375,,,,
287.008634333,492,2473,195800,42.2890169444,-83.7500591667,40.0,,0.0,,25.0,0.0,0.519999980927,,0.0,0.600000023842,62.3529624939,363.375,,,,
287.008634333,492,2473,196900,42.2890169444,-83.7500591667,37.9375,,0.0,,25.0,0.0,0.519999980927,,0.0,-1.95000004768,62.3529624939,363.375,,,,
287.008634333,492,2473,197100,42.2890102778,-83.7504436111,37.9375,,0.0,,25.0,0.0,0.519999980927,,0.0,-1.95000004768,62.3529624939,363.375,,,,
287.008634333,492,2473,197900,42.2890102778,-83.7504436111,35.40625,,0.0,,25.0,0.0,0.519999980927,,0.0,-2.85000014305,62.3529624939,363.375,,,,
287.008634333,492,2473,199000,42.2890102778,-83.7504436111,32.84375,,0.0,,25.0,0.0,0.519999980927,,0.0,-0.75,62.3529624939,363.375,,,,
287.008634333,492,2473,199800,42.2890102778,-83.7504436111,32.84375,,0.0,,25.0,0.0,0.519999980927,,0.0,-0.75,62.3529624939,369.25,,,,
287.008634333,492,2473,200000,42.2890052778,-83.7508033333,30.546875,,0.0,,25.0,0.0,0.519999980927,,0.0,-50.7000007629,62.3529624939,369.25,,,,
287.008634333,492,2473,201000,42.2890052778,-83.7508033333,30.53125,,0.0,,25.0,0.0,0.519999980927,,0.0,-66.4500045776,62.3529624939,369.25,,,,
287.008634333,492,2473,202100,42.2890052778,-83.7508033333,32.78125,,0.0,,25.0,0.0,0.519999980927,,0.0,-77.5500030518,62.3529624939,369.25,,,,
287.008634333,492,2473,203100,42.2890052778,-83.7508033333,38.0,,0.0,,25.0,0.0,0.519999980927,,0.0,-70.0500030518,62.3529624939,369.25,,,,
287.008634333,492,2473,204100,42.2889994444,-83.7512988889,38.0,,0.0,,25.0,0.0,0.519999980927,,0.0,-70.0500030518,62.3529624939,369.25,,,,
287.008634333,492,2473,204200,42.2889994444,-83.7512988889,39.53125,,0.0,,25.0,0.0,0.519999980927,,0.0,-52.3500022888,62.3529624939,369.25,,,,
287.008634333,492,2473,204800,42.2889994444,-83.7512988889,39.53125,,0.0,,25.0,0.0,0.519999980927,,0.0,-52.3500022888,62.3529624939,365.625,,,,
287.008634333,492,2473,205200,42.2889994444,-83.7512988889,38.984375,,0.0,,25.0,0.0,0.519999980927,,0.0,-4.65000009537,62.3529624939,365.625,,,,
287.008634333,492,2473,206200,42.2889994444,-83.7512988889,36.296875,,0.0,,25.0,0.0,0.519999980927,,0.0,26.5500011444,62.3529624939,365.625,,,,
287.008634333,492,2473,207100,42.2889930556,-83.7516836111,36.296875,,0.0,,25.0,0.0,0.519999980927,,0.0,26.5500011444,62.3529624939,365.625,,,,
287.008634333,492,2473,207300,42.2889930556,-83.7516836111,32.671875,,0.0,,25.0,0.0,0.519999980927,,0.0,-1.20000004768,62.3529624939,365.625,,,,
287.008634333,492,2473,208300,42.2889930556,-83.7516836111,30.515625,,0.0,,25.0,0.0,0.519999980927,,0.0,-1.5,62.3529624939,365.625,,,,
287.008634333,492,2473,209400,42.2889930556,-83.7516836111,27.953125,,0.0,,25.0,0.0,0.519999980927,,0.0,0.900000035763,62.3529624939,365.625,,,,
287.008634333,492,2473,209800,42.2889930556,-83.7516836111,27.953125,,0.0,,25.0,0.0,0.519999980927,,0.0,0.900000035763,62.3529624939,369.625,,,,
287.008634333,492,2473,210000,42.2889752778,-83.7520080556,27.953125,,0.0,,25.0,0.0,0.519999980927,,0.0,0.900000035763,62.3529624939,369.625,,,,
287.008634333,492,2473,210400,42.2889752778,-83.7520080556,22.21875,,0.0,,25.0,0.0,0.519999980927,,0.0,36.1500015259,62.3529624939,369.625,,,,
287.008634333,492,2473,211500,42.2889752778,-83.7520080556,13.53125,,0.0,,25.0,0.0,0.519999980927,,0.0,27.4500007629,62.3529624939,369.625,,,,
287.008634333,492,2473,212600,42.2889752778,-83.7520080556,4.75,,0.0,,25.0,0.0,0.519999980927,,0.0,-0.600000023842,62.3529624939,369.625,,,,
287.008634333,492,2473,213000,42.2889847222,-83.7521608333,4.75,,0.0,,25.0,0.0,0.519999980927,,0.0,-0.600000023842,62.3529624939,369.625,,,,
287.008634333,492,2473,213700,42.2889847222,-83.7521608333,7.5,,0.0,,25.0,0.0,0.519999980927,,0.0,-49.3500022888,62.3529624939,369.625,,,,
287.008634333,492,2473,214700,42.2889847222,-83.7521608333,15.65625,,0.0,,25.0,0.0,0.519999980927,,0.0,-81.0,62.3529624939,369.625,,,,
287.008634333,492,2473,214800,42.2889847222,-83.7521608333,15.65625,,0.0,,25.0,0.0,0.519999980927,,0.0,-81.0,62.3529624939,364.5,,,,
287.008634333,492,2473,215700,42.2889847222,-83.7521608333,22.0,,0.0,,25.0,0.0,0.519999980927,,0.0,-95.4000015259,62.3529624939,364.5,,,,
287.008634333,492,2473,216100,42.2889902778,-83.7523919444,22.0,,0.0,,25.0,0.0,0.519999980927,,0.0,-95.4000015259,62.3529624939,364.5,,,,
287.008634333,492,2473,216800,42.2889902778,-83.7523919444,28.875,,0.0,,25.0,0.0,0.519999980927,,0.0,-97.3500061035,62.3529624939,364.5,,,,
287.008634333,492,2473,217800,42.2889902778,-83.7523919444,33.828125,,0.0,,25.0,0.0,0.519999980927,,0.0,-87.3000030518,62.3529624939,364.5,,,,
287.008634333,492,2473,218800,42.2889902778,-83.7523919444,35.875,,0.0,,25.0,0.0,0.519999980927,,0.0,-18.4500007629,62.3529624939,364.5,,,,
287.008634333,492,2473,219000,42.2889927778,-83.7527358333,35.875,,0.0,,25.0,0.0,0.519999980927,,0.0,-18.4500007629,62.3529624939,364.5,,,,
287.008634333,492,2473,219900,42.2889927778,-83.7527358333,34.296875,,0.0,,25.0,0.0,0.519999980927,,0.0,-1.80000007153,62.3529624939,368.875,,,,
287.008634333,492,2473,220900,42.2889927778,-83.7527358333,33.109375,,0.0,,25.0,0.0,0.519999980927,,0.0,-5.10000038147,62.3529624939,368.875,,,,
287.008634333,492,2473,222000,42.2889927778,-83.7527358333,38.09375,,0.0,,25.0,0.0,0.519999980927,,0.0,-130.350006104,62.3529624939,368.875,,,,
287.008634333,492,2473,222100,42.2890094444,-83.7530994444,38.09375,,0.0,,25.0,0.0,0.519999980927,,0.0,-130.350006104,62.3529624939,368.875,,,,
287.008634333,492,2473,223000,42.2890094444,-83.7530994444,41.296875,,0.0,,25.0,0.0,0.519999980927,,0.0,-2.70000004768,62.3529624939,368.875,,,,
287.008634333,492,2473,224000,42.2890094444,-83.7530994444,42.0625,,0.0,,25.0,0.0,0.519999980927,,0.0,-0.600000023842,62.3529624939,368.875,,,,
287.008634333,492,2473,224500,42.2890094444,-83.7530994444,42.0625,,0.0,,24.5,0.0,0.439999997616,,0.0,-0.600000023842,62.3529624939,368.875,,,,
287.008634333,492,2473,225100,42.2890141667,-83.7534886111,42.40625,,0.0,,24.5,0.0,0.439999997616,,0.0,0.15000000596,62.3529624939,368.875,,,,
287.008634333,492,2473,225300,42.2890141667,-83.7534886111,42.40625,,0.0,,24.5,0.0,0.439999997616,,0.0,0.15000000596,62.3529624939,368.875,,,,
287.008634333,492,2473,226100,42.2890141667,-83.7534886111,43.015625,,0.0,,24.5,0.0,0.439999997616,,0.0,-49.8000030518,62.3529624939,368.875,,,,
287.008634333,492,2473,227200,42.2890141667,-83.7534886111,44.25,,0.0,,24.5,0.0,0.439999997616,,0.0,-53.5500030518,62.3529624939,368.875,,,,
287.008634333,492,2473,228100,42.2889986111,-83.7539402778,44.25,,0.0,,24.5,0.0,0.439999997616,,0.0,-53.5500030518,62.3529624939,368.875,,,,
287.008634333,492,2473,228200,42.2889986111,-83.7539402778,44.28125,,0.0,,24.5,0.0,0.439999997616,,0.0,-54.1500015259,62.3529624939,368.875,,,,
287.008634333,492,2473,229200,42.2889986111,-83.7539402778,43.3125,,0.0,,24.5,0.0,0.439999997616,,0.0,-25.6500015259,62.3529624939,368.875,,,,
287.008634333,492,2473,230000,42.2889986111,-83.7539402778,43.3125,,0.0,,24.5,0.0,0.439999997616,,0.0,-25.6500015259,62.3529624939,367.375,,,,
287.008634333,492,2473,230300,42.2889986111,-83.7539402778,43.359375,,0.0,,24.5,0.0,0.439999997616,,0.0,-56.5500030518,62.3529624939,367.375,,,,
287.008634333,492,2473,231000,42.2889491667,-83.7543875,43.359375,,0.0,,24.5,0.0,0.439999997616,,0.0,-56.5500030518,62.3529624939,367.375,,,,
287.008634333,492,2473,231300,42.2889491667,-83.7543875,44.296875,,0.0,,24.5,0.0,0.439999997616,,0.0,-57.9000015259,62.3529624939,367.375,,,,
287.008634333,492,2473,232400,42.2889491667,-83.7543875,43.890625,,0.0,,24.5,0.0,0.439999997616,,0.0,-56.8500022888,62.3529624939,367.375,,,,
287.008634333,492,2473,233400,42.2889491667,-83.7543875,44.21875,,0.0,,24.5,0.0,0.439999997616,,0.0,-49.3500022888,62.3529624939,367.375,,,,
287.008634333,492,2473,234100,42.2888908333,-83.7548388889,44.21875,,0.0,,24.5,0.0,0.439999997616,,0.0,-49.3500022888,62.3529624939,367.375,,,,
287.008634333,492,2473,234400,42.2888908333,-83.7548388889,45.125,,0.0,,24.5,0.0,0.439999997616,,0.0,-51.1500015259,62.3529624939,367.375,,,,
287.008634333,492,2473,235000,42.2888908333,-83.7548388889,45.125,,0.0,,24.5,0.0,0.439999997616,,0.0,-51.1500015259,62.3529624939,365.375,,,,
287.008634333,492,2473,235500,42.2888908333,-83.7548388889,44.515625,,0.0,,24.5,0.0,0.439999997616,,0.0,0.15000000596,62.3529624939,365.375,,,,
287.008634333,492,2473,236500,42.2888908333,-83.7548388889,43.125,,0.0,,24.5,0.0,0.439999997616,,0.0,1.35000002384,62.3529624939,365.375,,,,
287.008634333,492,2473,237000,42.2888547222,-83.7553161111,43.125,,0.0,,24.5,0.0,0.439999997616,,0.0,1.35000002384,62.3529624939,365.375,,,,
287.008634333,492,2473,237600,42.2888547222,-83.7553161111,42.046875,,0.0,,24.5,0.0,0.439999997616,,0.0,1.5,62.3529624939,365.375,,,,
287.008634333,492,2473,238600,42.2888547222,-83.7553161111,40.859375,,0.0,,24.5,0.0,0.439999997616,,0.0,-0.600000023842,62.3529624939,365.375,,,,
287.008634333,492,2473,239600,42.2888547222,-83.7553161111,38.140625,,0.0,,24.5,0.0,0.439999997616,,0.0,31.9500007629,62.3529624939,365.375,,,,
287.008634333,492,2473,240000,42.2888547222,-83.7553161111,38.140625,,0.0,,24.5,0.0,0.439999997616,,0.0,31.9500007629,62.3529624939,371.75,,,,
287.008634333,492,2473,240100,42.2888394444,-83.7557325,38.140625,,0.0,,24.5,0.0,0.439999997616,,0.0,31.9500007629,62.3529624939,371.75,,,,
287.008634333,492,2473,240700,42.2888394444,-83.7557325,36.359375,,0.0,,24.5,0.0,0.439999997616,,0.0,40.2000007629,62.3529624939,371.75,,,,
287.008634333,492,2473,241700,42.2888394444,-83.7557325,34.359375,,0.0,,24.5,0.0,0.439999997616,,0.0,35.5500030518,62.3529624939,371.75,,,,
287.008634333,492,2473,242800,42.2888394444,-83.7557325,31.734375,,0.0,,24.5,0.0,0.439999997616,,0.0,23.25,62.3529624939,371.75,,,,
287.008634333,492,2473,243100,42.2888183333,-83.7560744444,31.734375,,0.0,,24.5,0.0,0.439999997616,,0.0,23.25,62.3529624939,371.75,,,,
287.008634333,492,2473,243800,42.2888183333,-83.7560744444,31.75,,0.0,,24.5,0.0,0.439999997616,,0.0,-1.20000004768,62.3529624939,371.75,,,,
287.008634333,492,2473,244900,42.2888183333,-83.7560744444,32.859375,,0.0,,24.5,0.0,0.439999997616,,0.0,-9.0,62.3529624939,371.75,,,,
287.008634333,492,2473,245100,42.2888183333,-83.7560744444,32.859375,,0.0,,24.5,0.0,0.439999997616,,0.0,-9.0,62.3529624939,368.875,,,,
287.008634333,492,2473,246000,42.2888183333,-83.7560744444,33.65625,,0.0,,24.5,0.0,0.439999997616,,0.0,-12.0,62.3529624939,368.875,,,,
287.008634333,492,2473,246100,42.2888188889,-83.7563683333,33.65625,,0.0,,24.5,0.0,0.439999997616,,0.0,-12.0,62.3529624939,368.875,,,,
287.008634333,492,2473,247000,42.2888188889,-83.7563683333,34.265625,,0.0,,24.5,0.0,0.439999997616,,0.0,8.4000005722,62.3529624939,368.875,,,,
287.008634333,492,2473,248100,42.2888188889,-83.7563683333,32.046875,,0.0,,24.5,0.0,0.439999997616,,0.0,24.4500007629,62.3529624939,368.875,,,,
287.008634333,492,2473,249100,42.2888061111,-83.756675,31.578125,,0.0,,24.5,0.0,0.439999997616,,0.0,-1.95000004768,62.3529624939,368.875,,,,
287.008634333,492,2473,250200,42.2888061111,-83.756675,33.28125,,0.0,,24.5,0.0,0.439999997616,,0.0,-65.5500030518,62.3529624939,365.875,,,,
287.008634333,492,2473,251200,42.2888061111,-83.756675,35.234375,,0.0,,24.5,0.0,0.439999997616,,0.0,-55.6500015259,62.3529624939,365.875,,,,
287.008634333,492,2473,252000,42.2888197222,-83.7570236111,35.234375,,0.0,,24.5,0.0,0.439999997616,,0.0,-55.6500015259,62.3529624939,365.875,,,,
287.008634333,492,2473,252200,42.2888197222,-83.7570236111,33.9375,,0.0,,24.5,0.0,0.439999997616,,0.0,-3.0,62.3529624939,365.875,,,,
287.008634333,492,2473,253300,42.2888197222,-83.7570236111,32.90625,,0.0,,24.5,0.0,0.439999997616,,0.0,-4.65000009537,62.3529624939,365.875,,,,
287.008634333,492,2473,254300,42.2888197222,-83.7570236111,32.265625,,0.0,,24.5,0.0,0.439999997616,,0.0,-33.0,62.3529624939,365.875,,,,
287.008634333,492,2473,255000,42.2888025,-83.7573719444,32.265625,,0.0,,24.5,0.0,0.439999997616,,0.0,-33.0,62.3529624939,365.875,,,,
287.008634333,492,2473,255200,42.2888025,-83.7573719444,32.265625,,0.0,,24.5,0.0,0.439999997616,,0.0,-33.0,62.3529624939,368.875,,,,
287.008634333,492,2473,255400,42.2888025,-83.7573719444,31.5,,0.0,,24.5,0.0,0.439999997616,,0.0,-12.0,62.3529624939,368.875,,,,
287.008634333,492,2473,256400,42.2888025,-83.7573719444,29.21875,,0.0,,24.5,0.0,0.439999997616,,0.0,-2.70000004768,62.3529624939,368.875,,,,
287.008634333,492,2473,257400,42.2888025,-83.7573719444,27.234375,,0.0,,24.5,0.0,0.439999997616,,0.0,-0.900000035763,62.3529624939,368.875,,,,
287.008634333,492,2473,258100,42.2887827778,-83.7576666667,27.234375,,0.0,,24.5,0.0,0.439999997616,,0.0,-0.900000035763,62.3529624939,368.875,,,,
287.008634333,492,2473,258500,42.2887827778,-83.7576666667,25.015625,,0.0,,24.5,0.0,0.439999997616,,0.0,-1.20000004768,62.3529624939,368.875,,,,
287.008634333,492,2473,259500,42.2887827778,-83.7576666667,21.0625,,0.0,,24.5,0.0,0.439999997616,,0.0,18.4500007629,62.3529624939,368.875,,,,
287.008634333,492,2473,260200,42.2887827778,-83.7576666667,21.0625,,0.0,,24.5,0.0,0.439999997616,,0.0,18.4500007629,62.3529624939,370.875,,,,
287.008634333,492,2473,260600,42.2887827778,-83.7576666667,14.96875,,0.0,,24.5,0.0,0.439999997616,,0.0,16.0500011444,62.3529624939,370.875,,,,
287.008634333,492,2473,261100,42.2887752778,-83.7578636111,14.96875,,0.0,,24.5,0.0,0.439999997616,,0.0,16.0500011444,62.3529624939,370.875,,,,
287.008634333,492,2473,261600,42.2887752778,-83.7578636111,10.5625,,0.0,,24.5,0.0,0.439999997616,,0.0,-0.300000011921,62.3529624939,370.875,,,,
287.008634333,492,2473,262600,42.2887752778,-83.7578636111,8.65625,,0.0,,24.5,0.0,0.439999997616,,0.0,-4.2000002861,62.3529624939,370.875,,,,
287.008634333,492,2473,263700,42.2887752778,-83.7578636111,6.875,,0.0,,24.5,0.0,0.439999997616,,0.0,-2.70000004768,62.3529624939,370.875,,,,
287.008634333,492,2473,264000,42.2887791667,-83.7580502778,6.875,,0.0,,24.5,0.0,0.439999997616,,0.0,-2.70000004768,62.3529624939,370.875,,,,
287.008634333,492,2473,264700,42.2887791667,-83.7580502778,2.21875,,0.0,,24.5,0.0,0.439999997616,,0.0,-3.45000004768,62.3529624939,370.875,,,,
287.008634333,492,2473,265300,42.2887791667,-83.7580502778,2.21875,,0.0,,24.5,0.0,0.439999997616,,0.0,-3.45000004768,62.3529624939,366.25,,,,
287.008634333,492,2473,265800,42.2887791667,-83.7580502778,8.109375,,0.0,,24.5,0.0,0.439999997616,,0.0,-60.1500015259,62.3529624939,366.25,,,,
287.008634333,492,2473,266800,42.2887791667,-83.7580502778,12.625,,0.0,,24.5,0.0,0.439999997616,,0.0,-13.2000007629,62.3529624939,366.25,,,,
287.008634333,492,2473,267800,42.2887791667,-83.7580502778,11.703125,,0.0,,24.5,0.0,0.439999997616,,0.0,-3.30000019073,62.3529624939,366.25,,,,
287.008634333,492,2473,268100,42.2886708333,-83.7581594444,11.703125,,0.0,,24.5,0.0,0.439999997616,,0.0,-3.30000019073,62.3529624939,366.25,,,,
287.008634333,492,2473,268900,42.2886708333,-83.7581594444,11.390625,,0.0,,24.5,0.0,0.439999997616,,0.0,-2.25,62.3529624939,366.25,,,,
287.008634333,492,2473,269900,42.2886708333,-83.7581594444,9.71875,,0.0,,24.5,0.0,0.439999997616,,0.0,1.80000007153,62.3529624939,366.25,,,,
287.008634333,492,2473,270300,42.2886708333,-83.7581594444,9.71875,,0.0,,24.5,0.0,0.439999997616,,0.0,1.80000007153,62.3529624939,369.75,,,,
287.008634333,492,2473,271000,42.2886708333,-83.7581594444,9.34375,,0.0,,24.5,0.0,0.439999997616,,0.0,-3.75000023842,62.3529624939,369.75,,,,
287.008634333,492,2473,271100,42.2885891667,-83.7581802778,9.34375,,0.0,,24.5,0.0,0.439999997616,,0.0,-3.75000023842,62.3529624939,369.75,,,,
287.008634333,492,2473,272000,42.2885891667,-83.7581802778,13.96875,,0.0,,24.5,0.0,0.439999997616,,0.0,-41.5500030518,62.3529624939,369.75,,,,
287.008634333,492,2473,273000,42.2885891667,-83.7581802778,20.6875,,0.0,,24.5,0.0,0.439999997616,,0.0,-48.0,62.3529624939,369.75,,,,
287.008634333,492,2473,274000,42.2884419444,-83.7581755556,20.6875,,0.0,,24.5,0.0,0.439999997616,,0.0,-48.0,62.3529624939,369.75,,,,
287.008634333,492,2473,274100,42.2884419444,-83.7581755556,25.921875,,0.0,,24.5,0.0,0.439999997616,,0.0,-37.3500022888,62.3529624939,369.75,,,,
287.008634333,492,2473,275100,42.2884419444,-83.7581755556,32.75,,0.0,,24.5,0.0,0.439999997616,,0.0,-27.4500007629,62.3529624939,369.75,,,,
287.008634333,492,2473,275400,42.2884419444,-83.7581755556,32.75,,0.0,,24.5,0.0,0.439999997616,,0.0,-27.4500007629,62.3529624939,367.875,,,,
287.008634333,492,2473,276200,42.2884419444,-83.7581755556,34.078125,,0.0,,24.5,0.0,0.439999997616,,0.0,-2.40000009537,62.3529624939,367.875,,,,
287.008634333,492,2473,277000,42.2882638889,-83.75819,34.078125,,0.0,,24.5,0.0,0.439999997616,,0.0,-2.40000009537,62.3529624939,367.875,,,,
287.008634333,492,2473,277200,42.2882638889,-83.75819,35.234375,,0.0,,24.5,0.0,0.439999997616,,0.0,-1.95000004768,62.3529624939,367.875,,,,
287.008634333,492,2473,278200,42.2882638889,-83.75819,35.921875,,0.0,,24.5,0.0,0.439999997616,,0.0,-1.5,62.3529624939,367.875,,,,
287.008634333,492,2473,279300,42.2882638889,-83.75819,36.3125,,0.0,,24.5,0.0,0.439999997616,,0.0,-1.35000002384,62.3529624939,367.875,,,,
287.008634333,492,2473,280000,42.2880394444,-83.7582325,36.3125,,0.0,,24.5,0.0,0.439999997616,,0.0,-1.35000002384,62.3529624939,367.875,,,,
287.008634333,492,2473,280400,42.2880394444,-83.7582325,37.078125,,0.0,,24.5,0.0,0.439999997616,,0.0,-0.15000000596,62.3529624939,369.75,,,,
287.008634333,492,2473,281500,42.2880394444,-83.7582325,37.03125,,0.0,,24.5,0.0,0.439999997616,,0.0,-1.95000004768,62.3529624939,369.75,,,,
287.008634333,492,2473,282600,42.2880394444,-83.7582325,37.53125,,0.0,,24.5,0.0,0.439999997616,,0.0,-0.900000035763,62.3529624939,369.75,,,,
287.008634333,492,2473,283100,42.2878130556,-83.7582163889,37.53125,,0.0,,24.5,0.0,0.439999997616,,0.0,-0.900000035763,62.3529624939,369.75,,,,
287.008634333,492,2473,283600,42.2878130556,-83.7582163889,37.640625,,0.0,,24.5,0.0,0.439999997616,,0.0,-0.600000023842,62.3529624939,369.75,,,,
287.008634333,492,2473,284500,42.2878130556,-83.7582163889,37.640625,,0.0,,24.0,0.0,0.399999976158,,0.0,-0.600000023842,62.3529624939,369.75,,,,
287.008634333,492,2473,284600,42.2878130556,-83.7582163889,37.703125,,0.0,,24.0,0.0,0.399999976158,,0.0,-0.600000023842,62.3529624939,369.75,,,,
287.008634333,492,2473,285400,42.2878130556,-83.7582163889,37.703125,,0.0,,24.0,0.0,0.399999976158,,0.0,-0.600000023842,62.3529624939,369.875,,,,
287.008634333,492,2473,285600,42.2878130556,-83.7582163889,37.421875,,0.0,,24.0,0.0,0.399999976158,,0.0,-1.05000007153,62.3529624939,369.875,,,,
287.008634333,492,2473,286000,42.2874936111,-83.7581580556,37.421875,,0.0,,24.0,0.0,0.399999976158,,0.0,-1.05000007153,62.3529624939,369.875,,,,
287.008634333,492,2473,286700,42.2874936111,-83.7581580556,33.46875,,0.0,,24.0,0.0,0.399999976158,,0.0,65.7000045776,62.3529624939,369.875,,,,
287.008634333,492,2473,287700,42.2874936111,-83.7581580556,25.25,,0.0,,24.0,0.0,0.399999976158,,0.0,55.8000030518,62.3529624939,369.875,,,,
287.008634333,492,2473,288800,42.2874936111,-83.7581580556,15.734375,,0.0,,24.0,0.0,0.399999976158,,0.0,33.9000015259,62.3529624939,369.875,,,,
287.008634333,492,2473,289000,42.2873244444,-83.7581280556,15.734375,,0.0,,24.0,0.0,0.399999976158,,0.0,33.9000015259,62.3529624939,369.875,,,,
287.008634333,492,2473,289800,42.2873244444,-83.7581280556,6.84375,,0.0,,24.0,0.0,0.399999976158,,0.0,7.65000009537,62.3529624939,369.875,,,,
287.008634333,492,2473,290400,42.2873244444,-83.7581280556,6.84375,,0.0,,24.0,0.0,0.399999976158,,0.0,7.65000009537,62.3529624939,367.875,,,,
287.008634333,492,2473,290800,42.2873244444,-83.7581280556,8.734375,,0.0,,24.0,0.0,0.399999976158,,0.0,-39.9000015259,62.3529624939,367.875,,,,
287.008634333,492,2473,291900,42.2873244444,-83.7581280556,17.375,,0.0,,24.0,0.0,0.399999976158,,0.0,-68.7000045776,62.3529624939,367.875,,,,
287.008634333,492,2473,292000,42.2872202778,-83.7581194444,17.375,,0.0,,24.0,0.0,0.399999976158,,0.0,-68.7000045776,62.3529624939,367.875,,,,
287.008634333,492,2473,292900,42.2872202778,-83.7581194444,23.78125,,0.0,,24.0,0.0,0.399999976158,,0.0,-68.8500061035,62.3529624939,367.875,,,,
287.008634333,492,2473,294000,42.2872202778,-83.7581194444,24.578125,,0.0,,24.0,0.0,0.399999976158,,0.0,-2.40000009537,62.3529624939,367.875,,,,
287.008634333,492,2473,295000,42.2870613889,-83.7581308333,24.34375,,0.0,,24.0,0.0,0.399999976158,,0.0,-2.25,62.3529624939,367.875,,,,
287.008634333,492,2473,295500,42.2870613889,-83.7581308333,24.34375,,0.0,,24.0,0.0,0.399999976158,,0.0,-2.25,62.3529624939,367.625,,,,
287.008634333,492,2473,296000,42.2870613889,-83.7581308333,25.921875,,0.0,,24.0,0.0,0.399999976158,,0.0,-61.9500007629,62.3529624939,367.625,,,,
287.008634333,492,2473,297100,42.2870613889,-83.7581308333,29.796875,,0.0,,24.0,0.0,0.399999976158,,0.0,-41.25,62.3529624939,367.625,,,,
287.008634333,492,2473,298000,42.2868694444,-83.7581408333,29.796875,,0.0,,24.0,0.0,0.399999976158,,0.0,-41.25,62.3529624939,367.625,,,,
287.008634333,492,2473,298100,42.2868694444,-83.7581408333,33.765625,,0.0,,24.0,0.0,0.399999976158,,0.0,-3.0,62.3529624939,367.625,,,,
287.008634333,492,2473,299200,42.2868694444,-83.7581408333,32.84375,,0.0,,24.0,0.0,0.399999976158,,0.0,12.3000001907,62.3529624939,367.625,,,,
287.008634333,492,2473,300200,42.2868694444,-83.7581408333,29.078125,,0.0,,24.0,0.0,0.399999976158,,0.0,51.6000022888,62.3529624939,367.625,,,,
287.008634333,492,2473,300500,42.2868694444,-83.7581408333,29.078125,,0.0,,24.0,0.0,0.399999976158,,0.0,51.6000022888,62.3529624939,373.0,,,,
287.008634333,492,2473,301100,42.2866322222,-83.7581208333,29.078125,,0.0,,24.0,0.0,0.399999976158,,0.0,51.6000022888,62.3529624939,373.0,,,,
287.008634333,492,2473,301200,42.2866322222,-83.7581208333,24.21875,,0.0,,24.0,0.0,0.399999976158,,0.0,-2.10000014305,62.3529624939,373.0,,,,
287.008634333,492,2473,302300,42.2866322222,-83.7581208333,27.4375,,0.0,,24.0,0.0,0.399999976158,,0.0,-53.2500038147,62.3529624939,373.0,,,,
287.008634333,492,2473,303300,42.2866322222,-83.7581208333,31.265625,,0.0,,24.0,0.0,0.399999976158,,0.0,-59.2500038147,62.3529624939,373.0,,,,
287.008634333,492,2473,304100,42.2864144444,-83.7581080556,31.265625,,0.0,,24.0,0.0,0.399999976158,,0.0,-59.2500038147,62.3529624939,373.0,,,,
287.008634333,492,2473,304400,42.2864144444,-83.7581080556,34.4375,,0.0,,24.0,0.0,0.399999976158,,0.0,-41.5500030518,62.3529624939,373.0,,,,
287.008634333,492,2473,305400,42.2864144444,-83.7581080556,34.296875,,0.0,,24.0,0.0,0.399999976158,,0.0,-2.70000004768,62.3529624939,373.0,,,,
287.008634333,492,2473,305600,42.2864144444,-83.7581080556,34.296875,,0.0,,24.0,0.0,0.399999976158,,0.0,-2.70000004768,62.3529624939,369.375,,,,
287.008634333,492,2473,306400,42.2864144444,-83.7581080556,29.25,,0.0,,24.0,0.0,0.399999976158,,0.0,66.6000061035,62.3529624939,369.375,,,,
287.008634333,492,2473,307000,42.2861922222,-83.75811,29.25,,0.0,,24.0,0.0,0.399999976158,,0.0,66.6000061035,62.3529624939,369.375,,,,
287.008634333,492,2473,307500,42.2861922222,-83.75811,23.328125,,0.0,,24.0,0.0,0.399999976158,,0.0,41.4000015259,62.3529624939,369.375,,,,
287.008634333,492,2473,308500,42.2861922222,-83.75811,16.875,,0.0,,24.0,0.0,0.399999976158,,0.0,36.3000030518,62.3529624939,369.375,,,,
287.008634333,492,2473,309600,42.2861922222,-83.75811,11.28125,,0.0,,24.0,0.0,0.399999976158,,0.0,11.1000003815,62.3529624939,369.375,,,,
287.008634333,492,2473,310000,42.2860719444,-83.7581147222,11.28125,,0.0,,24.0,0.0,0.399999976158,,0.0,11.1000003815,62.3529624939,369.375,,,,
287.008634333,492,2473,310600,42.2860719444,-83.7581147222,7.578125,,0.0,,24.0,0.0,0.399999976158,,0.0,5.85000038147,62.3529624939,370.75,,,,
287.008634333,492,2473,311600,42.2860719444,-83.7581147222,9.078125,,0.0,,24.0,0.0,0.399999976158,,0.0,-22.0500011444,62.3529624939,370.75,,,,
287.008634333,492,2473,312700,42.2860719444,-83.7581147222,13.84375,,0.0,,24.0,0.0,0.399999976158,,0.0,-35.1000022888,62.3529624939,370.75,,,,
287.008634333,492,2473,313000,42.2860308333,-83.7581325,13.84375,,0.0,,24.0,0.0,0.399999976158,,0.0,-35.1000022888,62.3529624939,370.75,,,,
287.008634333,492,2473,313800,42.2860308333,-83.7581325,17.265625,,0.0,,24.0,0.0,0.399999976158,,0.0,-43.3500022888,62.3529624939,370.75,,,,
287.008634333,492,2473,314600,42.2860308333,-83.7581325,17.265625,,0.0,,24.0,0.0,0.399999976158,,0.0,-43.3500022888,61.1764907837,370.75,,,,
287.008634333,492,2473,314800,42.2860308333,-83.7581325,21.46875,,0.0,,24.0,0.0,0.399999976158,,0.0,-63.3000030518,61.1764907837,370.75,,,,
287.008634333,492,2473,315400,42.2860308333,-83.7581325,21.46875,,0.0,,24.0,0.0,0.399999976158,,0.0,-63.3000030518,61.1764907837,370.75,,,,
287.008634333,492,2473,315700,42.2860308333,-83.7581325,21.46875,,0.0,,24.0,0.0,0.399999976158,,0.0,-63.3000030518,61.1764907837,366.375,,,,
287.008634333,492,2473,315900,42.2860308333,-83.7581325,25.09375,,0.0,,24.0,0.0,0.399999976158,,0.0,-53.4000015259,61.1764907837,366.375,,,,
287.008634333,492,2473,316200,42.2860391667,-83.7582436111,25.09375,,0.0,,24.0,0.0,0.399999976158,,0.0,-53.4000015259,61.1764907837,366.375,,,,
287.008634333,492,2473,317000,42.2860391667,-83.7582436111,24.75,,0.0,,24.0,0.0,0.399999976158,,0.0,-2.25,61.1764907837,366.375,,,,
287.008634333,492,2473,318000,42.2860391667,-83.7582436111,22.03125,,0.0,,24.0,0.0,0.399999976158,,0.0,26.7000007629,61.1764907837,366.375,,,,
287.008634333,492,2473,319000,42.2861008333,-83.7584263889,16.0625,,0.0,,24.0,0.0,0.399999976158,,0.0,16.2000007629,61.1764907837,366.375,,,,
287.008634333,492,2473,320100,42.2861008333,-83.7584263889,8.390625,,0.0,,24.0,0.0,0.399999976158,,0.0,-1.35000002384,61.1764907837,366.375,,,,
287.008634333,492,2473,320700,42.2861008333,-83.7584263889,8.390625,,0.0,,24.0,0.0,0.399999976158,,0.0,-1.35000002384,61.1764907837,370.125,,,,
287.008634333,492,2473,321100,42.2861008333,-83.7584263889,3.28125,,0.0,,24.0,0.0,0.399999976158,,0.0,-1.5,61.1764907837,370.125,,,,
287.008634333,492,2473,322200,42.2861008333,-83.7584263889,0.234375,,0.0,,24.0,0.0,0.399999976158,,0.0,-1.65000009537,61.1764907837,370.125,,,,
287.008634333,492,2473,322700,42.2861008333,-83.7584263889,0.0,,0.0,,23.5,0.0,0.0,,0.0,-1.65000009537,61.1764907837,370.0,,,,
287.008634333,492,2473,324800,42.2861008333,-83.7584263889,0.0,,0.0,,23.5,0.0,0.0,,0.0,-1.80000007153,61.1764907837,370.0,,,,
287.008634333,492,2473,326900,42.2861008333,-83.7584263889,0.0,,0.0,,23.5,0.0,0.0,,0.0,-1.95000004768,61.1764907837,370.0,,,,
287.008634333,492,2473,327000,42.2862166667,-83.7585833333,0.0,,0.0,,23.5,0.0,0.0,,0.0,-1.95000004768,61.1764907837,370.0,,,,
287.008634333,492,2473,327800,42.2862166667,-83.7585833333,2.203125,,0.0,,23.5,0.0,0.0,,0.0,-10.8000001907,61.1764907837,369.625,,,,
287.008634333,492,2473,328800,42.2862166667,-83.7585833333,8.0,,0.0,,23.5,0.0,0.0,,0.0,-30.7500019073,61.1764907837,369.625,,,,
287.008634333,492,2473,329800,42.2862166667,-83.7585833333,13.359375,,0.0,,23.5,0.0,0.0,,0.0,-40.3500022888,61.1764907837,369.625,,,,
287.008634333,492,2473,330100,42.2862433333,-83.7586547222,13.359375,,0.0,,23.5,0.0,0.0,,0.0,-40.3500022888,61.1764907837,369.625,,,,
287.008634333,492,2473,330200,42.2862433333,-83.7586547222,13.359375,,0.0,,23.5,0.0,0.0,,0.0,-40.3500022888,61.1764907837,369.625,,,,
287.008634333,492,2473,330900,42.2862433333,-83.7586547222,18.0625,,0.0,,23.5,0.0,0.0,,0.0,-45.4500007629,61.1764907837,369.625,,,,
287.008634333,492,2473,331900,42.2862433333,-83.7586547222,22.515625,,0.0,,23.5,0.0,0.0,,0.0,-60.1500015259,61.1764907837,369.625,,,,
287.008634333,492,2473,332800,42.2862433333,-83.7586547222,22.515625,,0.0,,23.5,0.0,0.0,,0.0,-60.1500015259,61.1764907837,365.25,,,,
287.008634333,492,2473,333000,42.2862433333,-83.7586547222,27.40625,,0.0,,23.5,0.0,0.0,,0.0,-68.8500061035,61.1764907837,365.25,,,,
287.008634333,492,2473,333100,42.2862988889,-83.7588066667,27.40625,,0.0,,23.5,0.0,0.0,,0.0,-68.8500061035,61.1764907837,365.25,,,,
287.008634333,492,2473,334000,42.2862988889,-83.7588066667,31.546875,,0.0,,23.5,0.0,0.0,,0.0,-75.9000015259,61.1764907837,365.25,,,,
287.008634333,492,2473,335000,42.2862988889,-83.7588066667,36.25,,0.0,,23.5,0.0,0.0,,0.0,-81.75,61.1764907837,365.25,,,,
287.008634333,492,2473,336000,42.2863683333,-83.7590652778,36.25,,0.0,,23.5,0.0,0.0,,0.0,-81.75,61.1764907837,365.25,,,,
287.008634333,492,2473,336100,42.2863683333,-83.7590652778,40.21875,,0.0,,23.5,0.0,0.0,,0.0,-50.4000015259,61.1764907837,365.25,,,,
287.008634333,492,2473,337100,42.2863683333,-83.7590652778,44.71875,,0.0,,23.5,0.0,0.0,,0.0,-44.1000022888,61.1764907837,365.25,,,,
287.008634333,492,2473,337800,42.2863683333,-83.7590652778,44.71875,,0.0,,23.5,0.0,0.0,,0.0,-44.1000022888,61.1764907837,367.25,,,,
287.008634333,492,2473,338200,42.2863683333,-83.7590652778,47.6875,,0.0,,23.5,0.0,0.0,,0.0,-27.1500015259,61.1764907837,367.25,,,,
287.008634333,492,2473,339000,42.2865047222,-83.7594247222,47.6875,,0.0,,23.5,0.0,0.0,,0.0,-27.1500015259,61.1764907837,367.25,,,,
287.008634333,492,2473,339200,42.2865047222,-83.7594247222,48.640625,,0.0,,23.5,0.0,0.0,,0.0,-2.85000014305,61.1764907837,367.25,,,,
287.008634333,492,2473,340200,42.2865047222,-83.7594247222,48.84375,,0.0,,23.5,0.0,0.0,,0.0,1.5,61.1764907837,367.25,,,,
287.008634333,492,2473,341300,42.2865047222,-83.7594247222,48.296875,,0.0,,23.5,0.0,0.0,,0.0,1.35000002384,61.1764907837,367.25,,,,
287.008634333,492,2473,342100,42.2866791667,-83.7598561111,48.296875,,0.0,,23.5,0.0,0.0,,0.0,1.35000002384,61.1764907837,367.25,,,,
287.008634333,492,2473,342300,42.2866791667,-83.7598561111,47.515625,,0.0,,23.5,0.0,0.0,,0.0,1.5,61.1764907837,367.25,,,,
287.008634333,492,2473,342900,42.2866791667,-83.7598561111,47.515625,,0.0,,23.5,0.0,0.0,,0.0,1.5,61.1764907837,369.375,,,,
287.008634333,492,2473,343400,42.2866791667,-83.7598561111,46.296875,,0.0,,23.5,0.0,0.0,,0.0,-40.3500022888,61.1764907837,369.375,,,,
287.008634333,492,2473,344400,42.2866791667,-83.7598561111,46.3125,,0.0,,23.5,0.0,0.0,,0.0,-55.3500022888,61.1764907837,369.375,,,,
287.008634333,492,2473,345100,42.2868511111,-83.7602733333,46.3125,,0.0,,23.5,0.0,0.0,,0.0,-55.3500022888,61.1764907837,369.375,,,,
287.008634333,492,2473,345400,42.2868511111,-83.7602733333,47.296875,,0.0,,23.5,0.0,0.0,,0.0,-65.8500061035,61.1764907837,369.375,,,,
287.008634333,492,2473,346500,42.2868511111,-83.7602733333,47.546875,,0.0,,23.5,0.0,0.0,,0.0,-67.0500030518,61.1764907837,369.375,,,,
287.008634333,492,2473,347500,42.2868511111,-83.7602733333,47.71875,,0.0,,23.5,0.0,0.0,,0.0,-70.0500030518,61.1764907837,369.375,,,,
287.008634333,492,2473,347900,42.2868511111,-83.7602733333,47.71875,,0.0,,23.5,0.0,0.0,,0.0,-70.0500030518,61.1764907837,364.25,,,,
287.008634333,492,2473,348100,42.2870361111,-83.7607136111,47.71875,,0.0,,23.5,0.0,0.0,,0.0,-70.0500030518,61.1764907837,364.25,,,,
287.008634333,492,2473,348600,42.2870361111,-83.7607136111,48.234375,,0.0,,23.5,0.0,0.0,,0.0,-68.7000045776,61.1764907837,364.25,,,,
287.008634333,492,2473,349700,42.2870361111,-83.7607136111,48.5625,,0.0,,23.5,0.0,0.0,,0.0,-69.1500015259,61.1764907837,364.25,,,,
287.008634333,492,2473,350800,42.2870361111,-83.7607136111,49.515625,,0.0,,23.5,0.0,0.0,,0.0,-69.3000030518,61.1764907837,364.25,,,,
287.008634333,492,2473,351800,42.2870361111,-83.7607136111,51.015625,,0.0,,23.5,0.0,0.0,,0.0,-68.7000045776,61.1764907837,364.25,,,,
287.008634333,492,2473,352000,42.2872816667,-83.7613208333,51.015625,,0.0,,23.5,0.0,0.0,,0.0,-68.7000045776,61.1764907837,364.25,,,,
287.008634333,492,2473,352800,42.2872816667,-83.7613208333,52.6875,,0.0,,23.5,0.0,0.0,,0.0,-63.4500007629,61.1764907837,364.25,,,,
287.008634333,492,2473,352900,42.2872816667,-83.7613208333,52.6875,,0.0,,23.5,0.0,0.0,,0.0,-63.4500007629,61.1764907837,364.0,,,,
287.008634333,492,2473,353900,42.2872816667,-83.7613208333,53.4375,,0.0,,23.5,0.0,0.0,,0.0,-36.9000015259,61.1764907837,364.0,,,,
287.008634333,492,2473,354900,42.2872816667,-83.7613208333,54.03125,,0.0,,23.5,0.0,0.0,,0.0,-35.8500022888,61.1764907837,364.0,,,,
287.008634333,492,2473,355100,42.2874580556,-83.7617802778,54.03125,,0.0,,23.5,0.0,0.0,,0.0,-35.8500022888,61.1764907837,364.0,,,,
287.008634333,492,2473,356000,42.2874580556,-83.7617802778,53.625,,0.0,,23.5,0.0,0.0,,0.0,0.300000011921,61.1764907837,364.0,,,,
287.008634333,492,2473,357000,42.2874580556,-83.7617802778,52.625,,0.0,,23.5,0.0,0.0,,0.0,-2.10000014305,61.1764907837,364.0,,,,
287.008634333,492,2473,357800,42.2874580556,-83.7617802778,52.625,,0.0,,23.5,0.0,0.0,,0.0,-2.10000014305,59.6078605652,364.0,,,,
287.008634333,492,2473,358000,42.2874580556,-83.7617802778,51.5625,,0.0,,23.5,0.0,0.0,,0.0,2.10000014305,59.6078605652,368.5,,,,
287.008634333,492,2473,358100,42.2876330556,-83.7622444444,51.5625,,0.0,,23.5,0.0,0.0,,0.0,2.10000014305,59.6078605652,368.5,,,,
287.008634333,492,2473,359100,42.2876330556,-83.7622444444,50.0625,,0.0,,23.5,0.0,0.0,,0.0,2.10000014305,59.6078605652,368.5,,,,
287.008634333,492,2473,360100,42.2876330556,-83.7622444444,47.34375,,0.0,,23.5,0.0,0.0,,0.0,50.4000015259,59.6078605652,368.5,,,,
287.008634333,492,2473,360200,42.2876330556,-83.7622444444,47.34375,,0.0,,23.5,0.0,0.0,,0.0,50.4000015259,59.6078605652,368.5,,,,
287.008634333,492,2473,361000,42.2877858333,-83.7626777778,47.34375,,0.0,,23.5,0.0,0.0,,0.0,50.4000015259,59.6078605652,368.5,,,,
287.008634333,492,2473,361200,42.2877858333,-83.7626777778,42.859375,,0.0,,23.5,0.0,0.0,,0.0,41.5500030518,59.6078605652,368.5,,,,
287.008634333,492,2473,362200,42.2877858333,-83.7626777778,38.390625,,0.0,,23.5,0.0,0.0,,0.0,38.4000015259,59.6078605652,368.5,,,,
287.008634333,492,2473,363000,42.2877858333,-83.7626777778,38.390625,,0.0,,23.5,0.0,0.0,,0.0,38.4000015259,59.6078605652,370.875,,,,
287.008634333,492,2473,363200,42.2877858333,-83.7626777778,34.265625,,0.0,,23.5,0.0,0.0,,0.0,26.7000007629,59.6078605652,370.875,,,,
287.008634333,492,2473,364000,42.2879066667,-83.7629830556,34.265625,,0.0,,23.5,0.0,0.0,,0.0,26.7000007629,59.6078605652,370.875,,,,
287.008634333,492,2473,364300,42.2879066667,-83.7629830556,31.40625,,0.0,,23.5,0.0,0.0,,0.0,-0.15000000596,59.6078605652,370.875,,,,
287.008634333,492,2473,365300,42.2879066667,-83.7629830556,31.25,,0.0,,23.5,0.0,0.0,,0.0,-33.4500007629,59.6078605652,370.875,,,,
287.008634333,492,2473,366400,42.2879066667,-83.7629830556,31.125,,0.0,,23.5,0.0,0.0,,0.0,-41.8500022888,59.6078605652,370.875,,,,
287.008634333,492,2473,367000,42.2879886111,-83.763235,31.125,,0.0,,23.5,0.0,0.0,,0.0,-41.8500022888,59.6078605652,370.875,,,,
287.008634333,492,2473,367400,42.2879886111,-83.763235,32.203125,,0.0,,23.5,0.0,0.0,,0.0,-46.9500007629,59.6078605652,370.875,,,,
287.008634333,492,2473,368000,42.2879886111,-83.763235,32.203125,,0.0,,23.5,0.0,0.0,,0.0,-46.9500007629,59.6078605652,365.875,,,,
287.008634333,492,2473,368400,42.2879886111,-83.763235,33.390625,,0.0,,23.5,0.0,0.0,,0.0,-58.6500015259,59.6078605652,365.875,,,,
287.008634333,492,2473,369500,42.2879886111,-83.763235,34.6875,,0.0,,23.5,0.0,0.0,,0.0,-59.7000007629,59.6078605652,365.875,,,,
287.008634333,492,2473,370000,42.2880686111,-83.7634958333,34.6875,,0.0,,23.5,0.0,0.0,,0.0,-59.7000007629,59.6078605652,365.875,,,,
287.008634333,492,2473,370500,42.2880686111,-83.7634958333,36.515625,,0.0,,23.5,0.0,0.0,,0.0,-73.9500045776,59.6078605652,365.875,,,,
287.008634333,492,2473,371600,42.2880686111,-83.7634958333,38.65625,,0.0,,23.5,0.0,0.0,,0.0,-84.4500045776,59.6078605652,365.875,,,,
287.008634333,492,2473,372600,42.2880686111,-83.7634958333,41.0,,0.0,,23.5,0.0,0.0,,0.0,-87.3000030518,59.6078605652,365.875,,,,
287.008634333,492,2473,373100,42.2881741667,-83.7638069444,41.0,,0.0,,23.5,0.0,0.0,,0.0,-87.3000030518,59.6078605652,362.625,,,,
287.008634333,492,2473,373600,42.2881741667,-83.7638069444,43.390625,,0.0,,23.5,0.0,0.0,,0.0,-87.4500045776,59.6078605652,362.625,,,,
287.008634333,492,2473,374700,42.2881741667,-83.7638069444,44.09375,,0.0,,23.5,0.0,0.0,,0.0,-49.0500030518,59.6078605652,362.625,,,,
287.008634333,492,2473,375700,42.2881741667,-83.7638069444,44.484375,,0.0,,23.5,0.0,0.0,,0.0,-42.0,59.6078605652,362.625,,,,
287.008634333,492,2473,376100,42.2883075,-83.7641802778,44.484375,,0.0,,23.5,0.0,0.0,,0.0,-42.0,59.6078605652,362.625,,,,
287.008634333,492,2473,376800,42.2883075,-83.7641802778,46.109375,,0.0,,23.5,0.0,0.0,,0.0,-88.5,59.6078605652,362.625,,,,
287.008634333,492,2473,377800,42.2883075,-83.7641802778,49.140625,,0.0,,23.5,0.0,0.0,,0.0,-95.8500061035,59.6078605652,362.625,,,,
287.008634333,492,2473,378100,42.2883075,-83.7641802778,49.140625,,0.0,,23.5,0.0,0.0,,0.0,-95.8500061035,59.6078605652,361.625,,,,
287.008634333,492,2473,378800,42.2883075,-83.7641802778,51.828125,,0.0,,23.5,0.0,0.0,,0.0,-97.3500061035,59.6078605652,361.625,,,,
287.008634333,492,2473,379100,42.2884747222,-83.7645977778,51.828125,,0.0,,23.5,0.0,0.0,,0.0,-97.3500061035,59.6078605652,361.625,,,,
287.008634333,492,2473,379900,42.2884747222,-83.7645977778,53.46875,,0.0,,23.5,0.0,0.0,,0.0,-79.0500030518,59.6078605652,361.625,,,,
287.008634333,492,2473,380900,42.2884747222,-83.7645977778,53.40625,,0.0,,23.5,0.0,0.0,,0.0,-25.6500015259,59.6078605652,361.625,,,,
287.008634333,492,2473,382000,42.2884747222,-83.7645977778,52.609375,,0.0,,23.5,0.0,0.0,,0.0,-46.2000007629,59.6078605652,361.625,,,,
287.008634333,492,2473,382200,42.2886572222,-83.7650636111,52.609375,,0.0,,23.5,0.0,0.0,,0.0,-46.2000007629,59.6078605652,361.625,,,,
287.008634333,492,2473,383000,42.2886572222,-83.7650636111,53.125,,0.0,,23.5,0.0,0.0,,0.0,-76.2000045776,59.6078605652,361.625,,,,
287.008634333,492,2473,383200,42.2886572222,-83.7650636111,53.125,,0.0,,23.5,0.0,0.0,,0.0,-76.2000045776,59.6078605652,362.375,,,,
287.008634333,492,2473,384100,42.2886572222,-83.7650636111,53.9375,,0.0,,23.5,0.0,0.0,,0.0,-79.5,59.6078605652,362.375,,,,
287.008634333,492,2473,385100,42.2888511111,-83.7655627778,53.9375,,0.0,,23.5,0.0,0.0,,0.0,-79.5,59.6078605652,362.375,,,,
287.008634333,492,2473,385200,42.2888511111,-83.7655627778,55.453125,,0.0,,23.5,0.0,0.0,,0.0,-81.75,59.6078605652,362.375,,,,
287.008634333,492,2473,386200,42.2888511111,-83.7655627778,56.796875,,0.0,,23.5,0.0,0.0,,0.0,-80.1000061035,59.6078605652,362.375,,,,
287.008634333,492,2473,387300,42.2888511111,-83.7655627778,58.5625,,0.0,,23.5,0.0,0.0,,0.0,-81.4500045776,59.6078605652,362.375,,,,
287.008634333,492,2473,387800,42.2888511111,-83.7655627778,58.5625,,0.0,,23.5,0.0,0.359999984503,,0.0,-81.4500045776,59.6078605652,362.375,,,,
287.008634333,492,2473,388100,42.2890438889,-83.7660852778,58.5625,,0.0,,23.5,0.0,0.359999984503,,0.0,-81.4500045776,59.6078605652,362.375,,,,
287.008634333,492,2473,388200,42.2890438889,-83.7660852778,58.5625,,0.0,,23.5,0.0,0.359999984503,,0.0,-81.4500045776,59.6078605652,363.375,,,,
287.008634333,492,2473,388300,42.2890438889,-83.7660852778,59.84375,,0.0,,23.5,0.0,0.359999984503,,0.0,-49.5000038147,59.6078605652,363.375,,,,
287.008634333,492,2473,389400,42.2890438889,-83.7660852778,60.46875,,0.0,,23.5,0.0,0.359999984503,,0.0,-49.2000007629,59.6078605652,363.375,,,,
287.008634333,492,2473,390200,42.2890438889,-83.7660852778,60.46875,,0.0,,23.5,0.0,0.359999984503,,0.0,-49.2000007629,59.6078605652,363.375,,,,
287.008634333,492,2473,390400,42.2890438889,-83.7660852778,61.875,,0.0,,23.5,0.0,0.359999984503,,0.0,-52.6500015259,59.6078605652,363.375,,,,
287.008634333,492,2473,391100,42.2892691667,-83.7666580556,61.875,,0.0,,23.5,0.0,0.359999984503,,0.0,-52.6500015259,59.6078605652,363.375,,,,
287.008634333,492,2473,391400,42.2892691667,-83.7666580556,61.25,,0.0,,23.5,0.0,0.359999984503,,0.0,-5.55000019073,59.6078605652,363.375,,,,
287.008634333,492,2473,392500,42.2892691667,-83.7666580556,60.328125,,0.0,,23.5,0.0,0.359999984503,,0.0,3.90000009537,59.6078605652,363.375,,,,
287.008634333,492,2473,393200,42.2892691667,-83.7666580556,60.328125,,0.0,,23.5,0.0,0.359999984503,,0.0,3.90000009537,59.6078605652,367.125,,,,
287.008634333,492,2473,393500,42.2892691667,-83.7666580556,58.859375,,0.0,,23.5,0.0,0.359999984503,,0.0,-9.0,59.6078605652,367.125,,,,
287.008634333,492,2473,394000,42.2894786111,-83.7672019444,58.859375,,0.0,,23.5,0.0,0.359999984503,,0.0,-9.0,59.6078605652,367.125,,,,
287.008634333,492,2473,394600,42.2894786111,-83.7672019444,58.53125,,0.0,,23.5,0.0,0.359999984503,,0.0,-60.1500015259,59.6078605652,367.125,,,,
287.008634333,492,2473,395600,42.2894786111,-83.7672019444,59.03125,,0.0,,23.5,0.0,0.359999984503,,0.0,-70.3500061035,59.6078605652,367.125,,,,
287.008634333,492,2473,396600,42.2894786111,-83.7672019444,59.46875,,0.0,,23.5,0.0,0.359999984503,,0.0,-73.0500030518,59.6078605652,367.125,,,,
287.008634333,492,2473,397000,42.2896905556,-83.7677513889,59.46875,,0.0,,23.5,0.0,0.359999984503,,0.0,-73.0500030518,59.6078605652,367.125,,,,
287.008634333,492,2473,397700,42.2896905556,-83.7677513889,59.859375,,0.0,,23.5,0.0,0.359999984503,,0.0,-68.5500030518,59.6078605652,367.125,,,,
287.008634333,492,2473,398200,42.2896905556,-83.7677513889,59.859375,,0.0,,23.5,0.0,0.359999984503,,0.0,-68.5500030518,59.6078605652,362.375,,,,
287.008634333,492,2473,398700,42.2896905556,-83.7677513889,59.71875,,0.0,,23.5,0.0,0.359999984503,,0.0,-38.8500022888,59.6078605652,362.375,,,,
287.008634333,492,2473,399800,42.2896905556,-83.7677513889,59.421875,,0.0,,23.5,0.0,0.359999984503,,0.0,-55.5000038147,59.6078605652,362.375,,,,
287.008634333,492,2473,400100,42.289885,-83.7682883333,59.421875,,0.0,,23.5,0.0,0.359999984503,,0.0,-55.5000038147,59.6078605652,362.375,,,,
287.008634333,492,2473,400800,42.289885,-83.7682883333,59.796875,,0.0,,23.5,0.0,0.359999984503,,0.0,-62.2500038147,59.6078605652,362.375,,,,
287.008634333,492,2473,401800,42.289885,-83.7682883333,60.328125,,0.0,,23.5,0.0,0.359999984503,,0.0,-64.6500015259,59.6078605652,362.375,,,,
287.008634333,492,2473,402900,42.289885,-83.7682883333,60.875,,0.0,,23.5,0.0,0.359999984503,,0.0,-64.6500015259,59.6078605652,362.375,,,,
287.008634333,492,2473,403000,42.2900980556,-83.7688341667,60.875,,0.0,,23.5,0.0,0.359999984503,,0.0,-64.6500015259,59.6078605652,362.375,,,,
287.008634333,492,2473,403900,42.2900980556,-83.7688341667,61.4375,,0.0,,23.5,0.0,0.359999984503,,0.0,-65.7000045776,59.6078605652,362.375,,,,
287.008634333,492,2473,405000,42.2900980556,-83.7688341667,62.265625,,0.0,,23.5,0.0,0.359999984503,,0.0,-66.9000015259,59.6078605652,362.375,,,,
287.008634333,492,2473,406000,42.2903116667,-83.7693883333,63.46875,,0.0,,23.5,0.0,0.359999984503,,0.0,-67.5,59.6078605652,362.375,,,,
287.008634333,492,2473,407000,42.2903116667,-83.7693883333,63.5625,,0.0,,23.5,0.0,0.359999984503,,0.0,3.15000009537,59.6078605652,362.375,,,,
287.008634333,492,2473,408100,42.2903116667,-83.7693883333,62.390625,,0.0,,23.5,0.0,0.359999984503,,0.0,3.90000009537,59.6078605652,362.375,,,,
287.008634333,492,2473,408300,42.2903116667,-83.7693883333,62.390625,,0.0,,23.5,0.0,0.359999984503,,0.0,3.90000009537,59.6078605652,366.75,,,,
287.008634333,492,2473,409100,42.2903116667,-83.7693883333,61.0625,,0.0,,23.5,0.0,0.359999984503,,0.0,3.30000019073,59.6078605652,366.75,,,,
287.008634333,492,2473,410000,42.2906055556,-83.7701327778,61.0625,,0.0,,23.5,0.0,0.359999984503,,0.0,3.30000019073,59.6078605652,366.75,,,,
287.008634333,492,2473,410200,42.2906055556,-83.7701327778,60.0,,0.0,,23.5,0.0,0.359999984503,,0.0,5.10000038147,59.6078605652,366.75,,,,
287.008634333,492,2473,411200,42.2906055556,-83.7701327778,58.71875,,0.0,,23.5,0.0,0.359999984503,,0.0,4.9500002861,59.6078605652,366.75,,,,
287.008634333,492,2473,412100,42.2907316667,-83.7704761111,58.71875,,0.0,,23.5,0.0,0.359999984503,,0.0,4.9500002861,59.6078605652,366.75,,,,
287.008634333,492,2473,412200,42.2907316667,-83.7704761111,57.46875,,0.0,,23.5,0.0,0.359999984503,,0.0,3.90000009537,59.6078605652,366.75,,,,
287.008634333,492,2473,413300,42.2907316667,-83.7704761111,55.9375,,0.0,,23.5,0.0,0.359999984503,,0.0,3.75000023842,59.6078605652,366.75,,,,
287.008634333,492,2473,413400,42.2907316667,-83.7704761111,55.9375,,0.0,,23.5,0.0,0.359999984503,,0.0,3.75000023842,59.6078605652,367.375,,,,
287.008634333,492,2473,414300,42.2907316667,-83.7704761111,54.28125,,0.0,,23.5,0.0,0.359999984503,,0.0,-30.0000019073,59.6078605652,367.375,,,,
287.008634333,492,2473,415400,42.2907316667,-83.7704761111,52.9375,,0.0,,23.5,0.0,0.359999984503,,0.0,-41.4000015259,59.6078605652,367.375,,,,
287.008634333,492,2473,416100,42.2910355556,-83.7711588889,52.9375,,0.0,,23.5,0.0,0.359999984503,,0.0,-41.4000015259,59.6078605652,367.375,,,,
287.008634333,492,2473,416400,42.2910355556,-83.7711588889,53.09375,,0.0,,23.5,0.0,0.359999984503,,0.0,-42.6000022888,59.6078605652,367.375,,,,
287.008634333,492,2473,417500,42.2910355556,-83.7711588889,53.203125,,0.0,,23.5,0.0,0.359999984503,,0.0,-50.8500022888,59.6078605652,367.375,,,,
287.008634333,492,2473,418400,42.2910355556,-83.7711588889,53.203125,,0.0,,23.5,0.0,0.359999984503,,0.0,-50.8500022888,59.6078605652,362.75,,,,
287.008634333,492,2473,418600,42.2910355556,-83.7711588889,53.9375,,0.0,,23.5,0.0,0.359999984503,,0.0,-65.8500061035,59.6078605652,362.75,,,,
287.008634333,492,2473,419000,42.2912341667,-83.7716472222,53.9375,,0.0,,23.5,0.0,0.359999984503,,0.0,-65.8500061035,59.6078605652,362.75,,,,
287.008634333,492,2473,419600,42.2912341667,-83.7716472222,54.625,,0.0,,23.5,0.0,0.359999984503,,0.0,-64.9500045776,59.6078605652,362.75,,,,
287.008634333,492,2473,420200,42.2912341667,-83.7716472222,54.625,,0.0,,23.5,0.0,0.359999984503,,0.0,-64.9500045776,59.6078605652,362.75,,,,
287.008634333,492,2473,420700,42.2912341667,-83.7716472222,55.234375,,0.0,,23.5,0.0,0.359999984503,,0.0,-60.1500015259,59.6078605652,362.75,,,,
287.008634333,492,2473,421700,42.2912341667,-83.7716472222,55.0,,0.0,,23.5,0.0,0.359999984503,,0.0,-34.6500015259,59.6078605652,362.75,,,,
287.008634333,492,2473,422000,42.2914336111,-83.7721541667,55.0,,0.0,,23.5,0.0,0.359999984503,,0.0,-34.6500015259,59.6078605652,362.75,,,,
287.008634333,492,2473,422800,42.2914336111,-83.7721541667,53.96875,,0.0,,23.5,0.0,0.359999984503,,0.0,-3.0,59.6078605652,362.75,,,,
287.008634333,492,2473,423500,42.2914336111,-83.7721541667,53.96875,,0.0,,23.5,0.0,0.359999984503,,0.0,-3.0,59.6078605652,365.0,,,,
287.008634333,492,2473,423800,42.2914336111,-83.7721541667,53.21875,,0.0,,23.5,0.0,0.359999984503,,0.0,-25.9500007629,59.6078605652,365.0,,,,
287.008634333,492,2473,424800,42.2914336111,-83.7721541667,52.5,,0.0,,23.5,0.0,0.359999984503,,0.0,-9.60000038147,59.6078605652,365.0,,,,
287.008634333,492,2473,425000,42.2916161111,-83.7726327778,52.5,,0.0,,23.5,0.0,0.359999984503,,0.0,-9.60000038147,59.6078605652,365.0,,,,
287.008634333,492,2473,425900,42.2916161111,-83.7726327778,52.28125,,0.0,,23.5,0.0,0.359999984503,,0.0,-31.3500003815,59.6078605652,365.0,,,,
287.008634333,492,2473,426900,42.2916161111,-83.7726327778,52.40625,,0.0,,23.5,0.0,0.359999984503,,0.0,-31.5000019073,59.6078605652,365.0,,,,
287.008634333,492,2473,428000,42.2918094444,-83.7731247222,52.453125,,0.0,,23.5,0.0,0.359999984503,,0.0,-22.0500011444,59.6078605652,365.0,,,,
287.008634333,492,2473,428500,42.2918094444,-83.7731247222,52.453125,,0.0,,23.5,0.0,0.359999984503,,0.0,-22.0500011444,59.6078605652,365.5,,,,
287.008634333,492,2473,429000,42.2918094444,-83.7731247222,52.0625,,0.0,,23.5,0.0,0.359999984503,,0.0,-22.6500015259,59.6078605652,365.5,,,,
287.008634333,492,2473,430000,42.2918094444,-83.7731247222,51.734375,,0.0,,23.5,0.0,0.359999984503,,0.0,-22.8000011444,59.6078605652,365.5,,,,
287.008634333,492,2473,431100,42.2919975,-83.7736030556,51.359375,,0.0,,23.5,0.0,0.359999984503,,0.0,-22.3500003815,59.6078605652,365.5,,,,
287.008634333,492,2473,432100,42.2919975,-83.7736030556,51.234375,,0.0,,23.5,0.0,0.359999984503,,0.0,-34.8000030518,59.6078605652,365.5,,,,
287.008634333,492,2473,433200,42.2919975,-83.7736030556,51.453125,,0.0,,23.5,0.0,0.359999984503,,0.0,-40.2000007629,59.6078605652,365.5,,,,
287.008634333,492,2473,433600,42.2919975,-83.7736030556,51.453125,,0.0,,23.5,0.0,0.359999984503,,0.0,-40.2000007629,59.6078605652,364.25,,,,
287.008634333,492,2473,434100,42.2921861111,-83.77408,51.453125,,0.0,,23.5,0.0,0.359999984503,,0.0,-40.2000007629,59.6078605652,364.25,,,,
287.008634333,492,2473,434200,42.2921861111,-83.77408,51.796875,,0.0,,23.5,0.0,0.359999984503,,0.0,-40.2000007629,59.6078605652,364.25,,,,
287.008634333,492,2473,435200,42.2921861111,-83.77408,52.234375,,0.0,,23.5,0.0,0.359999984503,,0.0,-40.0500030518,59.6078605652,364.25,,,,
287.008634333,492,2473,436300,42.2921861111,-83.77408,52.75,,0.0,,23.5,0.0,0.359999984503,,0.0,-39.9000015259,59.6078605652,364.25,,,,
287.008634333,492,2473,437000,42.2923675,-83.7745544444,52.75,,0.0,,23.5,0.0,0.359999984503,,0.0,-39.9000015259,59.6078605652,364.25,,,,
287.008634333,492,2473,437300,42.2923675,-83.7745544444,53.375,,0.0,,23.5,0.0,0.359999984503,,0.0,-40.6500015259,59.6078605652,364.25,,,,
287.008634333,492,2473,438400,42.2923675,-83.7745544444,53.9375,,0.0,,23.5,0.0,0.359999984503,,0.0,-40.3500022888,59.6078605652,364.25,,,,
287.008634333,492,2473,438600,42.2923675,-83.7745544444,53.9375,,0.0,,23.5,0.0,0.359999984503,,0.0,-40.3500022888,59.6078605652,364.0,,,,
287.008634333,492,2473,439400,42.2923675,-83.7745544444,55.265625,,0.0,,23.5,0.0,0.359999984503,,0.0,-18.3000011444,59.6078605652,364.0,,,,
287.008634333,492,2473,440000,42.2925380556,-83.775025,55.265625,,0.0,,23.5,0.0,0.359999984503,,0.0,-18.3000011444,59.6078605652,364.0,,,,
287.008634333,492,2473,440400,42.2925380556,-83.775025,55.421875,,0.0,,23.5,0.0,0.359999984503,,0.0,-18.6000003815,59.6078605652,364.0,,,,
287.008634333,492,2473,441500,42.2925380556,-83.775025,55.40625,,0.0,,23.5,0.0,0.359999984503,,0.0,-18.6000003815,59.6078605652,364.0,,,,
287.008634333,492,2473,442500,42.2925380556,-83.775025,55.046875,,0.0,,23.5,0.0,0.359999984503,,0.0,-1.80000007153,59.6078605652,364.0,,,,
287.008634333,492,2473,443100,42.2927083333,-83.7755175,55.046875,,0.0,,23.5,0.0,0.359999984503,,0.0,-1.80000007153,59.6078605652,364.0,,,,
287.008634333,492,2473,443600,42.2927083333,-83.7755175,54.40625,,0.0,,23.5,0.0,0.359999984503,,0.0,3.0,59.6078605652,367.0,,,,
287.008634333,492,2473,444600,42.2927083333,-83.7755175,53.796875,,0.0,,23.5,0.0,0.359999984503,,0.0,4.05000019073,59.6078605652,367.0,,,,
287.008634333,492,2473,445600,42.2927083333,-83.7755175,53.359375,,0.0,,23.5,0.0,0.359999984503,,0.0,2.55000019073,59.6078605652,367.0,,,,
287.008634333,492,2473,446100,42.2928958333,-83.7759894444,53.359375,,0.0,,23.5,0.0,0.359999984503,,0.0,2.55000019073,59.6078605652,367.0,,,,
287.008634333,492,2473,446700,42.2928958333,-83.7759894444,53.421875,,0.0,,23.5,0.0,0.359999984503,,0.0,3.0,59.6078605652,367.0,,,,
287.008634333,492,2473,447700,42.2928958333,-83.7759894444,53.484375,,0.0,,23.5,0.0,0.359999984503,,0.0,2.40000009537,59.6078605652,367.0,,,,
287.008634333,492,2473,447800,42.2928958333,-83.7759894444,53.484375,,0.0,,23.5,0.0,0.319999992847,,0.0,2.40000009537,59.6078605652,367.0,,,,
287.008634333,492,2473,448700,42.2928958333,-83.7759894444,53.484375,,0.0,,23.5,0.0,0.319999992847,,0.0,2.40000009537,59.6078605652,367.375,,,,
287.008634333,492,2473,448800,42.2928958333,-83.7759894444,53.609375,,0.0,,23.5,0.0,0.319999992847,,0.0,2.55000019073,59.6078605652,367.375,,,,
287.008634333,492,2473,449100,42.2931097222,-83.7764702778,53.609375,,0.0,,23.5,0.0,0.319999992847,,0.0,2.55000019073,59.6078605652,367.375,,,,
287.008634333,492,2473,449800,42.2931097222,-83.7764702778,53.875,,0.0,,23.5,0.0,0.319999992847,,0.0,3.30000019073,59.6078605652,367.375,,,,
287.008634333,492,2473,450300,42.2931097222,-83.7764702778,53.875,,0.0,,23.5,0.0,0.319999992847,,0.0,3.30000019073,59.6078605652,367.375,,,,
287.008634333,492,2473,450800,42.2931097222,-83.7764702778,53.984375,,0.0,,23.5,0.0,0.319999992847,,0.0,3.45000004768,59.6078605652,367.375,,,,
287.008634333,492,2473,451900,42.2931097222,-83.7764702778,54.3125,,0.0,,23.5,0.0,0.319999992847,,0.0,3.15000009537,59.6078605652,367.375,,,,
287.008634333,492,2473,452000,42.2933155556,-83.7769619444,54.3125,,0.0,,23.5,0.0,0.319999992847,,0.0,3.15000009537,59.6078605652,367.375,,,,
287.008634333,492,2473,453000,42.2933155556,-83.7769619444,54.671875,,0.0,,23.5,0.0,0.319999992847,,0.0,3.60000014305,59.6078605652,367.375,,,,
287.008634333,492,2473,453700,42.2933155556,-83.7769619444,54.671875,,0.0,,23.5,0.0,0.319999992847,,0.0,3.60000014305,59.6078605652,367.75,,,,
287.008634333,492,2473,454100,42.2933155556,-83.7769619444,54.921875,,0.0,,23.5,0.0,0.319999992847,,0.0,2.10000014305,59.6078605652,367.75,,,,
287.008634333,492,2473,455000,42.2935466667,-83.77747,54.921875,,0.0,,23.5,0.0,0.319999992847,,0.0,2.10000014305,59.6078605652,367.75,,,,
287.008634333,492,2473,455100,42.2935466667,-83.77747,55.296875,,0.0,,23.5,0.0,0.319999992847,,0.0,3.90000009537,59.6078605652,367.75,,,,
287.008634333,492,2473,456200,42.2935466667,-83.77747,55.53125,,0.0,,23.5,0.0,0.319999992847,,0.0,3.15000009537,59.6078605652,367.75,,,,
287.008634333,492,2473,457200,42.2935466667,-83.77747,55.375,,0.0,,23.5,0.0,0.319999992847,,0.0,3.30000019073,59.6078605652,367.75,,,,
287.008634333,492,2473,458100,42.2937408333,-83.7779691667,55.375,,0.0,,23.5,0.0,0.319999992847,,0.0,3.30000019073,59.6078605652,367.75,,,,
287.008634333,492,2473,458200,42.2937408333,-83.7779691667,55.125,,0.0,,23.5,0.0,0.319999992847,,0.0,3.60000014305,59.6078605652,367.75,,,,
287.008634333,492,2473,458700,42.2937408333,-83.7779691667,55.125,,0.0,,23.5,0.0,0.319999992847,,0.0,3.60000014305,59.6078605652,368.0,,,,
287.008634333,492,2473,459300,42.2937408333,-83.7779691667,54.84375,,0.0,,23.5,0.0,0.319999992847,,0.0,2.85000014305,59.6078605652,368.0,,,,
287.008634333,492,2473,460300,42.2937408333,-83.7779691667,54.71875,,0.0,,23.5,0.0,0.319999992847,,0.0,3.0,59.6078605652,368.0,,,,
287.008634333,492,2473,461100,42.2939366667,-83.7784591667,54.71875,,0.0,,23.5,0.0,0.319999992847,,0.0,3.0,59.6078605652,368.0,,,,
287.008634333,492,2473,461400,42.2939366667,-83.7784591667,54.421875,,0.0,,23.5,0.0,0.319999992847,,0.0,2.70000004768,59.6078605652,368.0,,,,
287.008634333,492,2473,462400,42.2939366667,-83.7784591667,53.390625,,0.0,,23.5,0.0,0.319999992847,,0.0,2.40000009537,59.6078605652,368.0,,,,
287.008634333,492,2473,463400,42.2939366667,-83.7784591667,52.375,,0.0,,23.5,0.0,0.319999992847,,0.0,21.9000015259,59.6078605652,368.0,,,,
287.008634333,492,2473,463800,42.2939366667,-83.7784591667,52.375,,0.0,,23.5,0.0,0.319999992847,,0.0,21.9000015259,59.6078605652,369.375,,,,
287.008634333,492,2473,464100,42.2941316667,-83.7789463889,52.375,,0.0,,23.5,0.0,0.319999992847,,0.0,21.9000015259,59.6078605652,369.375,,,,
287.008634333,492,2473,464500,42.2941316667,-83.7789463889,49.390625,,0.0,,23.5,0.0,0.319999992847,,0.0,50.8500022888,59.6078605652,369.375,,,,
287.008634333,492,2473,465500,42.2941316667,-83.7789463889,45.984375,,0.0,,23.5,0.0,0.319999992847,,0.0,44.4000015259,59.6078605652,369.375,,,,
287.008634333,492,2473,466600,42.2941316667,-83.7789463889,43.890625,,0.0,,23.5,0.0,0.319999992847,,0.0,13.2000007629,59.6078605652,369.375,,,,
287.008634333,492,2473,467100,42.29432,-83.7793888889,43.890625,,0.0,,23.5,0.0,0.319999992847,,0.0,13.2000007629,59.6078605652,369.375,,,,
287.008634333,492,2473,467600,42.29432,-83.7793888889,43.4375,,0.0,,23.5,0.0,0.319999992847,,0.0,-22.6500015259,59.6078605652,369.375,,,,
287.008634333,492,2473,468600,42.29432,-83.7793888889,43.890625,,0.0,,23.5,0.0,0.319999992847,,0.0,-24.0,59.6078605652,369.375,,,,
287.008634333,492,2473,468800,42.29432,-83.7793888889,43.890625,,0.0,,23.5,0.0,0.319999992847,,0.0,-24.0,59.6078605652,366.875,,,,
287.008634333,492,2473,469700,42.29432,-83.7793888889,44.25,,0.0,,23.5,0.0,0.319999992847,,0.0,-24.3000011444,59.6078605652,366.875,,,,
287.008634333,492,2473,470100,42.2944869444,-83.7797858333,44.25,,0.0,,23.5,0.0,0.319999992847,,0.0,-24.3000011444,59.6078605652,366.875,,,,
287.008634333,492,2473,470700,42.2944869444,-83.7797858333,44.453125,,0.0,,23.5,0.0,0.319999992847,,0.0,-18.6000003815,59.6078605652,366.875,,,,
287.008634333,492,2473,471800,42.2944869444,-83.7797858333,43.59375,,0.0,,23.5,0.0,0.319999992847,,0.0,-2.70000004768,59.6078605652,366.875,,,,
287.008634333,492,2473,472800,42.2944869444,-83.7797858333,42.625,,0.0,,23.5,0.0,0.319999992847,,0.0,0.450000017881,59.6078605652,366.875,,,,
287.008634333,492,2473,473000,42.2946505556,-83.7801708333,42.625,,0.0,,23.5,0.0,0.319999992847,,0.0,0.450000017881,59.6078605652,366.875,,,,
287.008634333,492,2473,473800,42.2946505556,-83.7801708333,41.578125,,0.0,,23.5,0.0,0.319999992847,,0.0,0.600000023842,59.6078605652,368.25,,,,
287.008634333,492,2473,474900,42.2946505556,-83.7801708333,41.5,,0.0,,23.5,0.0,0.319999992847,,0.0,-25.5000019073,59.6078605652,368.25,,,,
287.008634333,492,2473,475900,42.2946505556,-83.7801708333,41.46875,,0.0,,23.5,0.0,0.319999992847,,0.0,-27.0000019073,59.6078605652,368.25,,,,
287.008634333,492,2473,476100,42.2948016667,-83.7805386111,41.46875,,0.0,,23.5,0.0,0.319999992847,,0.0,-27.0000019073,59.6078605652,368.25,,,,
287.008634333,492,2473,477000,42.2948016667,-83.7805386111,43.03125,,0.0,,23.5,0.0,0.319999992847,,0.0,-53.2500038147,59.6078605652,368.25,,,,
287.008634333,492,2473,477800,42.2948016667,-83.7805386111,43.03125,,0.0,,23.5,0.0,0.319999992847,,0.0,-53.2500038147,57.2549209595,368.25,,,,
287.008634333,492,2473,478000,42.2948016667,-83.7805386111,44.875,,0.0,,23.5,0.0,0.319999992847,,0.0,-50.5500030518,57.2549209595,368.25,,,,
287.008634333,492,2473,478900,42.2948016667,-83.7805386111,44.875,,0.0,,23.5,0.0,0.319999992847,,0.0,-50.5500030518,57.2549209595,366.75,,,,
287.008634333,492,2473,479000,42.2948016667,-83.7805386111,44.640625,,0.0,,23.5,0.0,0.319999992847,,0.0,-15.7500009537,57.2549209595,366.75,,,,
287.008634333,492,2473,479100,42.2949752778,-83.7809269444,44.640625,,0.0,,23.5,0.0,0.319999992847,,0.0,-15.7500009537,57.2549209595,366.75,,,,
287.008634333,492,2473,480100,42.2949752778,-83.7809269444,44.328125,,0.0,,23.5,0.0,0.319999992847,,0.0,0.600000023842,57.2549209595,366.75,,,,
287.008634333,492,2473,480300,42.2949752778,-83.7809269444,44.328125,,0.0,,23.5,0.0,0.319999992847,,0.0,0.600000023842,57.2549209595,366.75,,,,
287.008634333,492,2473,481100,42.2949752778,-83.7809269444,43.4375,,0.0,,23.5,0.0,0.319999992847,,0.0,0.300000011921,57.2549209595,366.75,,,,
287.008634333,492,2473,482000,42.2951611111,-83.7812791667,43.4375,,0.0,,23.5,0.0,0.319999992847,,0.0,0.300000011921,57.2549209595,366.75,,,,
287.008634333,492,2473,482200,42.2951611111,-83.7812791667,42.8125,,0.0,,23.5,0.0,0.319999992847,,0.0,0.300000011921,57.2549209595,366.75,,,,
287.008634333,492,2473,483200,42.2951611111,-83.7812791667,41.03125,,0.0,,23.5,0.0,0.319999992847,,0.0,10.8000001907,57.2549209595,366.75,,,,
287.008634333,492,2473,483900,42.2951611111,-83.7812791667,41.03125,,0.0,,23.5,0.0,0.319999992847,,0.0,10.8000001907,57.2549209595,368.125,,,,
287.008634333,492,2473,484200,42.2951611111,-83.7812791667,39.671875,,0.0,,23.5,0.0,0.319999992847,,0.0,0.300000011921,57.2549209595,368.125,,,,
287.008634333,492,2473,485300,42.2951611111,-83.7812791667,39.5,,0.0,,23.5,0.0,0.319999992847,,0.0,-35.7000007629,57.2549209595,368.125,,,,
287.008634333,492,2473,486000,42.2953916667,-83.7817188889,39.5,,0.0,,23.5,0.0,0.319999992847,,0.0,-35.7000007629,57.2549209595,368.125,,,,
287.008634333,492,2473,486400,42.2953916667,-83.7817188889,40.5,,0.0,,23.5,0.0,0.319999992847,,0.0,-43.5,57.2549209595,368.125,,,,
287.008634333,492,2473,487400,42.2953916667,-83.7817188889,42.921875,,0.0,,23.5,0.0,0.319999992847,,0.0,-55.3500022888,57.2549209595,368.125,,,,
287.008634333,492,2473,488500,42.2953916667,-83.7817188889,44.140625,,0.0,,23.5,0.0,0.319999992847,,0.0,-56.5500030518,57.2549209595,368.125,,,,
287.008634333,492,2473,489000,42.2955841667,-83.7820827778,44.140625,,0.0,,23.5,0.0,0.319999992847,,0.0,-56.5500030518,57.2549209595,364.0,,,,
287.008634333,492,2473,489600,42.2955841667,-83.7820827778,44.3125,,0.0,,23.5,0.0,0.319999992847,,0.0,-23.8500003815,57.2549209595,364.0,,,,
287.008634333,492,2473,490600,42.2955841667,-83.7820827778,44.390625,,0.0,,23.5,0.0,0.319999992847,,0.0,-34.3500022888,57.2549209595,364.0,,,,
287.008634333,492,2473,491600,42.2955841667,-83.7820827778,45.328125,,0.0,,23.5,0.0,0.319999992847,,0.0,-57.6000022888,57.2549209595,364.0,,,,
287.008634333,492,2473,492000,42.2957836111,-83.7824519444,45.328125,,0.0,,23.5,0.0,0.319999992847,,0.0,-57.6000022888,57.2549209595,364.0,,,,
287.008634333,492,2473,492700,42.2957836111,-83.7824519444,46.515625,,0.0,,23.5,0.0,0.319999992847,,0.0,-57.4500007629,57.2549209595,364.0,,,,
287.008634333,492,2473,493700,42.2957836111,-83.7824519444,47.625,,0.0,,23.5,0.0,0.319999992847,,0.0,-58.0500030518,57.2549209595,364.0,,,,
287.008634333,492,2473,494000,42.2957836111,-83.7824519444,47.625,,0.0,,23.5,0.0,0.319999992847,,0.0,-58.0500030518,57.2549209595,363.5,,,,
287.008634333,492,2473,494800,42.2957836111,-83.7824519444,48.609375,,0.0,,23.5,0.0,0.319999992847,,0.0,-52.5000038147,57.2549209595,363.5,,,,
287.008634333,492,2473,495100,42.2959975,-83.7828369444,48.609375,,0.0,,23.5,0.0,0.319999992847,,0.0,-52.5000038147,57.2549209595,363.5,,,,
287.008634333,492,2473,495800,42.2959975,-83.7828369444,49.203125,,0.0,,23.5,0.0,0.319999992847,,0.0,-50.1000022888,57.2549209595,363.5,,,,
287.008634333,492,2473,496800,42.2959975,-83.7828369444,48.703125,,0.0,,23.5,0.0,0.319999992847,,0.0,-10.5,57.2549209595,363.5,,,,
287.008634333,492,2473,497900,42.2959975,-83.7828369444,47.984375,,0.0,,23.5,0.0,0.319999992847,,0.0,-9.0,57.2549209595,363.5,,,,
287.008634333,492,2473,498100,42.2962155556,-83.7832358333,47.984375,,0.0,,23.5,0.0,0.319999992847,,0.0,-9.0,57.2549209595,363.5,,,,
287.008634333,492,2473,498900,42.2962155556,-83.7832358333,47.890625,,0.0,,23.5,0.0,0.319999992847,,0.0,-28.9500007629,57.2549209595,363.5,,,,
287.008634333,492,2473,499100,42.2962155556,-83.7832358333,47.890625,,0.0,,23.5,0.0,0.319999992847,,0.0,-28.9500007629,57.2549209595,365.25,,,,
287.008634333,492,2473,500000,42.2962155556,-83.7832358333,48.6875,,0.0,,23.5,0.0,0.319999992847,,0.0,-33.6000022888,57.2549209595,365.25,,,,
287.008634333,492,2473,501000,42.2964519444,-83.7836194444,50.078125,,0.0,,23.5,0.0,0.319999992847,,0.0,-45.4500007629,57.2549209595,365.25,,,,
287.008634333,492,2473,502000,42.2964519444,-83.7836194444,51.859375,,0.0,,23.5,0.0,0.319999992847,,0.0,-40.9500007629,57.2549209595,365.25,,,,
287.008634333,492,2473,503100,42.2964519444,-83.7836194444,53.515625,,0.0,,23.5,0.0,0.319999992847,,0.0,-32.7000007629,57.2549209595,365.25,,,,
287.008634333,492,2473,504000,42.2967094444,-83.7840366667,53.515625,,0.0,,23.5,0.0,0.319999992847,,0.0,-32.7000007629,57.2549209595,365.25,,,,
287.008634333,492,2473,504100,42.2967094444,-83.7840366667,54.671875,,0.0,,23.5,0.0,0.319999992847,,0.0,-21.4500007629,57.2549209595,365.5,,,,
287.008634333,492,2473,505200,42.2967094444,-83.7840366667,55.140625,,0.0,,23.5,0.0,0.319999992847,,0.0,-22.3500003815,57.2549209595,365.5,,,,
287.008634333,492,2473,506200,42.2967094444,-83.7840366667,56.265625,,0.0,,23.5,0.0,0.319999992847,,0.0,-33.9000015259,57.2549209595,365.5,,,,
287.008634333,492,2473,507100,42.2969794444,-83.7844816667,56.265625,,0.0,,23.5,0.0,0.319999992847,,0.0,-33.9000015259,57.2549209595,365.5,,,,
287.008634333,492,2473,507200,42.2969794444,-83.7844816667,57.171875,,0.0,,23.5,0.0,0.319999992847,,0.0,-47.7000007629,57.2549209595,365.5,,,,
287.008634333,492,2473,508300,42.2969794444,-83.7844816667,58.640625,,0.0,,23.5,0.0,0.319999992847,,0.0,-50.8500022888,57.2549209595,365.5,,,,
287.008634333,492,2473,509200,42.2969794444,-83.7844816667,58.640625,,0.0,,23.5,0.0,0.319999992847,,0.0,-50.8500022888,57.2549209595,363.125,,,,
287.008634333,492,2473,509300,42.2969794444,-83.7844816667,60.140625,,0.0,,23.5,0.0,0.319999992847,,0.0,-54.4500007629,57.2549209595,363.125,,,,
287.008634333,492,2473,510100,42.2972711111,-83.7849447222,60.140625,,0.0,,23.5,0.0,0.319999992847,,0.0,-54.4500007629,57.2549209595,363.125,,,,
287.008634333,492,2473,510400,42.2972711111,-83.7849447222,61.265625,,0.0,,23.5,0.0,0.319999992847,,0.0,-55.2000007629,57.2549209595,363.125,,,,
287.008634333,492,2473,511400,42.2972711111,-83.7849447222,62.765625,,0.0,,23.5,0.0,0.319999992847,,0.0,-55.5000038147,57.2549209595,363.125,,,,
287.008634333,492,2473,512400,42.2972711111,-83.7849447222,63.5,,0.0,,23.5,0.0,0.319999992847,,0.0,-55.5000038147,57.2549209595,363.125,,,,
287.008634333,492,2473,513000,42.2975583333,-83.7854525,63.5,,0.0,,23.5,0.0,0.319999992847,,0.0,-55.5000038147,57.2549209595,363.125,,,,
287.008634333,492,2473,513500,42.2975583333,-83.7854525,64.046875,,0.0,,23.5,0.0,0.319999992847,,0.0,-55.6500015259,57.2549209595,363.125,,,,
287.008634333,492,2473,514200,42.2975583333,-83.7854525,64.046875,,0.0,,23.5,0.0,0.319999992847,,0.0,-55.6500015259,57.2549209595,362.625,,,,
287.008634333,492,2473,514500,42.2975583333,-83.7854525,63.6875,,0.0,,23.5,0.0,0.319999992847,,0.0,-22.3500003815,57.2549209595,362.625,,,,
287.008634333,492,2473,515600,42.2975583333,-83.7854525,62.890625,,0.0,,23.5,0.0,0.319999992847,,0.0,-16.8000011444,57.2549209595,362.625,,,,
287.008634333,492,2473,516000,42.2978433333,-83.7859652778,62.890625,,0.0,,23.5,0.0,0.319999992847,,0.0,-16.8000011444,57.2549209595,362.625,,,,
287.008634333,492,2473,516600,42.2978433333,-83.7859652778,61.546875,,0.0,,23.5,0.0,0.319999992847,,0.0,-0.600000023842,57.2549209595,362.625,,,,
287.008634333,492,2473,517600,42.2978433333,-83.7859652778,60.140625,,0.0,,23.5,0.0,0.319999992847,,0.0,5.7000002861,57.2549209595,362.625,,,,
287.008634333,492,2473,518700,42.2978433333,-83.7859652778,59.1875,,0.0,,23.5,0.0,0.319999992847,,0.0,6.15000009537,57.2549209595,362.625,,,,
287.008634333,492,2473,519100,42.2981061111,-83.78645,59.1875,,0.0,,23.5,0.0,0.319999992847,,0.0,6.15000009537,57.2549209595,362.625,,,,
287.008634333,492,2473,519200,42.2981061111,-83.78645,59.1875,,0.0,,23.5,0.0,0.319999992847,,0.0,6.15000009537,57.2549209595,367.0,,,,
287.008634333,492,2473,519700,42.2981061111,-83.78645,57.546875,,0.0,,23.5,0.0,0.319999992847,,0.0,4.35000038147,57.2549209595,367.0,,,,
287.008634333,492,2473,520800,42.2981061111,-83.78645,56.6875,,0.0,,23.5,0.0,0.319999992847,,0.0,4.2000002861,57.2549209595,367.0,,,,
287.008634333,492,2473,521900,42.2981061111,-83.78645,55.6875,,0.0,,23.5,0.0,0.319999992847,,0.0,5.7000002861,57.2549209595,367.0,,,,
287.008634333,492,2473,522000,42.2983680556,-83.7869186111,55.6875,,0.0,,23.5,0.0,0.319999992847,,0.0,5.7000002861,57.2549209595,367.0,,,,
287.008634333,492,2473,523000,42.2983680556,-83.7869186111,56.0625,,0.0,,23.5,0.0,0.319999992847,,0.0,-42.1500015259,57.2549209595,367.0,,,,
287.008634333,492,2473,524000,42.2983680556,-83.7869186111,57.671875,,0.0,,23.5,0.0,0.319999992847,,0.0,-54.7500038147,57.2549209595,367.0,,,,
287.008634333,492,2473,524200,42.2983680556,-83.7869186111,57.671875,,0.0,,23.5,0.0,0.319999992847,,0.0,-54.7500038147,57.2549209595,363.25,,,,
287.008634333,492,2473,525000,42.2983680556,-83.7869186111,60.109375,,0.0,,23.5,0.0,0.319999992847,,0.0,-72.0,57.2549209595,363.25,,,,
287.008634333,492,2473,525100,42.2986305556,-83.7873836111,60.109375,,0.0,,23.5,0.0,0.319999992847,,0.0,-72.0,57.2549209595,363.25,,,,
287.008634333,492,2473,526100,42.2986305556,-83.7873836111,60.15625,,0.0,,23.5,0.0,0.319999992847,,0.0,-6.30000019073,57.2549209595,363.25,,,,
287.008634333,492,2473,527100,42.2986305556,-83.7873836111,60.453125,,0.0,,23.5,0.0,0.319999992847,,0.0,4.80000019073,57.2549209595,363.25,,,,
287.008634333,492,2473,528000,42.2989019444,-83.7878602778,60.453125,,0.0,,23.5,0.0,0.319999992847,,0.0,4.80000019073,57.2549209595,363.25,,,,
287.008634333,492,2473,528200,42.2989019444,-83.7878602778,60.21875,,0.0,,23.5,0.0,0.319999992847,,0.0,5.7000002861,57.2549209595,363.25,,,,
287.008634333,492,2473,529200,42.2989019444,-83.7878602778,59.96875,,0.0,,23.5,0.0,0.319999992847,,0.0,6.0,57.2549209595,363.25,,,,
287.008634333,492,2473,529300,42.2989019444,-83.7878602778,59.96875,,0.0,,23.5,0.0,0.319999992847,,0.0,6.0,57.2549209595,367.125,,,,
287.008634333,492,2473,530200,42.2989019444,-83.7878602778,59.90625,,0.0,,23.5,0.0,0.319999992847,,0.0,6.60000038147,57.2549209595,367.125,,,,
287.008634333,492,2473,531000,42.2991702778,-83.7883452778,59.90625,,0.0,,23.5,0.0,0.319999992847,,0.0,6.60000038147,57.2549209595,367.125,,,,
287.008634333,492,2473,531300,42.2991702778,-83.7883452778,60.09375,,0.0,,23.5,0.0,0.319999992847,,0.0,4.80000019073,57.2549209595,367.125,,,,
287.008634333,492,2473,532300,42.2991702778,-83.7883452778,60.28125,,0.0,,23.5,0.0,0.319999992847,,0.0,4.80000019073,57.2549209595,367.125,,,,
287.008634333,492,2473,533400,42.2991702778,-83.7883452778,60.453125,,0.0,,23.5,0.0,0.319999992847,,0.0,6.15000009537,57.2549209595,367.125,,,,
287.008634333,492,2473,534000,42.2994475,-83.7888422222,60.453125,,0.0,,23.5,0.0,0.319999992847,,0.0,6.15000009537,57.2549209595,367.125,,,,
287.008634333,492,2473,534300,42.2994475,-83.7888422222,60.453125,,0.0,,23.5,0.0,0.319999992847,,0.0,6.15000009537,57.2549209595,367.5,,,,
287.008634333,492,2473,534400,42.2994475,-83.7888422222,61.140625,,0.0,,23.5,0.0,0.319999992847,,0.0,7.05000019073,57.2549209595,367.5,,,,
287.008634333,492,2473,535400,42.2994475,-83.7888422222,61.421875,,0.0,,23.5,0.0,0.319999992847,,0.0,6.60000038147,57.2549209595,367.5,,,,
287.008634333,492,2473,536500,42.2994475,-83.7888422222,62.4375,,0.0,,23.5,0.0,0.319999992847,,0.0,-17.7000007629,57.2549209595,367.5,,,,
287.008634333,492,2473,537000,42.2997219444,-83.7893466667,62.4375,,0.0,,23.5,0.0,0.319999992847,,0.0,-17.7000007629,57.2549209595,367.5,,,,
287.008634333,492,2473,537500,42.2997219444,-83.7893466667,63.75,,0.0,,24.5,0.0,0.319999992847,,0.0,-22.5,57.2549209595,367.5,,,,
287.008634333,492,2473,537800,42.2997219444,-83.7893466667,63.75,,0.0,,24.5,0.0,0.319999992847,,0.0,-22.5,56.0784492493,367.5,,,,
287.008634333,492,2473,538600,42.2997219444,-83.7893466667,64.796875,,0.0,,24.5,0.0,0.319999992847,,0.0,-17.5500011444,56.0784492493,367.5,,,,
287.008634333,492,2473,539400,42.2997219444,-83.7893466667,64.796875,,0.0,,24.5,0.0,0.319999992847,,0.0,-17.5500011444,56.0784492493,367.25,,,,
287.008634333,492,2473,539600,42.2997219444,-83.7893466667,65.25,,0.0,,24.5,0.0,0.319999992847,,0.0,3.45000004768,56.0784492493,367.25,,,,
287.008634333,492,2473,540100,42.3000108333,-83.7898666667,65.25,,0.0,,24.5,0.0,0.319999992847,,0.0,3.45000004768,56.0784492493,367.25,,,,
287.008634333,492,2473,540400,42.3000108333,-83.7898666667,65.25,,0.0,,24.5,0.0,0.319999992847,,0.0,3.45000004768,56.0784492493,367.25,,,,
287.008634333,492,2473,540600,42.3000108333,-83.7898666667,64.921875,,0.0,,24.5,0.0,0.319999992847,,0.0,6.15000009537,56.0784492493,367.25,,,,
287.008634333,492,2473,541700,42.3000108333,-83.7898666667,64.390625,,0.0,,24.5,0.0,0.319999992847,,0.0,8.10000038147,56.0784492493,367.25,,,,
287.008634333,492,2473,542700,42.3000108333,-83.7898666667,63.796875,,0.0,,24.5,0.0,0.319999992847,,0.0,6.90000009537,56.0784492493,367.25,,,,
287.008634333,492,2473,543100,42.3002983333,-83.7903719444,63.796875,,0.0,,24.5,0.0,0.319999992847,,0.0,6.90000009537,56.0784492493,367.25,,,,
287.008634333,492,2473,543800,42.3002983333,-83.7903719444,63.0,,0.0,,24.5,0.0,0.319999992847,,0.0,7.80000019073,56.0784492493,367.25,,,,
287.008634333,492,2473,544400,42.3002983333,-83.7903719444,63.0,,0.0,,24.5,0.0,0.319999992847,,0.0,7.80000019073,56.0784492493,367.875,,,,
287.008634333,492,2473,544800,42.3002983333,-83.7903719444,62.53125,,0.0,,24.5,0.0,0.319999992847,,0.0,6.75000047684,56.0784492493,367.875,,,,
287.008634333,492,2473,545800,42.3002983333,-83.7903719444,61.8125,,0.0,,24.5,0.0,0.319999992847,,0.0,6.90000009537,56.0784492493,367.875,,,,
287.008634333,492,2473,546000,42.3005833333,-83.7908697222,61.8125,,0.0,,24.5,0.0,0.319999992847,,0.0,6.90000009537,56.0784492493,367.875,,,,
287.008634333,492,2473,546900,42.3005833333,-83.7908697222,61.46875,,0.0,,24.5,0.0,0.319999992847,,0.0,6.0,56.0784492493,367.875,,,,
287.008634333,492,2473,547900,42.3005833333,-83.7908697222,60.8125,,0.0,,24.5,0.0,0.319999992847,,0.0,6.0,56.0784492493,367.875,,,,
287.008634333,492,2473,549000,42.3005833333,-83.7908697222,60.40625,,0.0,,24.5,0.0,0.319999992847,,0.0,7.35000038147,56.0784492493,367.875,,,,
287.008634333,492,2473,549400,42.3005833333,-83.7908697222,60.40625,,0.0,,24.5,0.0,0.319999992847,,0.0,7.35000038147,56.0784492493,368.125,,,,
287.008634333,492,2473,550000,42.3005833333,-83.7908697222,60.0,,0.0,,24.5,0.0,0.319999992847,,0.0,6.90000009537,56.0784492493,368.125,,,,
287.008634333,492,2473,550100,42.3009491667,-83.7915105556,60.0,,0.0,,24.5,0.0,0.319999992847,,0.0,6.90000009537,56.0784492493,368.125,,,,
287.008634333,492,2473,551000,42.3009491667,-83.7915105556,59.59375,,0.0,,24.5,0.0,0.319999992847,,0.0,5.25,56.0784492493,368.125,,,,
287.008634333,492,2473,552000,42.3011258333,-83.7918291667,59.59375,,0.0,,24.5,0.0,0.319999992847,,0.0,5.25,56.0784492493,368.125,,,,
287.008634333,492,2473,552100,42.3011258333,-83.7918291667,59.296875,,0.0,,24.5,0.0,0.319999992847,,0.0,4.5,56.0784492493,368.125,,,,
287.008634333,492,2473,553100,42.3011258333,-83.7918291667,59.1875,,0.0,,24.5,0.0,0.319999992847,,0.0,6.75000047684,56.0784492493,368.125,,,,
287.008634333,492,2473,554200,42.3011258333,-83.7918291667,58.859375,,0.0,,24.5,0.0,0.319999992847,,0.0,4.5,56.0784492493,368.125,,,,
287.008634333,492,2473,555200,42.3011258333,-83.7918291667,58.734375,,0.0,,24.5,0.0,0.319999992847,,0.0,4.65000009537,56.0784492493,368.125,,,,
287.008634333,492,2473,556200,42.301485,-83.7924475,58.734375,,0.0,,24.5,0.0,0.319999992847,,0.0,4.65000009537,56.0784492493,368.125,,,,
287.008634333,492,2473,556300,42.301485,-83.7924475,58.421875,,0.0,,24.5,0.0,0.319999992847,,0.0,5.85000038147,56.0784492493,368.125,,,,
287.008634333,492,2473,557400,42.301485,-83.7924475,57.875,,0.0,,24.5,0.0,0.319999992847,,0.0,5.40000009537,56.0784492493,368.125,,,,
287.008634333,492,2473,558400,42.301485,-83.7924475,57.5,,0.0,,24.5,0.0,0.319999992847,,0.0,-0.600000023842,56.0784492493,368.125,,,,
287.008634333,492,2473,559000,42.3017441667,-83.7928941667,57.5,,0.0,,24.5,0.0,0.319999992847,,0.0,-0.600000023842,56.0784492493,368.125,,,,
287.008634333,492,2473,559500,42.3017441667,-83.7928941667,58.15625,,0.0,,24.5,0.0,0.319999992847,,0.0,-24.0,56.0784492493,368.125,,,,
287.008634333,492,2473,559600,42.3017441667,-83.7928941667,58.15625,,0.0,,24.5,0.0,0.319999992847,,0.0,-24.0,56.0784492493,366.375,,,,
287.008634333,492,2473,560500,42.3017441667,-83.7928941667,59.03125,,0.0,,24.5,0.0,0.319999992847,,0.0,-25.6500015259,56.0784492493,366.375,,,,
287.008634333,492,2473,561600,42.3017441667,-83.7928941667,59.6875,,0.0,,24.5,0.0,0.319999992847,,0.0,-29.1000003815,56.0784492493,366.375,,,,
287.008634333,492,2473,562000,42.3020069444,-83.7933525,59.6875,,0.0,,24.5,0.0,0.319999992847,,0.0,-29.1000003815,56.0784492493,366.375,,,,
287.008634333,492,2473,562600,42.3020069444,-83.7933525,60.53125,,0.0,,24.5,0.0,0.319999992847,,0.0,-28.8000011444,56.0784492493,366.375,,,,
287.008634333,492,2473,563600,42.3020069444,-83.7933525,61.203125,,0.0,,24.5,0.0,0.319999992847,,0.0,-28.5000019073,56.0784492493,366.375,,,,
287.008634333,492,2473,564600,42.3020069444,-83.7933525,61.203125,,0.0,,24.5,0.0,0.319999992847,,0.0,-28.5000019073,56.0784492493,366.5,,,,
287.008634333,492,2473,564700,42.3020069444,-83.7933525,61.4375,,0.0,,24.5,0.0,0.319999992847,,0.0,-16.8000011444,56.0784492493,366.5,,,,
287.008634333,492,2473,565000,42.3022708333,-83.7938477778,61.4375,,0.0,,24.5,0.0,0.319999992847,,0.0,-16.8000011444,56.0784492493,366.5,,,,
287.008634333,492,2473,565700,42.3022708333,-83.7938477778,61.859375,,0.0,,24.5,0.0,0.319999992847,,0.0,-31.0500011444,56.0784492493,366.5,,,,
287.008634333,492,2473,566800,42.3022708333,-83.7938477778,62.421875,,0.0,,24.5,0.0,0.319999992847,,0.0,-34.9500007629,56.0784492493,366.5,,,,
287.008634333,492,2473,567800,42.3022708333,-83.7938477778,62.921875,,0.0,,24.5,0.0,0.399999976158,,0.0,-29.2500019073,56.0784492493,366.5,,,,
287.008634333,492,2473,568000,42.302545,-83.7943605556,62.921875,,0.0,,24.5,0.0,0.399999976158,,0.0,-29.2500019073,56.0784492493,366.5,,,,
287.008634333,492,2473,568800,42.302545,-83.7943605556,63.125,,0.0,,24.5,0.0,0.399999976158,,0.0,-25.5000019073,56.0784492493,366.5,,,,
287.008634333,492,2473,569600,42.302545,-83.7943605556,63.125,,0.0,,24.5,0.0,0.399999976158,,0.0,-25.5000019073,56.0784492493,366.875,,,,
287.008634333,492,2473,569900,42.302545,-83.7943605556,62.625,,0.0,,24.5,0.0,0.399999976158,,0.0,-4.80000019073,56.0784492493,366.875,,,,
287.008634333,492,2473,570400,42.302545,-83.7943605556,62.625,,0.0,,24.5,0.0,0.399999976158,,0.0,-4.80000019073,56.0784492493,366.875,,,,
287.008634333,492,2473,570900,42.302545,-83.7943605556,62.078125,,0.0,,24.5,0.0,0.399999976158,,0.0,-0.300000011921,56.0784492493,366.875,,,,
287.008634333,492,2473,571100,42.3028319444,-83.7948519444,62.078125,,0.0,,24.5,0.0,0.399999976158,,0.0,-0.300000011921,56.0784492493,366.875,,,,
287.008634333,492,2473,572000,42.3028319444,-83.7948519444,61.21875,,0.0,,24.5,0.0,0.399999976158,,0.0,5.10000038147,56.0784492493,366.875,,,,
287.008634333,492,2473,573000,42.3028319444,-83.7948519444,61.109375,,0.0,,24.5,0.0,0.399999976158,,0.0,5.55000019073,56.0784492493,366.875,,,,
287.008634333,492,2473,574000,42.3028319444,-83.7948519444,61.234375,,0.0,,24.5,0.0,0.399999976158,,0.0,5.25,56.0784492493,366.875,,,,
287.008634333,492,2473,574100,42.3031105556,-83.7953488889,61.234375,,0.0,,24.5,0.0,0.399999976158,,0.0,5.25,56.0784492493,366.875,,,,
287.008634333,492,2473,574700,42.3031105556,-83.7953488889,61.234375,,0.0,,24.5,0.0,0.399999976158,,0.0,5.25,56.0784492493,367.875,,,,
287.008634333,492,2473,575100,42.3031105556,-83.7953488889,61.390625,,0.0,,24.5,0.0,0.399999976158,,0.0,5.40000009537,56.0784492493,367.875,,,,
287.008634333,492,2473,576100,42.3031105556,-83.7953488889,61.640625,,0.0,,24.5,0.0,0.399999976158,,0.0,5.85000038147,56.0784492493,367.875,,,,
287.008634333,492,2473,577000,42.3033819444,-83.7958411111,61.640625,,0.0,,24.5,0.0,0.399999976158,,0.0,5.85000038147,56.0784492493,367.875,,,,
287.008634333,492,2473,577200,42.3033819444,-83.7958411111,61.703125,,0.0,,24.5,0.0,0.399999976158,,0.0,4.2000002861,56.0784492493,367.875,,,,
287.008634333,492,2473,578200,42.3033819444,-83.7958411111,61.59375,,0.0,,24.5,0.0,0.399999976158,,0.0,5.10000038147,56.0784492493,367.875,,,,
287.008634333,492,2473,579200,42.3033819444,-83.7958411111,61.65625,,0.0,,24.5,0.0,0.399999976158,,0.0,6.4500002861,56.0784492493,367.875,,,,
287.008634333,492,2473,579700,42.3033819444,-83.7958411111,61.65625,,0.0,,24.5,0.0,0.399999976158,,0.0,6.4500002861,56.0784492493,368.0,,,,
287.008634333,492,2473,580000,42.3036575,-83.7963361111,61.65625,,0.0,,24.5,0.0,0.399999976158,,0.0,6.4500002861,56.0784492493,368.0,,,,
287.008634333,492,2473,580300,42.3036575,-83.7963361111,61.59375,,0.0,,24.5,0.0,0.399999976158,,0.0,4.80000019073,56.0784492493,368.0,,,,
287.008634333,492,2473,581300,42.3036575,-83.7963361111,61.28125,,0.0,,24.5,0.0,0.399999976158,,0.0,5.85000038147,56.0784492493,368.0,,,,
287.008634333,492,2473,582400,42.3036575,-83.7963361111,61.0625,,0.0,,24.5,0.0,0.399999976158,,0.0,5.7000002861,56.0784492493,368.0,,,,
287.008634333,492,2473,583000,42.3039211111,-83.7968316667,61.0625,,0.0,,24.5,0.0,0.399999976158,,0.0,5.7000002861,56.0784492493,368.0,,,,
287.008634333,492,2473,583400,42.3039211111,-83.7968316667,60.296875,,0.0,,24.5,0.0,0.399999976158,,0.0,4.80000019073,56.0784492493,368.0,,,,
287.008634333,492,2473,584400,42.3039211111,-83.7968316667,59.625,,0.0,,24.5,0.0,0.399999976158,,0.0,3.90000009537,56.0784492493,368.0,,,,
287.008634333,492,2473,584800,42.3039211111,-83.7968316667,59.625,,0.0,,24.5,0.0,0.399999976158,,0.0,3.90000009537,56.0784492493,368.125,,,,
287.008634333,492,2473,585500,42.3039211111,-83.7968316667,59.109375,,0.0,,24.5,0.0,0.399999976158,,0.0,3.60000014305,56.0784492493,368.125,,,,
287.008634333,492,2473,586100,42.3041736111,-83.7973069444,59.109375,,0.0,,24.5,0.0,0.399999976158,,0.0,3.60000014305,56.0784492493,368.125,,,,
287.008634333,492,2473,586500,42.3041736111,-83.7973069444,58.375,,0.0,,24.5,0.0,0.399999976158,,0.0,3.90000009537,56.0784492493,368.125,,,,
287.008634333,492,2473,587600,42.3041736111,-83.7973069444,57.734375,,0.0,,24.5,0.0,0.399999976158,,0.0,3.90000009537,56.0784492493,368.125,,,,
287.008634333,492,2473,588600,42.3041736111,-83.7973069444,56.859375,,0.0,,24.5,0.0,0.399999976158,,0.0,4.5,56.0784492493,368.125,,,,
287.008634333,492,2473,589100,42.3044319444,-83.7977630556,56.859375,,0.0,,24.5,0.0,0.399999976158,,0.0,4.5,56.0784492493,368.125,,,,
287.008634333,492,2473,589700,42.3044319444,-83.7977630556,56.890625,,0.0,,24.5,0.0,0.399999976158,,0.0,-43.5,56.0784492493,368.125,,,,
287.008634333,492,2473,589800,42.3044319444,-83.7977630556,56.890625,,0.0,,24.5,0.0,0.399999976158,,0.0,-43.5,56.0784492493,365.0,,,,
287.008634333,492,2473,590800,42.3044319444,-83.7977630556,57.734375,,0.0,,24.5,0.0,0.399999976158,,0.0,-43.2000007629,56.0784492493,365.0,,,,
287.008634333,492,2473,591800,42.3044319444,-83.7977630556,57.15625,,0.0,,24.5,0.0,0.399999976158,,0.0,-0.450000017881,56.0784492493,365.0,,,,
287.008634333,492,2473,592100,42.3046908333,-83.7982347222,57.15625,,0.0,,24.5,0.0,0.399999976158,,0.0,-0.450000017881,56.0784492493,365.0,,,,
287.008634333,492,2473,592900,42.3046908333,-83.7982347222,55.828125,,0.0,,24.5,0.0,0.399999976158,,0.0,3.30000019073,56.0784492493,365.0,,,,
287.008634333,492,2473,593900,42.3046908333,-83.7982347222,54.859375,,0.0,,24.5,0.0,0.399999976158,,0.0,3.60000014305,56.0784492493,365.0,,,,
287.008634333,492,2473,594800,42.3046908333,-83.7982347222,54.859375,,0.0,,24.5,0.0,0.399999976158,,0.0,3.60000014305,56.0784492493,370.375,,,,
287.008634333,492,2473,595000,42.3049455556,-83.7986808333,53.078125,,0.0,,24.5,0.0,0.399999976158,,0.0,39.75,56.0784492493,370.375,,,,
287.008634333,492,2473,596000,42.3049455556,-83.7986808333,50.71875,,0.0,,24.5,0.0,0.399999976158,,0.0,34.9500007629,56.0784492493,370.375,,,,
287.008634333,492,2473,597000,42.3049455556,-83.7986808333,46.625,,0.0,,24.5,0.0,0.399999976158,,0.0,74.4000015259,56.0784492493,370.375,,,,
287.008634333,492,2473,597500,42.3049455556,-83.7986808333,46.625,,0.0,,23.5,0.0,0.399999976158,,0.0,74.4000015259,56.0784492493,370.375,,,,
287.008634333,492,2473,597800,42.3049455556,-83.7986808333,46.625,,0.0,,23.5,0.0,0.399999976158,,0.0,74.4000015259,55.2941360474,370.375,,,,
287.008634333,492,2473,598100,42.3051422222,-83.7990611111,41.3125,,0.0,,23.5,0.0,0.399999976158,,0.0,63.7500038147,55.2941360474,370.375,,,,
287.008634333,492,2473,599100,42.3051422222,-83.7990611111,37.1875,,0.0,,23.5,0.0,0.399999976158,,0.0,43.9500007629,55.2941360474,370.375,,,,
287.008634333,492,2473,599800,42.3051422222,-83.7990611111,37.1875,,0.0,,23.5,0.0,0.399999976158,,0.0,43.9500007629,55.2941360474,371.125,,,,
287.008634333,492,2473,600200,42.3051422222,-83.7990611111,34.0,,0.0,,23.5,0.0,0.399999976158,,0.0,38.1000022888,55.2941360474,371.125,,,,
287.008634333,492,2473,600500,42.3051422222,-83.7990611111,34.0,,0.0,,23.5,0.0,0.399999976158,,0.0,38.1000022888,55.2941360474,371.125,,,,
287.008634333,492,2473,601100,42.3052936111,-83.7993291667,34.0,,0.0,,23.5,0.0,0.399999976158,,0.0,38.1000022888,55.2941360474,371.125,,,,
287.008634333,492,2473,601200,42.3052936111,-83.7993291667,30.46875,,0.0,,23.5,0.0,0.399999976158,,0.0,37.5,55.2941360474,371.125,,,,
287.008634333,492,2473,602200,42.3052936111,-83.7993291667,27.734375,,0.0,,23.5,0.0,0.399999976158,,0.0,21.0,55.2941360474,371.125,,,,
287.008634333,492,2473,603300,42.3052936111,-83.7993291667,25.203125,,0.0,,23.5,0.0,0.399999976158,,0.0,24.7500019073,55.2941360474,371.125,,,,
287.008634333,492,2473,604300,42.3052936111,-83.7993291667,21.4375,,0.0,,23.5,0.0,0.399999976158,,0.0,27.6000003815,55.2941360474,371.125,,,,
287.008634333,492,2473,604900,42.3052936111,-83.7993291667,21.4375,,0.0,,23.5,0.0,0.399999976158,,0.0,27.6000003815,55.2941360474,370.75,,,,
287.008634333,492,2473,605000,42.3054411111,-83.7995808333,21.4375,,0.0,,23.5,0.0,0.399999976158,,0.0,27.6000003815,55.2941360474,370.75,,,,
287.008634333,492,2473,605400,42.3054411111,-83.7995808333,17.140625,,0.0,,23.5,0.0,0.399999976158,,0.0,16.8000011444,55.2941360474,370.75,,,,
287.008634333,492,2473,606400,42.3054411111,-83.7995808333,11.59375,,0.0,,23.5,0.0,0.399999976158,,0.0,-2.10000014305,55.2941360474,370.75,,,,
287.008634333,492,2473,607000,42.3054852778,-83.7996622222,11.59375,,0.0,,23.5,0.0,0.399999976158,,0.0,-2.10000014305,55.2941360474,370.75,,,,
287.008634333,492,2473,607400,42.3054852778,-83.7996622222,12.28125,,0.0,,23.5,0.0,0.399999976158,,0.0,-1.95000004768,55.2941360474,370.75,,,,
287.008634333,492,2473,608500,42.3054852778,-83.7996622222,10.328125,,0.0,,23.5,0.0,0.399999976158,,0.0,10.5,55.2941360474,370.75,,,,
287.008634333,492,2473,609500,42.3054852778,-83.7996622222,9.609375,,0.0,,23.5,0.0,0.399999976158,,0.0,-2.25,55.2941360474,370.75,,,,
287.008634333,492,2473,609900,42.3054852778,-83.7996622222,9.609375,,0.0,,23.5,0.0,0.399999976158,,0.0,-2.25,55.2941360474,368.75,,,,
287.008634333,492,2473,610600,42.3054852778,-83.7996622222,9.90625,,0.0,,23.5,0.0,0.399999976158,,0.0,0.600000023842,55.2941360474,368.75,,,,
287.008634333,492,2473,611000,42.3055533333,-83.7997775,9.90625,,0.0,,23.5,0.0,0.399999976158,,0.0,0.600000023842,55.2941360474,368.75,,,,
287.008634333,492,2473,611600,42.3055533333,-83.7997775,6.203125,,0.0,,23.5,0.0,0.399999976158,,0.0,0.600000023842,55.2941360474,368.75,,,,
287.008634333,492,2473,612600,42.3055533333,-83.7997775,7.78125,,0.0,,23.5,0.0,0.399999976158,,0.0,-31.5000019073,55.2941360474,368.75,,,,
287.008634333,492,2473,613700,42.3055533333,-83.7997775,16.796875,,0.0,,23.5,0.0,0.399999976158,,0.0,-71.4000015259,55.2941360474,368.75,,,,
