DayNum,VehId,Trip,Timestamp(ms),Latitude[deg],Longitude[deg],Vehicle Speed[km/h],MAF[g/sec],Engine RPM[RPM],Absolute Load[%],OAT[DegC],Fuel Rate[L/hr],Air Conditioning Power[kW],Air Conditioning Power[Watts],Heater Power[Watts],HV Battery Current[A],HV Battery SOC[%],HV Battery Voltage[V],Short Term Fuel Trim Bank 1[%],Short Term Fuel Trim Bank 2[%],Long Term Fuel Trim Bank 1[%],Long Term Fuel Trim Bank 2[%]
11.5665551852,213,1146,0,42.2745938889,-83.6743022222,29.0,10.1300001144,801.0,,,,,,,,,,-5.46875,-2.34375,17.96875,6.25
11.5665551852,213,1146,100,42.2745938889,-83.6743022222,29.0,29.6700000763,1221.0,,,,,,,,,,-5.46875,-2.34375,17.96875,6.25
11.5665551852,213,1146,1700,42.2745938889,-83.6743022222,29.0,29.6700000763,1221.0,,,,,,,,,,-2.34375,-0.78125,17.96875,6.25
11.5665551852,213,1146,2400,42.2745938889,-83.6743022222,33.0,36.9799995422,1732.0,,,,,,,,,,-2.34375,-0.78125,17.96875,6.25
11.5665551852,213,1146,3000,42.2746158333,-83.6746208333,33.0,36.9799995422,1732.0,,,,,,,,,,-2.34375,-0.78125,17.96875,6.25
11.5665551852,213,1146,3700,42.2746158333,-83.6746208333,38.0,36.9799995422,1732.0,,,,,,,,,,-2.34375,-0.78125,17.96875,6.25
11.5665551852,213,1146,4400,42.2746158333,-83.6746208333,38.0,36.9799995422,1865.0,,,,,,,,,,-2.34375,-0.78125,17.96875,6.25
11.5665551852,213,1146,5200,42.2746158333,-83.6746208333,42.0,36.9799995422,1865.0,,,,,,,,,,-2.34375,-0.78125,17.96875,6.25
11.5665551852,213,1146,6000,42.2745666667,-83.6750211111,42.0,36.9799995422,1865.0,,,,,,,,,,-2.34375,-0.78125,17.96875,6.25
11.5665551852,213,1146,6300,42.2745666667,-83.6750211111,45.0,36.9799995422,1865.0,,,,,,,,,,-2.34375,-0.78125,17.96875,6.25
11.5665551852,213,1146,6900,42.2745666667,-83.6750211111,45.0,26.5699996948,1666.0,,,,,,,,,,-3.90625,0.0,17.96875,6.25
11.5665551852,213,1146,8900,42.2745666667,-83.6750211111,46.0,26.5699996948,1666.0,,,,,,,,,,-3.90625,0.0,17.96875,6.25
11.5665551852,213,1146,9000,42.2745666667,-83.6750211111,46.0,15.4399995804,1278.0,,,,,,,,,,-3.90625,0.0,17.96875,6.25
11.5665551852,213,1146,10000,42.27455,-83.6756341667,46.0,15.4399995804,1278.0,,,,,,,,,,-3.90625,0.0,17.96875,6.25
11.5665551852,213,1146,10300,42.27455,-83.6756341667,45.0,15.4399995804,1278.0,,,,,,,,,,-3.90625,0.0,17.96875,6.25
11.5665551852,213,1146,11200,42.27455,-83.6756341667,45.0,7.90999984741,972.0,,,,,,,,,,-3.90625,0.0,17.96875,6.25
11.5665551852,213,1146,12000,42.27455,-83.6756341667,45.0,7.90999984741,972.0,,,,,,,,,,-3.90625,-0.78125,17.96875,6.25
11.5665551852,213,1146,12900,42.2745591667,-83.6760886111,44.0,7.90999984741,972.0,,,,,,,,,,-3.90625,-0.78125,17.96875,6.25
11.5665551852,213,1146,13400,42.2745591667,-83.6760886111,44.0,7.36000013351,945.0,,,,,,,,,,-3.90625,-0.78125,17.96875,6.25
11.5665551852,213,1146,15700,42.2745591667,-83.6760886111,44.0,14.5600004196,1170.0,,,,,,,,,,-3.90625,-0.78125,17.96875,6.25
11.5665551852,213,1146,16000,42.2745705556,-83.67654,44.0,14.5600004196,1170.0,,,,,,,,,,-3.90625,-0.78125,17.96875,6.25
11.5665551852,213,1146,17200,42.2745705556,-83.67654,45.0,14.5600004196,1170.0,,,,,,,,,,-3.90625,-0.78125,17.96875,6.25
11.5665551852,213,1146,17800,42.2745705556,-83.67654,45.0,8.25,1122.0,,,,,,,,,,-3.90625,-0.78125,17.96875,6.25
11.5665551852,213,1146,18200,42.2745705556,-83.67654,43.0,8.25,1122.0,,,,,,,,,,-3.90625,-0.78125,17.96875,6.25
11.5665551852,213,1146,19000,42.2745772222,-83.6770061111,43.0,8.25,1122.0,,,,,,,,,,-3.90625,-0.78125,17.96875,6.25
11.5665551852,213,1146,19800,42.2745772222,-83.6770061111,43.0,5.75,858.0,,,,,,,,,,-3.90625,-0.78125,17.96875,6.25
11.5665551852,213,1146,20900,42.2745772222,-83.6770061111,39.0,5.75,858.0,,,,,,,,,,-3.90625,-0.78125,17.96875,6.25
11.5665551852,213,1146,22000,42.2745816667,-83.6773902778,34.0,5.42000007629,768.0,,,,,,,,,,-3.90625,-0.78125,17.96875,6.25
11.5665551852,213,1146,22600,42.2745816667,-83.6773902778,34.0,5.42000007629,768.0,,,,,,,,,,0.78125,0.78125,17.96875,6.25
11.5665551852,213,1146,23100,42.2745816667,-83.6773902778,25.0,5.42000007629,768.0,,,,,,,,,,0.78125,0.78125,17.96875,6.25
11.5665551852,213,1146,24300,42.2745816667,-83.6773902778,25.0,5.13999986649,800.0,,,,,,,,,,0.78125,0.78125,17.96875,6.25
11.5665551852,213,1146,25600,42.2745816667,-83.6773902778,22.0,5.13999986649,800.0,,,,,,,,,,0.78125,0.78125,17.96875,6.25
11.5665551852,213,1146,26000,42.2745925,-83.6777511111,22.0,5.13999986649,800.0,,,,,,,,,,0.78125,0.78125,17.96875,6.25
11.5665551852,213,1146,26300,42.2745925,-83.6777511111,22.0,5.03000020981,767.0,,,,,,,,,,0.78125,0.78125,17.96875,6.25
11.5665551852,213,1146,27100,42.2745925,-83.6777511111,23.0,5.03000020981,767.0,,,,,,,,,,0.78125,0.78125,17.96875,6.25
11.5665551852,213,1146,27600,42.2745925,-83.6777511111,23.0,5.03000020981,767.0,,,,,,,,,,5.46875,5.46875,17.96875,6.25
11.5665551852,213,1146,28400,42.2745925,-83.6777511111,23.0,4.92000007629,1075.0,,,,,,,,,,5.46875,5.46875,17.96875,6.25
11.5665551852,213,1146,29000,42.2746283333,-83.6779911111,23.0,4.92000007629,1075.0,,,,,,,,,,5.46875,5.46875,17.96875,6.25
11.5665551852,213,1146,29900,42.2746283333,-83.6779911111,28.0,4.92000007629,1075.0,,,,,,,,,,5.46875,5.46875,17.96875,6.25
11.5665551852,213,1146,30400,42.2746283333,-83.6779911111,28.0,17.9899997711,1462.0,,,,,,,,,,5.46875,5.46875,17.96875,6.25
11.5665551852,213,1146,30700,42.2746283333,-83.6779911111,28.0,17.9899997711,1462.0,,,,,,,,,,5.46875,5.46875,17.1875,6.25
11.5665551852,213,1146,30900,42.2746283333,-83.6779911111,30.0,17.9899997711,1462.0,,,,,,,,,,5.46875,5.46875,17.1875,6.25
11.5665551852,213,1146,31900,42.2747005556,-83.6782647222,30.0,17.9899997711,1462.0,,,,,,,,,,5.46875,5.46875,17.1875,6.25
11.5665551852,213,1146,32400,42.2747005556,-83.6782647222,30.0,15.720000267,1258.0,,,,,,,,,,5.46875,5.46875,17.1875,6.25
11.5665551852,213,1146,32700,42.2747005556,-83.6782647222,30.0,15.720000267,1258.0,,,,,,,,,,0.0,2.34375,17.1875,6.25
11.5665551852,213,1146,33300,42.2747005556,-83.6782647222,33.0,15.720000267,1258.0,,,,,,,,,,0.0,2.34375,17.1875,6.25
11.5665551852,213,1146,34700,42.2747005556,-83.6782647222,37.0,34.3800010681,1706.0,,,,,,,,,,0.0,2.34375,17.1875,6.25
11.5665551852,213,1146,35000,42.2747058333,-83.6785875,37.0,34.3800010681,1706.0,,,,,,,,,,0.0,2.34375,17.1875,6.25
11.5665551852,213,1146,36800,42.2747058333,-83.6785875,37.0,30.5,1704.0,,,,,,,,,,0.0,2.34375,17.1875,6.25
11.5665551852,213,1146,37200,42.2747058333,-83.6785875,46.0,30.5,1704.0,,,,,,,,,,0.0,2.34375,17.1875,6.25
11.5665551852,213,1146,37800,42.2747058333,-83.6785875,46.0,30.5,1704.0,,,,,,,,,,-2.34375,-2.34375,17.1875,6.25
11.5665551852,213,1146,38000,42.2746752778,-83.6790366667,46.0,30.5,1704.0,,,,,,,,,,-2.34375,-2.34375,17.1875,6.25
11.5665551852,213,1146,39300,42.2746752778,-83.6790366667,46.0,27.2399997711,1562.0,,,,,,,,,,-2.34375,-2.34375,17.1875,6.25
11.5665551852,213,1146,39800,42.2746752778,-83.6790366667,50.0,27.2399997711,1562.0,,,,,,,,,,-2.34375,-2.34375,17.1875,6.25
11.5665551852,213,1146,41000,42.2746486111,-83.6795447222,50.0,27.2399997711,1562.0,,,,,,,,,,-2.34375,-2.34375,17.1875,6.25
11.5665551852,213,1146,41200,42.2746486111,-83.6795447222,52.0,27.2399997711,1562.0,,,,,,,,,,-2.34375,-2.34375,17.1875,6.25
11.5665551852,213,1146,41300,42.2746486111,-83.6795447222,52.0,27.3500003815,1567.0,,,,,,,,,,-2.34375,-2.34375,17.1875,6.25
11.5665551852,213,1146,42600,42.2746486111,-83.6795447222,54.0,27.3500003815,1567.0,,,,,,,,,,-2.34375,-2.34375,17.1875,6.25
11.5665551852,213,1146,42800,42.2746486111,-83.6795447222,54.0,27.3500003815,1567.0,,,,,,,,,,-0.78125,2.34375,17.1875,6.25
11.5665551852,213,1146,43700,42.2746486111,-83.6795447222,56.0,21.0900001526,1499.0,,,,,,,,,,-0.78125,2.34375,17.1875,6.25
11.5665551852,213,1146,43900,42.2746652778,-83.6800966667,56.0,21.0900001526,1499.0,,,,,,,,,,-0.78125,2.34375,17.1875,6.25
11.5665551852,213,1146,45700,42.2746652778,-83.6800966667,56.0,9.07999992371,1180.0,,,,,,,,,,-0.78125,2.34375,17.1875,6.25
11.5665551852,213,1146,47000,42.2746741667,-83.6806475,56.0,9.07999992371,1180.0,,,,,,,,,,-0.78125,2.34375,17.1875,6.25
11.5665551852,213,1146,47600,42.2746741667,-83.6806475,54.0,9.07999992371,1180.0,,,,,,,,,,-0.78125,2.34375,17.1875,6.25
11.5665551852,213,1146,48200,42.2746741667,-83.6806475,54.0,7.96999979019,1102.0,,,,,,,,,,-0.78125,2.34375,17.1875,6.25
11.5665551852,213,1146,48700,42.2746741667,-83.6806475,51.0,7.96999979019,1102.0,,,,,,,,,,-0.78125,2.34375,17.1875,6.25
11.5665551852,213,1146,50000,42.2746722222,-83.6811527778,51.0,7.96999979019,1102.0,,,,,,,,,,-0.78125,2.34375,17.1875,6.25
11.5665551852,213,1146,50200,42.2746722222,-83.6811527778,51.0,7.36000013351,953.0,,,,,,,,,,-0.78125,2.34375,17.1875,6.25
11.5665551852,213,1146,51100,42.2746722222,-83.6811527778,46.0,7.36000013351,953.0,,,,,,,,,,-0.78125,2.34375,17.1875,6.25
11.5665551852,213,1146,52600,42.2746722222,-83.6811527778,41.0,7.07999992371,874.0,,,,,,,,,,-0.78125,2.34375,17.1875,6.25
11.5665551852,213,1146,53500,42.2746722222,-83.6811527778,41.0,7.07999992371,874.0,,,,,,,,,,-0.78125,0.78125,17.1875,6.25
11.5665551852,213,1146,54000,42.2746872222,-83.6816919444,37.0,7.07999992371,874.0,,,,,,,,,,-0.78125,0.78125,17.1875,6.25
11.5665551852,213,1146,54600,42.2746872222,-83.6816919444,37.0,4.80999994278,728.0,,,,,,,,,,-0.78125,0.78125,17.1875,6.25
11.5665551852,213,1146,55100,42.2746872222,-83.6816919444,31.0,4.80999994278,728.0,,,,,,,,,,-0.78125,0.78125,17.1875,6.25
11.5665551852,213,1146,56100,42.2747519444,-83.68189,31.0,4.80999994278,728.0,,,,,,,,,,-0.78125,0.78125,17.1875,6.25
11.5665551852,213,1146,56800,42.2747519444,-83.68189,31.0,16.1599998474,1260.0,,,,,,,,,,-0.78125,0.78125,17.1875,6.25
11.5665551852,213,1146,57300,42.2747519444,-83.68189,32.0,16.1599998474,1260.0,,,,,,,,,,-0.78125,0.78125,17.1875,6.25
11.5665551852,213,1146,58600,42.2747519444,-83.68189,32.0,16.1599998474,1260.0,,,,,,,,,,1.5625,3.125,17.1875,6.25
11.5665551852,213,1146,58800,42.2747519444,-83.68189,32.0,41.0200004578,1641.0,,,,,,,,,,1.5625,3.125,17.1875,6.25
11.5665551852,213,1146,59700,42.2747519444,-83.68189,37.0,41.0200004578,1641.0,,,,,,,,,,1.5625,3.125,17.1875,6.25
11.5665551852,213,1146,60100,42.2750852778,-83.6820483333,37.0,41.0200004578,1641.0,,,,,,,,,,1.5625,3.125,17.1875,6.25
11.5665551852,213,1146,60900,42.2750852778,-83.6820483333,45.0,46.9500007629,1891.0,,,,,,,,,,1.5625,3.125,17.1875,6.25
11.5665551852,213,1146,62900,42.2754311111,-83.6820769444,45.0,46.9500007629,1891.0,,,,,,,,,,1.5625,3.125,17.1875,6.25
11.5665551852,213,1146,63100,42.2754311111,-83.6820769444,45.0,44.1800003052,1933.0,,,,,,,,,,1.5625,3.125,17.1875,6.25
11.5665551852,213,1146,63600,42.2754311111,-83.6820769444,49.0,44.1800003052,1933.0,,,,,,,,,,1.5625,3.125,17.1875,6.25
11.5665551852,213,1146,63700,42.2754311111,-83.6820769444,49.0,44.1800003052,1933.0,,,,,,,,,,0.78125,-1.5625,17.1875,6.25
11.5665551852,213,1146,64800,42.2754311111,-83.6820769444,53.0,44.1800003052,1933.0,,,,,,,,,,0.78125,-1.5625,17.1875,6.25
11.5665551852,213,1146,65300,42.2754311111,-83.6820769444,53.0,44.0200004578,1969.0,,,,,,,,,,0.78125,-1.5625,17.1875,6.25
11.5665551852,213,1146,65800,42.2754311111,-83.6820769444,57.0,44.0200004578,1969.0,,,,,,,,,,0.78125,-1.5625,17.1875,6.25
11.5665551852,213,1146,66000,42.2758519444,-83.6821116667,57.0,44.0200004578,1969.0,,,,,,,,,,0.78125,-1.5625,17.1875,6.25
11.5665551852,213,1146,67400,42.2758519444,-83.6821116667,57.0,27.5100002289,1641.0,,,,,,,,,,0.78125,-1.5625,17.1875,6.25
11.5665551852,213,1146,67900,42.2758519444,-83.6821116667,58.0,27.5100002289,1641.0,,,,,,,,,,0.78125,-1.5625,17.1875,6.25
11.5665551852,213,1146,68900,42.2758519444,-83.6821116667,58.0,27.5100002289,1641.0,,,,,,,,,,-0.78125,-0.78125,17.1875,6.25
11.5665551852,213,1146,69000,42.276305,-83.6821375,58.0,27.5100002289,1641.0,,,,,,,,,,-0.78125,-0.78125,17.1875,6.25
11.5665551852,213,1146,69400,42.276305,-83.6821375,59.0,27.5100002289,1641.0,,,,,,,,,,-0.78125,-0.78125,17.1875,6.25
11.5665551852,213,1146,69900,42.276305,-83.6821375,59.0,24.1900005341,1555.0,,,,,,,,,,-0.78125,-0.78125,17.1875,6.25
11.5665551852,213,1146,70800,42.276305,-83.6821375,60.0,24.1900005341,1555.0,,,,,,,,,,-0.78125,-0.78125,17.1875,6.25
11.5665551852,213,1146,72000,42.2767602778,-83.6821533333,60.0,24.1900005341,1555.0,,,,,,,,,,-0.78125,-0.78125,17.1875,6.25
11.5665551852,213,1146,72300,42.2767602778,-83.6821533333,60.0,24.1900005341,1556.0,,,,,,,,,,-0.78125,-0.78125,17.1875,6.25
11.5665551852,213,1146,73900,42.2767602778,-83.6821533333,60.0,24.1900005341,1556.0,,,,,,,,,,-0.78125,1.5625,17.1875,6.25
11.5665551852,213,1146,74400,42.2767602778,-83.6821533333,60.0,33.9900016785,1731.0,,,,,,,,,,-0.78125,1.5625,17.1875,6.25
11.5665551852,213,1146,74900,42.2772233333,-83.6821777778,60.0,33.9900016785,1731.0,,,,,,,,,,-0.78125,1.5625,17.1875,6.25
11.5665551852,213,1146,75300,42.2772233333,-83.6821777778,61.0,33.9900016785,1731.0,,,,,,,,,,-0.78125,1.5625,17.1875,6.25
11.5665551852,213,1146,76800,42.2772233333,-83.6821777778,61.0,33.8300018311,1730.0,,,,,,,,,,-0.78125,1.5625,17.1875,6.25
11.5665551852,213,1146,77800,42.2772233333,-83.6821777778,62.0,33.8300018311,1730.0,,,,,,,,,,-0.78125,1.5625,17.1875,6.25
11.5665551852,213,1146,78900,42.2778508333,-83.6822219444,62.0,45.2299995422,2011.0,,,,,,,,,,-0.78125,1.5625,17.1875,6.25
11.5665551852,213,1146,79000,42.2778508333,-83.6822219444,62.0,45.2299995422,2011.0,,,,,,,,,,2.34375,-1.5625,17.1875,6.25
11.5665551852,213,1146,79900,42.2778508333,-83.6822219444,61.0,45.2299995422,2011.0,,,,,,,,,,2.34375,-1.5625,17.1875,6.25
11.5665551852,213,1146,80800,42.2778508333,-83.6822219444,61.0,36.2099990845,1753.0,,,,,,,,,,2.34375,-1.5625,17.1875,6.25
11.5665551852,213,1146,81300,42.2778508333,-83.6822219444,59.0,36.2099990845,1753.0,,,,,,,,,,2.34375,-1.5625,17.1875,6.25
11.5665551852,213,1146,82000,42.2783052778,-83.682235,59.0,36.2099990845,1753.0,,,,,,,,,,2.34375,-1.5625,17.1875,6.25
11.5665551852,213,1146,82800,42.2783052778,-83.682235,58.0,36.2099990845,1753.0,,,,,,,,,,2.34375,-1.5625,17.1875,6.25
11.5665551852,213,1146,83300,42.2783052778,-83.682235,58.0,35.2700004578,1723.0,,,,,,,,,,2.34375,-1.5625,17.1875,6.25
11.5665551852,213,1146,83900,42.2783052778,-83.682235,57.0,35.2700004578,1723.0,,,,,,,,,,2.34375,-1.5625,17.1875,6.25
11.5665551852,213,1146,84500,42.2783052778,-83.682235,57.0,35.2700004578,1723.0,,,,,,,,,,-0.78125,-1.5625,17.1875,6.25
11.5665551852,213,1146,85000,42.2787486111,-83.6822533333,57.0,35.2700004578,1723.0,,,,,,,,,,-0.78125,-1.5625,17.1875,6.25
11.5665551852,213,1146,85500,42.2787486111,-83.6822533333,57.0,44.0200004578,1822.0,,,,,,,,,,-0.78125,-1.5625,17.1875,6.25
11.5665551852,213,1146,87500,42.2787486111,-83.6822533333,58.0,42.9099998474,1781.0,,,,,,,,,,-0.78125,-1.5625,17.1875,6.25
11.5665551852,213,1146,88000,42.2792008333,-83.6822983333,58.0,42.9099998474,1781.0,,,,,,,,,,-0.78125,-1.5625,17.1875,6.25
11.5665551852,213,1146,88900,42.2792008333,-83.6822983333,57.0,42.9099998474,1781.0,,,,,,,,,,-0.78125,-1.5625,17.1875,6.25
11.5665551852,213,1146,89500,42.2792008333,-83.6822983333,57.0,28.4599990845,1592.0,,,,,,,,,,-0.78125,1.5625,17.1875,6.25
11.5665551852,213,1146,91600,42.2792008333,-83.6822983333,57.0,22.3600006104,1482.0,,,,,,,,,,-0.78125,1.5625,17.1875,6.25
11.5665551852,213,1146,91900,42.2797752778,-83.6823066667,57.0,22.3600006104,1482.0,,,,,,,,,,-0.78125,1.5625,17.1875,6.25
11.5665551852,213,1146,93600,42.2797752778,-83.6823066667,57.0,7.25,1196.0,,,,,,,,,,-0.78125,1.5625,17.1875,6.25
11.5665551852,213,1146,94500,42.2797752778,-83.6823066667,57.0,7.25,1196.0,,,,,,,,,,-0.78125,-0.78125,17.1875,6.25
11.5665551852,213,1146,94900,42.2802138889,-83.6823191667,57.0,7.25,1196.0,,,,,,,,,,-0.78125,-0.78125,17.1875,6.25
11.5665551852,213,1146,95000,42.2802138889,-83.6823191667,58.0,7.25,1196.0,,,,,,,,,,-0.78125,-0.78125,17.1875,6.25
11.5665551852,213,1146,95700,42.2802138889,-83.6823191667,58.0,6.75,1167.0,,,,,,,,,,-0.78125,-0.78125,17.1875,6.25
11.5665551852,213,1146,97700,42.2802138889,-83.6823191667,58.0,6.42000007629,1128.0,,,,,,,,,,-0.78125,-0.78125,17.1875,6.25
11.5665551852,213,1146,97900,42.2806558333,-83.6823413889,58.0,6.42000007629,1128.0,,,,,,,,,,-0.78125,-0.78125,17.1875,6.25
11.5665551852,213,1146,99700,42.2806558333,-83.6823413889,58.0,5.09000015259,1130.0,,,,,,,,,,2.34375,3.90625,17.1875,6.25
11.5665551852,213,1146,100200,42.2806558333,-83.6823413889,59.0,5.09000015259,1130.0,,,,,,,,,,2.34375,3.90625,17.1875,6.25
11.5665551852,213,1146,101700,42.2806558333,-83.6823413889,59.0,5.03000020981,1126.0,,,,,,,,,,2.34375,3.90625,17.1875,6.25
11.5665551852,213,1146,101900,42.2812461111,-83.6823444444,59.0,5.03000020981,1126.0,,,,,,,,,,2.34375,3.90625,17.1875,6.25
11.5665551852,213,1146,102800,42.2812461111,-83.6823444444,60.0,5.03000020981,1126.0,,,,,,,,,,2.34375,3.90625,17.1875,6.25
11.5665551852,213,1146,103800,42.2812461111,-83.6823444444,60.0,4.98000001907,1145.0,,,,,,,,,,2.34375,3.90625,17.1875,6.25
11.5665551852,213,1146,104300,42.2812461111,-83.6823444444,61.0,4.98000001907,1145.0,,,,,,,,,,2.34375,3.90625,17.1875,6.25
11.5665551852,213,1146,104800,42.2812461111,-83.6823444444,61.0,4.98000001907,1145.0,,,,,,,,,,3.90625,6.25,17.1875,6.25
11.5665551852,213,1146,105000,42.2816975,-83.6823286111,61.0,4.98000001907,1145.0,,,,,,,,,,3.90625,6.25,17.1875,6.25
11.5665551852,213,1146,105700,42.2816975,-83.6823286111,62.0,4.98000001907,1145.0,,,,,,,,,,3.90625,6.25,17.1875,6.25
11.5665551852,213,1146,106200,42.2816975,-83.6823286111,62.0,13.1199998856,1363.0,,,,,,,,,,3.90625,6.25,17.1875,6.25
11.5665551852,213,1146,108000,42.2821747222,-83.6823369444,62.0,13.1199998856,1363.0,,,,,,,,,,3.90625,6.25,17.1875,6.25
11.5665551852,213,1146,108200,42.2821747222,-83.6823369444,63.0,13.1199998856,1363.0,,,,,,,,,,3.90625,6.25,17.1875,6.25
11.5665551852,213,1146,108300,42.2821747222,-83.6823369444,63.0,21.9200000763,1310.0,,,,,,,,,,3.90625,6.25,17.1875,6.25
11.5665551852,213,1146,110300,42.2821747222,-83.6823369444,63.0,21.9200000763,1310.0,,,,,,,,,,0.0,0.0,17.1875,6.25
11.5665551852,213,1146,110800,42.2821747222,-83.6823369444,62.0,21.2000007629,1277.0,,,,,,,,,,0.0,0.0,17.1875,6.25
11.5665551852,213,1146,111000,42.2826388889,-83.6823541667,62.0,21.2000007629,1277.0,,,,,,,,,,0.0,0.0,17.1875,6.25
11.5665551852,213,1146,113200,42.2826388889,-83.6823541667,62.0,19.6000003815,1178.0,,,,,,,,,,0.0,0.0,17.1875,6.25
11.5665551852,213,1146,113700,42.2826388889,-83.6823541667,60.0,19.6000003815,1178.0,,,,,,,,,,0.0,0.0,17.1875,6.25
11.5665551852,213,1146,113900,42.2831055556,-83.68238,60.0,19.6000003815,1178.0,,,,,,,,,,0.0,0.0,17.1875,6.25
11.5665551852,213,1146,114100,42.2831055556,-83.68238,60.0,19.6000003815,1178.0,,,,,,,,,,0.0,0.0,17.1875,6.25
11.5665551852,213,1146,114900,42.2831055556,-83.68238,59.0,19.6000003815,1178.0,,,,,,,,,,0.0,0.0,17.1875,6.25
11.5665551852,213,1146,115400,42.2831055556,-83.68238,59.0,19.1499996185,1170.0,,,,,,,,,,-3.90625,-3.125,17.1875,6.25
11.5665551852,213,1146,116400,42.2831055556,-83.68238,60.0,19.1499996185,1170.0,,,,,,,,,,-3.90625,-3.125,17.1875,6.25
11.5665551852,213,1146,117000,42.2835636111,-83.6823827778,60.0,19.1499996185,1170.0,,,,,,,,,,-3.90625,-3.125,17.1875,6.25
11.5665551852,213,1146,117800,42.2835636111,-83.6823827778,60.0,13.4499998093,1183.0,,,,,,,,,,-3.90625,-3.125,17.1875,6.25
11.5665551852,213,1146,119800,42.2835636111,-83.6823827778,60.0,13.279999733,1190.0,,,,,,,,,,-3.90625,-3.125,17.1875,6.25
11.5665551852,213,1146,120000,42.2840227778,-83.6823358333,60.0,13.279999733,1190.0,,,,,,,,,,-3.90625,-3.125,17.1875,6.25
11.5665551852,213,1146,120900,42.2840227778,-83.6823358333,60.0,13.279999733,1190.0,,,,,,,,,,-5.46875,0.0,15.625,7.8125
11.5665551852,213,1146,121800,42.2840227778,-83.6823358333,60.0,12.2299995422,1168.0,,,,,,,,,,-5.46875,0.0,15.625,7.8125
11.5665551852,213,1146,122900,42.2840227778,-83.6823358333,59.0,12.2299995422,1168.0,,,,,,,,,,-5.46875,0.0,15.625,7.8125
11.5665551852,213,1146,123000,42.2844730556,-83.6822666667,59.0,12.2299995422,1168.0,,,,,,,,,,-5.46875,0.0,15.625,7.8125
11.5665551852,213,1146,124300,42.2844730556,-83.6822666667,60.0,16.8299999237,1190.0,,,,,,,,,,-5.46875,0.0,15.625,7.8125
11.5665551852,213,1146,126300,42.2844730556,-83.6822666667,60.0,27.8500003815,1179.0,,,,,,,,,,-5.46875,0.0,15.625,7.8125
11.5665551852,213,1146,126600,42.2844730556,-83.6822666667,59.0,27.8500003815,1179.0,,,,,,,,,,-5.46875,0.0,15.625,7.8125
11.5665551852,213,1146,126900,42.2850666667,-83.6822177778,59.0,27.8500003815,1179.0,,,,,,,,,,-5.46875,0.0,15.625,7.8125
11.5665551852,213,1146,128400,42.2850666667,-83.6822177778,59.0,40.3100013733,1798.0,,,,,,,,,,-5.46875,0.0,15.625,7.8125
11.5665551852,213,1146,128900,42.2850666667,-83.6822177778,60.0,40.3100013733,1798.0,,,,,,,,,,-5.46875,0.0,15.625,7.8125
11.5665551852,213,1146,129900,42.2855063889,-83.6822044444,60.0,40.3100013733,1798.0,,,,,,,,,,-5.46875,0.0,15.625,7.8125
11.5665551852,213,1146,130000,42.2855063889,-83.6822044444,61.0,40.3100013733,1798.0,,,,,,,,,,-5.46875,0.0,15.625,7.8125
11.5665551852,213,1146,130500,42.2855063889,-83.6822044444,61.0,30.1700000763,1798.0,,,,,,,,,,-5.46875,0.0,15.625,7.8125
11.5665551852,213,1146,131300,42.2855063889,-83.6822044444,61.0,30.1700000763,1798.0,,,,,,,,,,1.5625,-1.5625,15.625,7.8125
11.5665551852,213,1146,132500,42.2855063889,-83.6822044444,61.0,26.1299991608,1556.0,,,,,,,,,,1.5625,-1.5625,15.625,7.8125
11.5665551852,213,1146,132900,42.2859686111,-83.6821994444,61.0,26.1299991608,1556.0,,,,,,,,,,1.5625,-1.5625,15.625,7.8125
11.5665551852,213,1146,134600,42.2859686111,-83.6821994444,61.0,15.1700000763,1331.0,,,,,,,,,,1.5625,-1.5625,15.625,7.8125
11.5665551852,213,1146,135100,42.2859686111,-83.6821994444,63.0,15.1700000763,1331.0,,,,,,,,,,1.5625,-1.5625,15.625,7.8125
11.5665551852,213,1146,136500,42.2859686111,-83.6821994444,63.0,14.9499998093,1303.0,,,,,,,,,,-2.34375,-0.78125,15.625,7.8125
11.5665551852,213,1146,136900,42.2865994444,-83.6822236111,63.0,14.9499998093,1303.0,,,,,,,,,,-2.34375,-0.78125,15.625,7.8125
11.5665551852,213,1146,138500,42.2865994444,-83.6822236111,63.0,8.02000045776,1238.0,,,,,,,,,,-2.34375,-0.78125,15.625,7.8125
11.5665551852,213,1146,138900,42.2865994444,-83.6822236111,61.0,8.02000045776,1238.0,,,,,,,,,,-2.34375,-0.78125,15.625,7.8125
11.5665551852,213,1146,140000,42.28706,-83.6822555556,61.0,8.02000045776,1238.0,,,,,,,,,,-2.34375,-0.78125,15.625,7.8125
11.5665551852,213,1146,140900,42.28706,-83.6822555556,61.0,6.57999992371,1188.0,,,,,,,,,,-2.34375,-0.78125,15.625,7.8125
11.5665551852,213,1146,141500,42.28706,-83.6822555556,60.0,6.57999992371,1188.0,,,,,,,,,,-2.34375,-0.78125,15.625,7.8125
11.5665551852,213,1146,141600,42.28706,-83.6822555556,60.0,6.57999992371,1188.0,,,,,,,,,,-6.25,-2.34375,15.625,7.8125
11.5665551852,213,1146,142900,42.28706,-83.6822555556,56.0,6.25,1130.0,,,,,,,,,,-6.25,-2.34375,15.625,7.8125
11.5665551852,213,1146,143000,42.2874861111,-83.6822944444,56.0,6.25,1130.0,,,,,,,,,,-6.25,-2.34375,15.625,7.8125
11.5665551852,213,1146,144400,42.2874861111,-83.6822944444,50.0,6.25,1130.0,,,,,,,,,,-6.25,-2.34375,15.625,7.8125
11.5665551852,213,1146,144900,42.2874861111,-83.6822944444,50.0,5.36999988556,927.0,,,,,,,,,,-6.25,-2.34375,15.625,7.8125
11.5665551852,213,1146,145500,42.2874861111,-83.6822944444,45.0,5.36999988556,927.0,,,,,,,,,,-6.25,-2.34375,15.625,7.8125
11.5665551852,213,1146,146000,42.2878508333,-83.6823436111,45.0,5.36999988556,927.0,,,,,,,,,,-6.25,-2.34375,15.625,7.8125
11.5665551852,213,1146,146900,42.2878508333,-83.6823436111,41.0,5.03000020981,856.0,,,,,,,,,,-6.25,-2.34375,15.625,7.8125
11.5665551852,213,1146,147000,42.2878508333,-83.6823436111,41.0,5.03000020981,856.0,,,,,,,,,,3.90625,4.6875,15.625,7.8125
11.5665551852,213,1146,148400,42.2878508333,-83.6823436111,34.0,5.03000020981,856.0,,,,,,,,,,3.90625,4.6875,15.625,7.8125
11.5665551852,213,1146,148900,42.288125,-83.6823513889,34.0,5.03000020981,742.0,,,,,,,,,,3.90625,4.6875,15.625,7.8125
11.5665551852,213,1146,149800,42.288125,-83.6823513889,27.0,5.03000020981,742.0,,,,,,,,,,3.90625,4.6875,15.625,7.8125
11.5665551852,213,1146,150900,42.288125,-83.6823513889,24.0,5.03000020981,742.0,,,,,,,,,,3.90625,4.6875,15.625,7.8125
11.5665551852,213,1146,151000,42.288125,-83.6823513889,24.0,30.3400001526,1182.0,,,,,,,,,,3.90625,4.6875,17.1875,6.25
11.5665551852,213,1146,152000,42.2882869444,-83.6824611111,24.0,30.3400001526,1182.0,,,,,,,,,,4.6875,4.6875,17.1875,6.25
11.5665551852,213,1146,153500,42.2882869444,-83.6824611111,27.0,33.2700004578,1727.0,,,,,,,,,,4.6875,4.6875,17.1875,6.25
11.5665551852,213,1146,154900,42.2882869444,-83.6824611111,32.0,33.2700004578,1727.0,,,,,,,,,,4.6875,4.6875,17.1875,6.25
11.5665551852,213,1146,155000,42.2883461111,-83.6827461111,32.0,33.2700004578,1727.0,,,,,,,,,,4.6875,4.6875,17.1875,6.25
11.5665551852,213,1146,155600,42.2883461111,-83.6827461111,32.0,33.8300018311,1921.0,,,,,,,,,,4.6875,4.6875,17.1875,6.25
11.5665551852,213,1146,156100,42.2883461111,-83.6827461111,39.0,33.8300018311,1921.0,,,,,,,,,,4.6875,4.6875,17.1875,6.25
11.5665551852,213,1146,157100,42.2883461111,-83.6827461111,42.0,33.8300018311,1921.0,,,,,,,,,,1.5625,-0.78125,17.1875,6.25
11.5665551852,213,1146,157800,42.2883461111,-83.6827461111,42.0,32.9399986267,1727.0,,,,,,,,,,1.5625,-0.78125,17.1875,6.25
11.5665551852,213,1146,158000,42.2883530556,-83.6831308333,42.0,32.9399986267,1727.0,,,,,,,,,,1.5625,-0.78125,17.1875,6.25
11.5665551852,213,1146,159700,42.2883530556,-83.6831308333,45.0,32.9399986267,1727.0,,,,,,,,,,1.5625,-0.78125,17.1875,6.25
11.5665551852,213,1146,159800,42.2883530556,-83.6831308333,45.0,32.3300018311,1745.0,,,,,,,,,,1.5625,-0.78125,17.1875,6.25
11.5665551852,213,1146,161100,42.2883530556,-83.6831308333,47.0,32.3300018311,1745.0,,,,,,,,,,1.5625,-0.78125,17.1875,6.25
11.5665551852,213,1146,162000,42.2883383333,-83.6837438889,47.0,7.96999979019,1193.0,,,,,,,,,,1.5625,-0.78125,17.1875,6.25
11.5665551852,213,1146,162600,42.2883383333,-83.6837438889,48.0,7.96999979019,1193.0,,,,,,,,,,1.5625,-0.78125,17.1875,6.25
11.5665551852,213,1146,164100,42.2883383333,-83.6837438889,46.0,15.4399995804,1206.0,,,,,,,,,,1.5625,-0.78125,17.1875,6.25
11.5665551852,213,1146,165000,42.2883269444,-83.68422,46.0,15.4399995804,1206.0,,,,,,,,,,1.5625,-0.78125,17.1875,6.25
11.5665551852,213,1146,166200,42.2883269444,-83.68422,46.0,18.1000003815,1281.0,,,,,,,,,,1.5625,-0.78125,17.1875,6.25
11.5665551852,213,1146,166300,42.2883269444,-83.68422,45.0,18.1000003815,1281.0,,,,,,,,,,1.5625,-0.78125,17.1875,6.25
11.5665551852,213,1146,167600,42.2883269444,-83.68422,45.0,18.1000003815,1281.0,,,,,,,,,,-7.03125,-5.46875,17.1875,6.25
11.5665551852,213,1146,167900,42.2883083333,-83.6846908333,45.0,18.1000003815,1281.0,,,,,,,,,,-7.03125,-5.46875,17.1875,6.25
11.5665551852,213,1146,168500,42.2883083333,-83.6846908333,45.0,25.3500003815,1446.0,,,,,,,,,,-7.03125,-5.46875,17.1875,6.25
11.5665551852,213,1146,170200,42.2883083333,-83.6846908333,47.0,25.3500003815,1446.0,,,,,,,,,,-7.03125,-5.46875,17.1875,6.25
11.5665551852,213,1146,170700,42.2883083333,-83.6846908333,47.0,11.6199998856,1067.0,,,,,,,,,,-7.03125,-5.46875,17.1875,6.25
11.5665551852,213,1146,171000,42.2882863889,-83.6851883333,47.0,11.6199998856,1067.0,,,,,,,,,,-7.03125,-5.46875,17.1875,6.25
11.5665551852,213,1146,171600,42.2882863889,-83.6851883333,48.0,11.6199998856,1067.0,,,,,,,,,,-7.03125,-5.46875,17.1875,6.25
11.5665551852,213,1146,173100,42.2882863889,-83.6851883333,49.0,10.3999996185,1132.0,,,,,,,,,,-3.90625,1.5625,17.1875,6.25
11.5665551852,213,1146,174500,42.2882863889,-83.6851883333,50.0,10.3999996185,1132.0,,,,,,,,,,-3.90625,1.5625,17.1875,6.25
11.5665551852,213,1146,175000,42.2882633333,-83.6858747222,50.0,8.90999984741,1129.0,,,,,,,,,,-3.90625,1.5625,17.1875,6.25
11.5665551852,213,1146,175500,42.2882633333,-83.6858747222,49.0,8.90999984741,1129.0,,,,,,,,,,-3.90625,1.5625,17.1875,6.25
11.5665551852,213,1146,177100,42.2882633333,-83.6858747222,49.0,6.03000020981,1037.0,,,,,,,,,,-3.90625,1.5625,17.1875,6.25
11.5665551852,213,1146,178000,42.2882405556,-83.6863897222,49.0,6.03000020981,1037.0,,,,,,,,,,-3.90625,1.5625,17.1875,6.25
11.5665551852,213,1146,178200,42.2882405556,-83.6863897222,50.0,6.03000020981,1037.0,,,,,,,,,,-3.90625,-3.125,17.1875,6.25
11.5665551852,213,1146,179500,42.2882405556,-83.6863897222,49.0,5.80999994278,1031.0,,,,,,,,,,-3.90625,-3.125,17.1875,6.25
11.5665551852,213,1146,181000,42.2882127778,-83.6868883333,49.0,5.80999994278,1031.0,,,,,,,,,,-3.90625,-3.125,17.1875,6.25
11.5665551852,213,1146,181500,42.2882127778,-83.6868883333,49.0,5.42000007629,1001.0,,,,,,,,,,-3.90625,-3.125,17.1875,6.25
11.5665551852,213,1146,183500,42.2882127778,-83.6868883333,50.0,5.09000015259,1019.0,,,,,,,,,,-3.90625,-3.125,17.1875,6.25
11.5665551852,213,1146,183600,42.2882127778,-83.6868883333,50.0,5.09000015259,1019.0,,,,,,,,,,2.34375,2.34375,17.1875,6.25
11.5665551852,213,1146,183900,42.2882033333,-83.6874002778,50.0,5.09000015259,1019.0,,,,,,,,,,2.34375,2.34375,17.1875,6.25
11.5665551852,213,1146,185600,42.2882033333,-83.6874002778,50.0,5.03000020981,1003.0,,,,,,,,,,2.34375,2.34375,17.1875,6.25
11.5665551852,213,1146,187000,42.2881916667,-83.6879169444,50.0,5.03000020981,1003.0,,,,,,,,,,2.34375,2.34375,17.1875,6.25
11.5665551852,213,1146,187700,42.2881916667,-83.6879169444,50.0,11.6800003052,1163.0,,,,,,,,,,2.34375,2.34375,17.1875,6.25
11.5665551852,213,1146,187800,42.2881916667,-83.6879169444,51.0,11.6800003052,1163.0,,,,,,,,,,2.34375,2.34375,17.1875,6.25
11.5665551852,213,1146,189000,42.2881916667,-83.6879169444,51.0,11.6800003052,1163.0,,,,,,,,,,0.0,-1.5625,17.1875,6.25
11.5665551852,213,1146,189900,42.2881916667,-83.6879169444,51.0,6.92000007629,1105.0,,,,,,,,,,0.0,-1.5625,17.1875,6.25
11.5665551852,213,1146,190000,42.2881825,-83.6884508333,51.0,6.92000007629,1105.0,,,,,,,,,,0.0,-1.5625,17.1875,6.25
11.5665551852,213,1146,191800,42.2881825,-83.6884508333,51.0,6.25,1071.0,,,,,,,,,,0.0,-1.5625,17.1875,6.25
11.5665551852,213,1146,193000,42.2881741667,-83.688985,51.0,6.25,1071.0,,,,,,,,,,0.0,-1.5625,17.1875,6.25
11.5665551852,213,1146,193200,42.2881741667,-83.688985,52.0,6.25,1071.0,,,,,,,,,,0.0,-1.5625,17.1875,6.25
11.5665551852,213,1146,193800,42.2881741667,-83.688985,52.0,5.26000022888,1061.0,,,,,,,,,,0.0,-1.5625,17.1875,6.25
11.5665551852,213,1146,194300,42.2881741667,-83.688985,53.0,5.26000022888,1061.0,,,,,,,,,,0.0,-1.5625,17.1875,6.25
11.5665551852,213,1146,194400,42.2881741667,-83.688985,53.0,5.26000022888,1061.0,,,,,,,,,,-3.125,-1.5625,17.1875,6.25
11.5665551852,213,1146,195900,42.2881483333,-83.6895219444,53.0,5.26000022888,1061.0,,,,,,,,,,-3.125,-1.5625,17.1875,6.25
11.5665551852,213,1146,196300,42.2881483333,-83.6895219444,53.0,5.19999980927,1058.0,,,,,,,,,,-3.125,-1.5625,17.1875,6.25
11.5665551852,213,1146,198700,42.2881483333,-83.6895219444,53.0,4.92000007629,1038.0,,,,,,,,,,-3.125,-1.5625,17.1875,6.25
11.5665551852,213,1146,199000,42.2881288889,-83.6900675,53.0,4.92000007629,1038.0,,,,,,,,,,-3.125,-1.5625,17.1875,6.25
11.5665551852,213,1146,200700,42.2881288889,-83.6900675,51.0,4.92000007629,1038.0,,,,,,,,,,-3.125,-1.5625,17.1875,6.25
11.5665551852,213,1146,201200,42.2881288889,-83.6900675,51.0,4.86999988556,1015.0,,,,,,,,,,-3.125,-1.5625,17.1875,6.25
11.5665551852,213,1146,201700,42.2881288889,-83.6900675,49.0,4.86999988556,1015.0,,,,,,,,,,-3.125,-1.5625,17.1875,6.25
11.5665551852,213,1146,202000,42.2881172222,-83.6905908333,49.0,4.86999988556,1015.0,,,,,,,,,,-3.125,-1.5625,17.1875,6.25
11.5665551852,213,1146,203300,42.2881172222,-83.6905908333,49.0,4.98000001907,915.0,,,,,,,,,,-3.125,-1.5625,17.1875,6.25
11.5665551852,213,1146,203900,42.2881172222,-83.6905908333,45.0,4.98000001907,915.0,,,,,,,,,,-3.125,-1.5625,17.1875,6.25
11.5665551852,213,1146,204400,42.2881172222,-83.6905908333,45.0,4.98000001907,915.0,,,,,,,,,,0.0,2.34375,17.1875,6.25
11.5665551852,213,1146,204900,42.2881172222,-83.6905908333,41.0,4.98000001907,915.0,,,,,,,,,,0.0,2.34375,17.1875,6.25
11.5665551852,213,1146,205600,42.2881172222,-83.6905908333,41.0,4.80999994278,872.0,,,,,,,,,,0.0,2.34375,17.1875,6.25
11.5665551852,213,1146,206000,42.2881177778,-83.6912136111,41.0,4.80999994278,872.0,,,,,,,,,,0.0,2.34375,17.1875,6.25
11.5665551852,213,1146,207600,42.2881177778,-83.6912136111,39.0,7.13999986649,844.0,,,,,,,,,,0.0,2.34375,17.1875,6.25
11.5665551852,213,1146,209000,42.2880972222,-83.6915894444,37.0,7.13999986649,844.0,,,,,,,,,,0.0,2.34375,17.1875,6.25
11.5665551852,213,1146,209900,42.2880972222,-83.6915894444,37.0,6.42000007629,763.0,,,,,,,,,,1.5625,4.6875,17.1875,6.25
11.5665551852,213,1146,210400,42.2880972222,-83.6915894444,32.0,6.42000007629,763.0,,,,,,,,,,1.5625,4.6875,17.1875,6.25
11.5665551852,213,1146,211600,42.2880972222,-83.6915894444,25.0,6.42000007629,763.0,,,,,,,,,,1.5625,4.6875,17.96875,8.59375
11.5665551852,213,1146,212000,42.288075,-83.6918563889,25.0,6.42000007629,763.0,,,,,,,,,,1.5625,4.6875,17.96875,8.59375
11.5665551852,213,1146,212100,42.288075,-83.6918563889,25.0,6.46999979019,788.0,,,,,,,,,,1.5625,4.6875,17.96875,8.59375
11.5665551852,213,1146,213000,42.288075,-83.6918563889,17.0,6.46999979019,788.0,,,,,,,,,,1.5625,4.6875,17.96875,8.59375
11.5665551852,213,1146,214500,42.288075,-83.6918563889,15.0,6.96999979019,798.0,,,,,,,,,,1.5625,4.6875,17.96875,8.59375
11.5665551852,213,1146,214900,42.2880761111,-83.6920302778,15.0,6.96999979019,798.0,,,,,,,,,,1.5625,4.6875,17.96875,8.59375
11.5665551852,213,1146,215000,42.2880761111,-83.6920302778,15.0,6.96999979019,798.0,,,,,,,,,,-0.78125,0.78125,17.96875,8.59375
11.5665551852,213,1146,215900,42.2880761111,-83.6920302778,14.0,6.96999979019,798.0,,,,,,,,,,-0.78125,0.78125,17.96875,8.59375
11.5665551852,213,1146,216400,42.2880761111,-83.6920302778,14.0,6.69000005722,775.0,,,,,,,,,,-0.78125,0.78125,17.96875,8.59375
11.5665551852,213,1146,218000,42.2880694444,-83.6921161111,14.0,6.69000005722,775.0,,,,,,,,,,-0.78125,0.78125,17.96875,8.59375
11.5665551852,213,1146,218400,42.2880694444,-83.6921161111,6.0,4.92000007629,700.0,,,,,,,,,,-0.78125,0.78125,17.96875,8.59375
11.5665551852,213,1146,220100,42.2880694444,-83.6921161111,6.0,4.92000007629,700.0,,,,,,,,,,-3.90625,-1.5625,17.96875,8.59375
11.5665551852,213,1146,220700,42.2880694444,-83.6921161111,6.0,17.7700004578,1338.0,,,,,,,,,,-3.90625,-1.5625,17.96875,8.59375
11.5665551852,213,1146,221000,42.2880822222,-83.6921919444,6.0,17.7700004578,1338.0,,,,,,,,,,-3.90625,-1.5625,17.96875,8.59375
11.5665551852,213,1146,221200,42.2880822222,-83.6921919444,12.0,17.7700004578,1338.0,,,,,,,,,,-3.90625,-1.5625,17.96875,8.59375
11.5665551852,213,1146,222700,42.2880822222,-83.6921919444,18.0,19.6000003815,1255.0,,,,,,,,,,-3.90625,-1.5625,17.96875,8.59375
11.5665551852,213,1146,223800,42.2880822222,-83.6921919444,24.0,19.6000003815,1255.0,,,,,,,,,,-3.90625,-1.5625,17.96875,8.59375
11.5665551852,213,1146,224000,42.2882933333,-83.6922361111,24.0,19.6000003815,1255.0,,,,,,,,,,-3.90625,-1.5625,17.96875,8.59375
11.5665551852,213,1146,224800,42.2882933333,-83.6922361111,24.0,28.4599990845,1758.0,,,,,,,,,,-3.90625,-1.5625,17.96875,8.59375
11.5665551852,213,1146,225300,42.2882933333,-83.6922361111,32.0,28.4599990845,1758.0,,,,,,,,,,-0.78125,-2.34375,17.96875,8.59375
11.5665551852,213,1146,226700,42.2882933333,-83.6922361111,39.0,28.4599990845,1758.0,,,,,,,,,,-0.78125,-2.34375,17.96875,8.59375
11.5665551852,213,1146,226900,42.2885622222,-83.6922575,39.0,28.4599990845,1758.0,,,,,,,,,,-0.78125,-2.34375,17.96875,8.59375
11.5665551852,213,1146,227200,42.2885622222,-83.6922575,39.0,20.3199996948,1467.0,,,,,,,,,,-0.78125,-2.34375,17.96875,8.59375
11.5665551852,213,1146,228200,42.2885622222,-83.6922575,43.0,20.3199996948,1467.0,,,,,,,,,,-0.78125,-2.34375,17.96875,8.59375
11.5665551852,213,1146,229200,42.2885622222,-83.6922575,45.0,20.3199996948,1467.0,,,,,,,,,,-0.78125,-2.34375,17.96875,8.59375
11.5665551852,213,1146,229300,42.2885622222,-83.6922575,45.0,18.3199996948,1349.0,,,,,,,,,,-0.78125,-2.34375,17.96875,8.59375
11.5665551852,213,1146,230000,42.2888905556,-83.692265,45.0,18.3199996948,1349.0,,,,,,,,,,-0.78125,-2.34375,17.96875,8.59375
11.5665551852,213,1146,230400,42.2888905556,-83.692265,45.0,18.3199996948,1349.0,,,,,,,,,,-3.90625,-1.5625,17.96875,8.59375
11.5665551852,213,1146,231800,42.2888905556,-83.692265,48.0,18.7099990845,1365.0,,,,,,,,,,-3.90625,-1.5625,17.96875,8.59375
11.5665551852,213,1146,233200,42.2888905556,-83.692265,49.0,18.7099990845,1365.0,,,,,,,,,,-3.90625,-1.5625,17.96875,8.59375
11.5665551852,213,1146,234000,42.2893891667,-83.6923,49.0,18.7099990845,1365.0,,,,,,,,,,-3.90625,-1.5625,17.96875,8.59375
11.5665551852,213,1146,234100,42.2893891667,-83.6923,49.0,13.7299995422,1263.0,,,,,,,,,,-3.90625,-1.5625,17.96875,8.59375
11.5665551852,213,1146,234600,42.2893891667,-83.6923,51.0,13.7299995422,1263.0,,,,,,,,,,-3.90625,-1.5625,17.96875,8.59375
11.5665551852,213,1146,235400,42.2893891667,-83.6923,51.0,13.7299995422,1263.0,,,,,,,,,,-2.34375,-1.5625,17.96875,8.59375
11.5665551852,213,1146,235900,42.2893891667,-83.6923,52.0,13.7299995422,1263.0,,,,,,,,,,-2.34375,-1.5625,17.96875,8.59375
11.5665551852,213,1146,236500,42.2893891667,-83.6923,52.0,14.5,1264.0,,,,,,,,,,-2.34375,-1.5625,17.96875,8.59375
11.5665551852,213,1146,237000,42.2897786111,-83.6923122222,51.0,14.5,1264.0,,,,,,,,,,-2.34375,-1.5625,17.96875,8.59375
11.5665551852,213,1146,238600,42.2897786111,-83.6923122222,51.0,13.7299995422,1262.0,,,,,,,,,,-2.34375,-1.5625,17.96875,8.59375
11.5665551852,213,1146,240000,42.2901583333,-83.6923158333,51.0,13.7299995422,1262.0,,,,,,,,,,-2.34375,-1.5625,17.96875,8.59375
11.5665551852,213,1146,240200,42.2901583333,-83.6923158333,49.0,13.7299995422,1262.0,,,,,,,,,,-2.34375,-1.5625,17.96875,8.59375
11.5665551852,213,1146,240900,42.2901583333,-83.6923158333,49.0,21.4200000763,1440.0,,,,,,,,,,0.78125,1.5625,17.96875,8.59375
11.5665551852,213,1146,241700,42.2901583333,-83.6923158333,49.0,21.4200000763,1440.0,,,,,,,,,,0.78125,1.5625,16.40625,7.8125
11.5665551852,213,1146,242900,42.2901583333,-83.6923158333,50.0,19.6000003815,1418.0,,,,,,,,,,0.78125,1.5625,16.40625,7.8125
11.5665551852,213,1146,244000,42.2906655556,-83.6923158333,50.0,19.6000003815,1418.0,,,,,,,,,,0.78125,1.5625,16.40625,7.8125
11.5665551852,213,1146,244300,42.2906655556,-83.6923158333,51.0,19.6000003815,1418.0,,,,,,,,,,0.78125,1.5625,16.40625,7.8125
11.5665551852,213,1146,245200,42.2906655556,-83.6923158333,51.0,14.3900003433,1303.0,,,,,,,,,,0.78125,1.5625,16.40625,7.8125
11.5665551852,213,1146,245700,42.2906655556,-83.6923158333,52.0,14.3900003433,1303.0,,,,,,,,,,0.78125,1.5625,16.40625,7.8125
11.5665551852,213,1146,246000,42.2906655556,-83.6923158333,52.0,14.3900003433,1303.0,,,,,,,,,,-5.46875,-1.5625,16.40625,7.8125
11.5665551852,213,1146,246900,42.2906655556,-83.6923158333,53.0,14.3900003433,1303.0,,,,,,,,,,-5.46875,-1.5625,16.40625,7.8125
11.5665551852,213,1146,247000,42.2910602778,-83.6923205556,53.0,14.3900003433,1303.0,,,,,,,,,,-5.46875,-1.5625,16.40625,7.8125
11.5665551852,213,1146,247400,42.2910602778,-83.6923205556,53.0,8.47000026703,1208.0,,,,,,,,,,-5.46875,-1.5625,16.40625,7.8125
11.5665551852,213,1146,247900,42.2910602778,-83.6923205556,55.0,8.47000026703,1208.0,,,,,,,,,,-5.46875,-1.5625,16.40625,7.8125
11.5665551852,213,1146,249400,42.2910602778,-83.6923205556,55.0,6.69000005722,1136.0,,,,,,,,,,-5.46875,-1.5625,16.40625,7.8125
11.5665551852,213,1146,249900,42.2914941667,-83.69236,55.0,6.69000005722,1136.0,,,,,,,,,,-5.46875,-1.5625,16.40625,7.8125
11.5665551852,213,1146,250500,42.2914941667,-83.69236,56.0,6.69000005722,1136.0,,,,,,,,,,-5.46875,-1.5625,16.40625,7.8125
11.5665551852,213,1146,251400,42.2914941667,-83.69236,56.0,8.30000019073,1185.0,,,,,,,,,,-5.46875,-1.5625,16.40625,7.8125
11.5665551852,213,1146,253000,42.2919016667,-83.6923602778,56.0,8.30000019073,1185.0,,,,,,,,,,-5.46875,-1.5625,16.40625,7.8125
11.5665551852,213,1146,253100,42.2919016667,-83.6923602778,55.0,8.30000019073,1185.0,,,,,,,,,,-5.46875,-1.5625,16.40625,7.8125
11.5665551852,213,1146,253600,42.2919016667,-83.6923602778,55.0,8.63000011444,1167.0,,,,,,,,,,-5.46875,-1.5625,16.40625,7.8125
11.5665551852,213,1146,254600,42.2919016667,-83.6923602778,53.0,8.63000011444,1167.0,,,,,,,,,,-5.46875,-1.5625,16.40625,7.8125
11.5665551852,213,1146,256000,42.2923091667,-83.6923813889,52.0,8.47000026703,1122.0,,,,,,,,,,-5.46875,-1.5625,16.40625,7.8125
11.5665551852,213,1146,256600,42.2923091667,-83.6923813889,52.0,8.47000026703,1122.0,,,,,,,,,,0.0,0.0,16.40625,7.8125
11.5665551852,213,1146,257500,42.2923091667,-83.6923813889,51.0,8.47000026703,1122.0,,,,,,,,,,0.0,0.0,16.40625,7.8125
11.5665551852,213,1146,258000,42.2923091667,-83.6923813889,51.0,20.5400009155,1308.0,,,,,,,,,,0.0,0.0,16.40625,7.8125
11.5665551852,213,1146,258500,42.2923091667,-83.6923813889,50.0,20.5400009155,1308.0,,,,,,,,,,0.0,0.0,16.40625,7.8125
11.5665551852,213,1146,259000,42.2926986111,-83.6923930556,50.0,20.5400009155,1308.0,,,,,,,,,,0.0,0.0,16.40625,7.8125
11.5665551852,213,1146,260100,42.2926986111,-83.6923930556,50.0,26.9099998474,1568.0,,,,,,,,,,0.0,0.0,16.40625,7.8125
11.5665551852,213,1146,261100,42.2926986111,-83.6923930556,51.0,26.9099998474,1568.0,,,,,,,,,,0.0,0.0,16.40625,7.8125
11.5665551852,213,1146,261900,42.2930880556,-83.6924111111,51.0,26.9099998474,1568.0,,,,,,,,,,0.0,0.0,16.40625,7.8125
11.5665551852,213,1146,262000,42.2930880556,-83.6924111111,51.0,26.9099998474,1568.0,,,,,,,,,,-0.78125,0.78125,16.40625,7.8125
11.5665551852,213,1146,262600,42.2930880556,-83.6924111111,51.0,26.7399997711,1558.0,,,,,,,,,,-0.78125,0.78125,16.40625,7.8125
11.5665551852,213,1146,264000,42.2930880556,-83.6924111111,52.0,26.7399997711,1558.0,,,,,,,,,,-0.78125,0.78125,16.40625,7.8125
11.5665551852,213,1146,264600,42.2930880556,-83.6924111111,52.0,24.6399993896,1480.0,,,,,,,,,,-0.78125,0.78125,16.40625,7.8125
11.5665551852,213,1146,265000,42.293475,-83.6924130556,52.0,24.6399993896,1480.0,,,,,,,,,,-0.78125,0.78125,16.40625,7.8125
11.5665551852,213,1146,265100,42.293475,-83.6924130556,53.0,24.6399993896,1480.0,,,,,,,,,,-0.78125,0.78125,16.40625,7.8125
11.5665551852,213,1146,266500,42.293475,-83.6924130556,54.0,24.6399993896,1480.0,,,,,,,,,,-0.78125,0.78125,16.40625,7.8125
11.5665551852,213,1146,267000,42.293475,-83.6924130556,54.0,22.4799995422,1473.0,,,,,,,,,,0.0,0.0,16.40625,7.8125
11.5665551852,213,1146,267900,42.293475,-83.6924130556,55.0,22.4799995422,1473.0,,,,,,,,,,0.0,0.0,16.40625,7.8125
11.5665551852,213,1146,268000,42.2938736111,-83.692415,55.0,22.4799995422,1473.0,,,,,,,,,,0.0,0.0,16.40625,7.8125
11.5665551852,213,1146,269400,42.2938736111,-83.692415,54.0,19.8199996948,1372.0,,,,,,,,,,0.0,0.0,16.40625,7.8125
11.5665551852,213,1146,271100,42.2942808333,-83.6924183333,54.0,19.8199996948,1372.0,,,,,,,,,,0.0,0.0,16.40625,7.8125
11.5665551852,213,1146,271900,42.2942808333,-83.6924183333,54.0,16.1599998474,1371.0,,,,,,,,,,0.0,0.0,15.625,7.8125
11.5665551852,213,1146,272000,42.2942808333,-83.6924183333,54.0,16.1599998474,1371.0,,,,,,,,,,-3.90625,-3.90625,15.625,7.8125
11.5665551852,213,1146,273000,42.2942808333,-83.6924183333,53.0,16.1599998474,1371.0,,,,,,,,,,-3.90625,-3.90625,15.625,7.8125
11.5665551852,213,1146,274000,42.2942808333,-83.6924183333,53.0,15.0600004196,1297.0,,,,,,,,,,-3.90625,-3.90625,15.625,7.8125
11.5665551852,213,1146,274200,42.2942808333,-83.6924183333,54.0,15.0600004196,1297.0,,,,,,,,,,-3.90625,-3.90625,15.625,7.8125
11.5665551852,213,1146,275000,42.2948169444,-83.6924236111,54.0,15.0600004196,1297.0,,,,,,,,,,-3.90625,-3.90625,15.625,7.8125
11.5665551852,213,1146,276400,42.2948169444,-83.6924236111,54.0,7.03000020981,1143.0,,,,,,,,,,-3.90625,-3.90625,15.625,7.8125
11.5665551852,213,1146,277100,42.2948169444,-83.6924236111,54.0,7.03000020981,1143.0,,,,,,,,,,-4.6875,-2.34375,15.625,7.8125
11.5665551852,213,1146,278000,42.2952247222,-83.6924277778,54.0,7.03000020981,1143.0,,,,,,,,,,-4.6875,-2.34375,15.625,7.8125
11.5665551852,213,1146,278500,42.2952247222,-83.6924277778,54.0,6.53000020981,1114.0,,,,,,,,,,-4.6875,-2.34375,15.625,7.8125
11.5665551852,213,1146,278900,42.2952247222,-83.6924277778,53.0,6.53000020981,1114.0,,,,,,,,,,-4.6875,-2.34375,15.625,7.8125
11.5665551852,213,1146,280500,42.2952247222,-83.6924277778,53.0,9.68000030518,1162.0,,,,,,,,,,-4.6875,-2.34375,15.625,7.8125
11.5665551852,213,1146,280900,42.2956275,-83.6924252778,53.0,9.68000030518,1162.0,,,,,,,,,,-4.6875,-2.34375,15.625,7.8125
11.5665551852,213,1146,282200,42.2956275,-83.6924252778,53.0,9.68000030518,1162.0,,,,,,,,,,-0.78125,-3.125,15.625,7.8125
11.5665551852,213,1146,282700,42.2956275,-83.6924252778,53.0,9.85000038147,1160.0,,,,,,,,,,-0.78125,-3.125,15.625,7.8125
11.5665551852,213,1146,284000,42.2960225,-83.6924302778,53.0,9.85000038147,1160.0,,,,,,,,,,-0.78125,-3.125,15.625,7.8125
11.5665551852,213,1146,284700,42.2960225,-83.6924302778,53.0,9.63000011444,1160.0,,,,,,,,,,-0.78125,-3.125,15.625,7.8125
11.5665551852,213,1146,285600,42.2960225,-83.6924302778,54.0,9.63000011444,1160.0,,,,,,,,,,-0.78125,-3.125,15.625,7.8125
11.5665551852,213,1146,287000,42.2964211111,-83.6924261111,55.0,9.90999984741,1204.0,,,,,,,,,,-0.78125,-3.125,15.625,7.8125
11.5665551852,213,1146,288100,42.2964211111,-83.6924261111,57.0,9.90999984741,1204.0,,,,,,,,,,-0.78125,-3.125,15.625,7.8125
11.5665551852,213,1146,289200,42.2964211111,-83.6924261111,57.0,7.03000020981,1184.0,,,,,,,,,,-0.78125,-3.125,15.625,7.8125
11.5665551852,213,1146,290000,42.2968483333,-83.6924388889,57.0,7.03000020981,1184.0,,,,,,,,,,-0.78125,-3.125,15.625,7.8125
11.5665551852,213,1146,291600,42.2968483333,-83.6924388889,57.0,6.25,1130.0,,,,,,,,,,-0.78125,-3.125,15.625,7.8125
11.5665551852,213,1146,292900,42.2972725,-83.6924433333,57.0,6.25,1130.0,,,,,,,,,,-0.78125,-3.125,15.625,7.8125
11.5665551852,213,1146,293600,42.2972725,-83.6924433333,55.0,21.4200000763,1485.0,,,,,,,,,,-0.78125,-3.125,15.625,7.8125
11.5665551852,213,1146,294700,42.2972725,-83.6924433333,55.0,21.4200000763,1485.0,,,,,,,,,,-0.78125,-3.125,15.625,7.8125
11.5665551852,213,1146,295600,42.2972725,-83.6924433333,55.0,19.2600002289,1403.0,,,,,,,,,,-0.78125,-3.125,15.625,7.8125
11.5665551852,213,1146,296900,42.2978277778,-83.6924372222,55.0,19.2600002289,1403.0,,,,,,,,,,-0.78125,-3.125,15.625,7.8125
11.5665551852,213,1146,298100,42.2978277778,-83.6924372222,55.0,16.8299999237,1357.0,,,,,,,,,,0.0,-0.78125,15.625,7.8125
11.5665551852,213,1146,298900,42.2978277778,-83.6924372222,53.0,16.8299999237,1357.0,,,,,,,,,,0.0,-0.78125,15.625,7.8125
11.5665551852,213,1146,300000,42.2982394444,-83.6924441667,53.0,16.8299999237,1357.0,,,,,,,,,,0.0,-0.78125,15.625,7.8125
11.5665551852,213,1146,300500,42.2982394444,-83.6924441667,53.0,14.1099996567,1272.0,,,,,,,,,,0.0,-0.78125,15.625,7.8125
11.5665551852,213,1146,302000,42.2982394444,-83.6924441667,53.0,14.1099996567,1272.0,,,,,,,,,,0.0,-0.78125,17.1875,8.59375
11.5665551852,213,1146,302500,42.2982394444,-83.6924441667,52.0,13.5600004196,1251.0,,,,,,,,,,0.0,-0.78125,17.1875,8.59375
11.5665551852,213,1146,303400,42.2982394444,-83.6924441667,52.0,13.5600004196,1251.0,,,,,,,,,,-3.125,-0.78125,17.1875,8.59375
11.5665551852,213,1146,304000,42.2987825,-83.6924619444,51.0,13.5600004196,1251.0,,,,,,,,,,-3.125,-0.78125,17.1875,8.59375
11.5665551852,213,1146,304900,42.2987825,-83.6924619444,51.0,15.4399995804,1234.0,,,,,,,,,,-3.125,-0.78125,17.1875,8.59375
11.5665551852,213,1146,306700,42.2987825,-83.6924619444,53.0,15.4399995804,1234.0,,,,,,,,,,-3.125,-0.78125,17.1875,8.59375
11.5665551852,213,1146,306900,42.2991911111,-83.6924763889,53.0,15.4399995804,1234.0,,,,,,,,,,-3.125,-0.78125,17.1875,8.59375
11.5665551852,213,1146,307300,42.2991911111,-83.6924763889,53.0,15.5500001907,1242.0,,,,,,,,,,-3.125,-0.78125,17.1875,8.59375
11.5665551852,213,1146,308400,42.2991911111,-83.6924763889,53.0,15.5500001907,1242.0,,,,,,,,,,-2.34375,0.0,17.1875,8.59375
11.5665551852,213,1146,309500,42.2991911111,-83.6924763889,53.0,15.4399995804,1253.0,,,,,,,,,,-2.34375,0.0,17.1875,8.59375
11.5665551852,213,1146,309900,42.2996047222,-83.6924808333,53.0,15.4399995804,1253.0,,,,,,,,,,-2.34375,0.0,17.1875,8.59375
11.5665551852,213,1146,310300,42.2996047222,-83.6924808333,55.0,15.4399995804,1253.0,,,,,,,,,,-2.34375,0.0,17.1875,8.59375
11.5665551852,213,1146,311400,42.2996047222,-83.6924808333,56.0,15.4399995804,1253.0,,,,,,,,,,-2.34375,0.0,17.1875,8.59375
11.5665551852,213,1146,311500,42.2996047222,-83.6924808333,56.0,14.5600004196,1282.0,,,,,,,,,,-2.34375,0.0,17.1875,8.59375
11.5665551852,213,1146,313500,42.2996047222,-83.6924808333,56.0,14.5600004196,1282.0,,,,,,,,,,0.0,3.90625,17.1875,8.59375
11.5665551852,213,1146,314000,42.3001733333,-83.6924927778,56.0,14.1099996567,1283.0,,,,,,,,,,0.0,3.90625,17.1875,8.59375
11.5665551852,213,1146,315400,42.3001733333,-83.6924927778,57.0,14.1099996567,1283.0,,,,,,,,,,0.0,3.90625,17.1875,8.59375
11.5665551852,213,1146,316200,42.3001733333,-83.6924927778,57.0,9.96000003815,1261.0,,,,,,,,,,0.0,3.90625,17.1875,8.59375
11.5665551852,213,1146,317000,42.3006180556,-83.6925108333,57.0,9.96000003815,1261.0,,,,,,,,,,0.0,3.90625,17.1875,8.59375
11.5665551852,213,1146,317900,42.3006180556,-83.6925108333,58.0,9.96000003815,1261.0,,,,,,,,,,0.0,3.90625,17.1875,8.59375
11.5665551852,213,1146,318400,42.3006180556,-83.6925108333,58.0,10.0699996948,1260.0,,,,,,,,,,0.0,3.90625,17.1875,8.59375
11.5665551852,213,1146,318600,42.3006180556,-83.6925108333,58.0,10.0699996948,1260.0,,,,,,,,,,0.78125,-2.34375,17.1875,8.59375
11.5665551852,213,1146,319300,42.3006180556,-83.6925108333,59.0,10.0699996948,1260.0,,,,,,,,,,0.78125,-2.34375,17.1875,8.59375
11.5665551852,213,1146,319900,42.3010783333,-83.6925322222,59.0,10.0699996948,1260.0,,,,,,,,,,0.78125,-2.34375,17.1875,8.59375
11.5665551852,213,1146,320700,42.3010783333,-83.6925322222,59.0,10.0699996948,1292.0,,,,,,,,,,0.78125,-2.34375,17.1875,8.59375
11.5665551852,213,1146,320800,42.3010783333,-83.6925322222,59.0,11.3999996185,1292.0,,,,,,,,,,0.78125,-2.34375,17.1875,8.59375
11.5665551852,213,1146,322200,42.3010783333,-83.6925322222,60.0,11.3999996185,1292.0,,,,,,,,,,0.78125,-2.34375,17.1875,8.59375
11.5665551852,213,1146,322700,42.3010783333,-83.6925322222,60.0,11.5100002289,1294.0,,,,,,,,,,0.78125,-2.34375,17.1875,8.59375
11.5665551852,213,1146,323000,42.3015294444,-83.6925302778,60.0,11.5100002289,1294.0,,,,,,,,,,0.78125,-2.34375,17.1875,8.59375
11.5665551852,213,1146,323200,42.3015294444,-83.6925302778,59.0,11.5100002289,1294.0,,,,,,,,,,0.78125,-2.34375,17.1875,8.59375
11.5665551852,213,1146,323900,42.3015294444,-83.6925302778,59.0,11.5100002289,1294.0,,,,,,,,,,0.0,1.5625,17.1875,8.59375
11.5665551852,213,1146,324800,42.3015294444,-83.6925302778,59.0,11.6800003052,1277.0,,,,,,,,,,0.0,1.5625,17.1875,8.59375
11.5665551852,213,1146,325800,42.3015294444,-83.6925302778,58.0,11.6800003052,1277.0,,,,,,,,,,0.0,1.5625,17.1875,8.59375
11.5665551852,213,1146,326000,42.3019769444,-83.6925275,58.0,11.6800003052,1277.0,,,,,,,,,,0.0,1.5625,17.1875,8.59375
11.5665551852,213,1146,327200,42.3019769444,-83.6925275,58.0,11.2399997711,1267.0,,,,,,,,,,0.0,1.5625,17.1875,8.59375
11.5665551852,213,1146,328600,42.3019769444,-83.6925275,57.0,11.2399997711,1267.0,,,,,,,,,,0.0,1.5625,17.1875,8.59375
11.5665551852,213,1146,328900,42.3019769444,-83.6925275,57.0,11.2399997711,1267.0,,,,,,,,,,2.34375,0.0,17.1875,8.59375
11.5665551852,213,1146,329000,42.3024244444,-83.6925422222,57.0,11.2399997711,1267.0,,,,,,,,,,2.34375,0.0,17.1875,8.59375
11.5665551852,213,1146,329300,42.3024244444,-83.6925422222,57.0,11.0699996948,1243.0,,,,,,,,,,2.34375,0.0,17.1875,8.59375
11.5665551852,213,1146,331200,42.3024244444,-83.6925422222,56.0,11.0699996948,1243.0,,,,,,,,,,2.34375,0.0,17.1875,8.59375
11.5665551852,213,1146,331800,42.3024244444,-83.6925422222,56.0,11.1199998856,1236.0,,,,,,,,,,2.34375,0.0,17.1875,8.59375
11.5665551852,213,1146,332000,42.3024244444,-83.6925422222,56.0,11.1199998856,1236.0,,,,,,,,,,2.34375,0.0,17.1875,6.25
11.5665551852,213,1146,333000,42.3030102778,-83.6925725,56.0,11.1199998856,1236.0,,,,,,,,,,2.34375,0.0,17.1875,6.25
11.5665551852,213,1146,334100,42.3030102778,-83.6925725,55.0,18.1000003815,1404.0,,,,,,,,,,2.34375,0.0,17.1875,6.25
11.5665551852,213,1146,335200,42.3030102778,-83.6925725,54.0,18.1000003815,1404.0,,,,,,,,,,2.34375,0.0,17.1875,6.25
11.5665551852,213,1146,335900,42.3034294444,-83.692585,54.0,18.1000003815,1404.0,,,,,,,,,,2.34375,0.0,17.1875,6.25
11.5665551852,213,1146,336300,42.3034294444,-83.692585,54.0,18.1000003815,1374.0,,,,,,,,,,2.34375,0.0,17.1875,6.25
11.5665551852,213,1146,337700,42.3034294444,-83.692585,53.0,18.1000003815,1374.0,,,,,,,,,,2.34375,0.0,17.1875,6.25
11.5665551852,213,1146,338600,42.3034294444,-83.692585,53.0,6.96999979019,1062.0,,,,,,,,,,2.34375,0.0,17.1875,6.25
11.5665551852,213,1146,339000,42.3038233333,-83.6925930556,53.0,6.96999979019,1062.0,,,,,,,,,,2.34375,0.0,17.1875,6.25
11.5665551852,213,1146,339100,42.3038233333,-83.6925930556,51.0,6.96999979019,1062.0,,,,,,,,,,-3.125,0.0,17.1875,6.25
11.5665551852,213,1146,339300,42.3038233333,-83.6925930556,51.0,6.96999979019,1062.0,,,,,,,,,,-3.125,-0.78125,17.1875,6.25
11.5665551852,213,1146,340300,42.3038233333,-83.6925930556,46.0,6.96999979019,1062.0,,,,,,,,,,-3.125,-0.78125,17.1875,6.25
11.5665551852,213,1146,340800,42.3038233333,-83.6925930556,46.0,5.98000001907,973.0,,,,,,,,,,-3.125,-0.78125,17.1875,6.25
11.5665551852,213,1146,341400,42.3038233333,-83.6925930556,41.0,5.98000001907,973.0,,,,,,,,,,-3.125,-0.78125,17.1875,6.25
11.5665551852,213,1146,342000,42.3041630556,-83.6926016667,41.0,5.98000001907,973.0,,,,,,,,,,-3.125,-0.78125,17.1875,6.25
11.5665551852,213,1146,342800,42.3041630556,-83.6926016667,41.0,5.53000020981,889.0,,,,,,,,,,-3.125,-0.78125,17.1875,6.25
11.5665551852,213,1146,343900,42.3041630556,-83.6926016667,40.0,5.53000020981,889.0,,,,,,,,,,-3.125,-0.78125,17.1875,6.25
11.5665551852,213,1146,344500,42.3041630556,-83.6926016667,40.0,5.53000020981,889.0,,,,,,,,,,0.78125,1.5625,17.1875,6.25
11.5665551852,213,1146,345000,42.3041630556,-83.6926016667,40.0,7.13999986649,1033.0,,,,,,,,,,0.78125,1.5625,17.1875,6.25
11.5665551852,213,1146,346000,42.3045666667,-83.6926347222,40.0,7.13999986649,1033.0,,,,,,,,,,0.78125,1.5625,17.1875,6.25
11.5665551852,213,1146,347300,42.3045666667,-83.6926347222,40.0,11.2399997711,1022.0,,,,,,,,,,0.78125,1.5625,17.1875,6.25
11.5665551852,213,1146,348800,42.3045666667,-83.6926347222,41.0,11.2399997711,1022.0,,,,,,,,,,0.78125,1.5625,17.1875,6.25
11.5665551852,213,1146,349000,42.3048561111,-83.6927147222,41.0,11.2399997711,1022.0,,,,,,,,,,0.78125,1.5625,17.1875,6.25
11.5665551852,213,1146,349400,42.3048561111,-83.6927147222,41.0,16.4400005341,1216.0,,,,,,,,,,0.78125,1.5625,17.1875,6.25
11.5665551852,213,1146,349600,42.3048561111,-83.6927147222,41.0,16.4400005341,1216.0,,,,,,,,,,-2.34375,-3.90625,17.1875,6.25
11.5665551852,213,1146,351600,42.3048561111,-83.6927147222,42.0,25.9599990845,1322.0,,,,,,,,,,-2.34375,-3.90625,17.1875,6.25
