DayNum,VehId,Trip,Timestamp(ms),Latitude[deg],Longitude[deg],Vehicle Speed[km/h],MAF[g/sec],Engine RPM[RPM],Absolute Load[%],OAT[DegC],Fuel Rate[L/hr],Air Conditioning Power[kW],Air Conditioning Power[Watts],Heater Power[Watts],HV Battery Current[A],HV Battery SOC[%],HV Battery Voltage[V],Short Term Fuel Trim Bank 1[%],Short Term Fuel Trim Bank 2[%],Long Term Fuel Trim Bank 1[%],Long Term Fuel Trim Bank 2[%]
174.892240046,386,1165,0,42.2748166667,-83.6741691667,56.0,21.2000007629,2688.0,54.1176490784,15.0,,,,,,,,-3.125,,1.5625,
174.892240046,386,1165,1400,42.2748166667,-83.6741691667,57.0,32.0600013733,3481.0,54.1176490784,15.0,,,,,,,,-3.125,,1.5625,
174.892240046,386,1165,2400,42.2748166667,-83.6741691667,69.0,32.0600013733,3481.0,54.1176490784,15.0,,,,,,,,-3.125,,1.5625,
174.892240046,386,1165,3100,42.2752683333,-83.6744844444,69.0,32.0600013733,3481.0,54.1176490784,15.0,,,,,,,,-3.125,,1.5625,
174.892240046,386,1165,3500,42.2752683333,-83.6744844444,75.0,38.9000015259,3417.0,74.9019622803,15.0,,,,,,,,-3.125,,1.5625,
174.892240046,386,1165,4500,42.2752683333,-83.6744844444,77.0,38.9000015259,3417.0,74.9019622803,15.0,,,,,,,,-3.125,,1.5625,
174.892240046,386,1165,5100,42.2752683333,-83.6744844444,77.0,38.9000015259,3417.0,74.9019622803,15.0,,,,,,,,2.34375,,1.5625,
174.892240046,386,1165,5600,42.2752683333,-83.6744844444,81.0,42.4799995422,3665.0,74.9019622803,15.0,,,,,,,,2.34375,,1.5625,
174.892240046,386,1165,6000,42.2758075,-83.6748633333,81.0,42.4799995422,3665.0,74.9019622803,15.0,,,,,,,,2.34375,,1.5625,
174.892240046,386,1165,6900,42.2758075,-83.6748633333,86.0,42.4799995422,3665.0,74.9019622803,15.0,,,,,,,,2.34375,,1.5625,
174.892240046,386,1165,8000,42.2758075,-83.6748633333,94.0,45.7000007629,3881.0,74.9019622803,15.0,,,,,,,,2.34375,,1.5625,
174.892240046,386,1165,9000,42.2764691667,-83.67529,98.0,45.7000007629,3881.0,78.4313735962,15.0,,,,,,,,2.34375,,1.5625,
174.892240046,386,1165,10000,42.2764691667,-83.67529,99.0,47.8100013733,4064.0,78.4313735962,15.0,,,,,,,,2.34375,,1.5625,
174.892240046,386,1165,10600,42.2764691667,-83.67529,99.0,47.8100013733,4064.0,78.4313735962,15.0,,,,,,,,0.0,,1.5625,
174.892240046,386,1165,11400,42.2764691667,-83.67529,103.0,47.8100013733,4064.0,78.4313735962,15.0,,,,,,,,0.0,,1.5625,
174.892240046,386,1165,12000,42.2771641667,-83.6757091667,103.0,49.2599983215,3083.0,78.4313735962,15.0,,,,,,,,0.0,,1.5625,
174.892240046,386,1165,12800,42.2771641667,-83.6757091667,107.0,49.2599983215,3083.0,78.4313735962,15.0,,,,,,,,0.0,,1.5625,
174.892240046,386,1165,13800,42.2771641667,-83.6757091667,106.0,49.2599983215,3083.0,78.4313735962,15.0,,,,,,,,0.0,,1.5625,
174.892240046,386,1165,14000,42.2771641667,-83.6757091667,106.0,28.1800003052,2650.0,70.1960830688,15.0,,,,,,,,0.0,,1.5625,
174.892240046,386,1165,14800,42.2771641667,-83.6757091667,108.0,28.1800003052,2650.0,70.1960830688,15.0,,,,,,,,0.0,,1.5625,
174.892240046,386,1165,15900,42.2771641667,-83.6757091667,108.0,28.1800003052,2650.0,70.1960830688,15.0,,,,,,,,-3.125,,1.5625,
174.892240046,386,1165,16000,42.2771641667,-83.6757091667,108.0,28.3199996948,2621.0,70.1960830688,15.0,,,,,,,,-3.125,,1.5625,
174.892240046,386,1165,16100,42.2782205556,-83.6759277778,108.0,28.3199996948,2621.0,70.1960830688,15.0,,,,,,,,-3.125,,1.5625,
174.892240046,386,1165,18300,42.2782205556,-83.6759277778,108.0,30.1000003815,2720.0,70.1960830688,15.0,,,,,,,,-3.125,,1.5625,
174.892240046,386,1165,19000,42.2782205556,-83.6759277778,108.0,30.1000003815,2720.0,76.4705886841,15.0,,,,,,,,-3.125,,1.5625,
174.892240046,386,1165,19100,42.2790394444,-83.6759738889,108.0,30.1000003815,2720.0,76.4705886841,15.0,,,,,,,,-3.125,,1.5625,
174.892240046,386,1165,19500,42.2790394444,-83.6759738889,110.0,30.1000003815,2720.0,76.4705886841,15.0,,,,,,,,-3.125,,1.5625,
174.892240046,386,1165,20600,42.2790394444,-83.6759738889,111.0,43.0999984741,3776.0,76.4705886841,15.0,,,,,,,,-3.125,,1.5625,
174.892240046,386,1165,20900,42.2790394444,-83.6759738889,111.0,43.0999984741,3776.0,76.4705886841,15.0,,,,,,,,-1.5625,,1.5625,
174.892240046,386,1165,21700,42.2790394444,-83.6759738889,115.0,43.0999984741,3776.0,76.4705886841,15.0,,,,,,,,-1.5625,,1.5625,
174.892240046,386,1165,22100,42.2798927778,-83.6760247222,115.0,43.0999984741,3776.0,76.4705886841,15.0,,,,,,,,-1.5625,,1.5625,
174.892240046,386,1165,22800,42.2798927778,-83.6760247222,117.0,46.6800003052,3971.0,76.4705886841,15.0,,,,,,,,-1.5625,,1.5625,
174.892240046,386,1165,24200,42.2798927778,-83.6760247222,120.0,46.6800003052,3971.0,74.509803772,15.0,,,,,,,,-1.5625,,1.5625,
174.892240046,386,1165,25200,42.2798927778,-83.6760247222,120.0,50.0299987793,4224.0,74.509803772,15.0,,,,,,,,-1.5625,,1.5625,
174.892240046,386,1165,26100,42.2810941667,-83.6760705556,120.0,50.0299987793,4224.0,74.509803772,15.0,,,,,,,,-1.5625,,1.5625,
174.892240046,386,1165,26200,42.2810941667,-83.6760705556,122.0,50.0299987793,4224.0,74.509803772,15.0,,,,,,,,0.0,,1.5625,
174.892240046,386,1165,27300,42.2810941667,-83.6760705556,123.0,51.2900009155,4448.0,74.509803772,15.0,,,,,,,,0.0,,1.5625,
174.892240046,386,1165,28300,42.2810941667,-83.6760705556,124.0,51.2900009155,4448.0,74.509803772,15.0,,,,,,,,0.0,,1.5625,
174.892240046,386,1165,29100,42.2820344444,-83.6761002778,124.0,51.2900009155,4448.0,74.509803772,15.0,,,,,,,,0.0,,1.5625,
174.892240046,386,1165,29700,42.2820344444,-83.6761002778,128.0,35.8899993896,4256.0,58.0392150879,15.0,,,,,,,,0.0,,1.5625,
174.892240046,386,1165,30700,42.2820344444,-83.6761002778,126.0,35.8899993896,4256.0,58.0392150879,15.0,,,,,,,,0.0,,1.5625,
174.892240046,386,1165,31800,42.2820344444,-83.6761002778,123.0,13.3199996948,1344.0,58.0392150879,15.0,,,,,,,,-1.5625,,1.5625,
174.892240046,386,1165,32100,42.2829708333,-83.6761266667,123.0,13.3199996948,1344.0,58.0392150879,15.0,,,,,,,,-1.5625,,1.5625,
174.892240046,386,1165,33800,42.2829708333,-83.6761266667,121.0,13.6199998856,1408.0,58.0392150879,15.0,,,,,,,,-1.5625,,1.5625,
174.892240046,386,1165,35200,42.2829708333,-83.6761266667,118.0,13.6199998856,1408.0,65.490196228,15.0,,,,,,,,-1.5625,,1.5625,
174.892240046,386,1165,36100,42.2841633333,-83.6761602778,118.0,13.6199998856,1408.0,65.490196228,15.0,,,,,,,,-1.5625,,1.5625,
174.892240046,386,1165,36200,42.2841633333,-83.6761602778,117.0,22.9500007629,2112.0,65.490196228,15.0,,,,,,,,-1.5625,,1.5625,
174.892240046,386,1165,37300,42.2841633333,-83.6761602778,118.0,22.9500007629,2112.0,65.490196228,15.0,,,,,,,,0.0,,1.5625,
174.892240046,386,1165,39100,42.2850569444,-83.6761802778,119.0,32.7099990845,3091.0,65.490196228,15.0,,,,,,,,0.0,,1.5625,
174.892240046,386,1165,39800,42.2850569444,-83.6761802778,119.0,32.7099990845,3091.0,65.490196228,15.0,,,,,,,,0.0,,2.34375,
174.892240046,386,1165,40600,42.2850569444,-83.6761802778,121.0,32.7099990845,3091.0,71.7647094727,15.0,,,,,,,,0.0,,2.34375,
174.892240046,386,1165,41100,42.2850569444,-83.6761802778,121.0,32.4000015259,3119.0,71.7647094727,15.0,,,,,,,,0.0,,2.34375,
174.892240046,386,1165,42000,42.2859691667,-83.6762291667,121.0,32.4000015259,3119.0,71.7647094727,15.0,,,,,,,,0.0,,2.34375,
174.892240046,386,1165,42300,42.2859691667,-83.6762291667,121.0,32.4000015259,3119.0,71.7647094727,15.0,,,,,,,,-2.34375,,2.34375,
174.892240046,386,1165,43000,42.2859691667,-83.6762291667,123.0,32.4000015259,3119.0,71.7647094727,15.0,,,,,,,,-2.34375,,2.34375,
174.892240046,386,1165,43100,42.2859691667,-83.6762291667,123.0,33.1199989319,3121.0,71.7647094727,15.0,,,,,,,,-2.34375,,2.34375,
174.892240046,386,1165,45000,42.2859691667,-83.6762291667,126.0,33.1199989319,3121.0,71.7647094727,15.0,,,,,,,,-2.34375,,2.34375,
174.892240046,386,1165,45600,42.2859691667,-83.6762291667,126.0,32.3400001526,3168.0,67.8431396484,15.0,,,,,,,,-2.34375,,2.34375,
174.892240046,386,1165,46000,42.2871977778,-83.6764408333,126.0,32.3400001526,3168.0,67.8431396484,15.0,,,,,,,,-2.34375,,2.34375,
174.892240046,386,1165,47100,42.2871977778,-83.6764408333,124.0,32.3400001526,3168.0,67.8431396484,15.0,,,,,,,,-2.34375,,2.34375,
174.892240046,386,1165,47700,42.2871977778,-83.6764408333,124.0,2.21000003815,1248.0,67.8431396484,15.0,,,,,,,,-1.5625,,2.34375,
174.892240046,386,1165,48100,42.2871977778,-83.6764408333,123.0,2.21000003815,1248.0,67.8431396484,15.0,,,,,,,,-1.5625,,2.34375,
174.892240046,386,1165,49000,42.2880983333,-83.67674,123.0,2.21000003815,1248.0,67.8431396484,15.0,,,,,,,,-1.5625,,2.34375,
174.892240046,386,1165,49200,42.2880983333,-83.67674,121.0,2.21000003815,1248.0,67.8431396484,15.0,,,,,,,,-1.5625,,2.34375,
174.892240046,386,1165,49800,42.2880983333,-83.67674,121.0,3.23000001907,1120.0,67.8431396484,15.0,,,,,,,,-1.5625,,2.34375,
174.892240046,386,1165,51100,42.2880983333,-83.67674,121.0,3.23000001907,1120.0,19.607843399,15.0,,,,,,,,-1.5625,,2.34375,
174.892240046,386,1165,51300,42.2880983333,-83.67674,120.0,3.23000001907,1120.0,19.607843399,15.0,,,,,,,,-1.5625,,2.34375,
174.892240046,386,1165,52100,42.2889533333,-83.6771261111,120.0,3.23000001907,1120.0,19.607843399,15.0,,,,,,,,-1.5625,,2.34375,
174.892240046,386,1165,52200,42.2889533333,-83.6771261111,120.0,3.11999988556,1058.0,19.607843399,15.0,,,,,,,,-1.5625,,2.34375,
174.892240046,386,1165,52400,42.2889533333,-83.6771261111,119.0,3.11999988556,1058.0,19.607843399,15.0,,,,,,,,-1.5625,,2.34375,
174.892240046,386,1165,53200,42.2889533333,-83.6771261111,119.0,3.11999988556,1058.0,19.607843399,15.0,,,,,,,,0.0,,2.34375,
174.892240046,386,1165,53500,42.2889533333,-83.6771261111,118.0,3.11999988556,1058.0,19.607843399,15.0,,,,,,,,0.0,,2.34375,
174.892240046,386,1165,54400,42.2889533333,-83.6771261111,118.0,15.9200000763,2240.0,19.607843399,15.0,,,,,,,,0.0,,2.34375,
174.892240046,386,1165,54500,42.2889533333,-83.6771261111,117.0,15.9200000763,2240.0,19.607843399,15.0,,,,,,,,0.0,,2.34375,
174.892240046,386,1165,55000,42.2897638889,-83.6775955556,117.0,15.9200000763,2240.0,19.607843399,15.0,,,,,,,,0.0,,2.34375,
174.892240046,386,1165,56100,42.2897638889,-83.6775955556,117.0,15.9200000763,2240.0,51.764705658,15.0,,,,,,,,0.0,,2.34375,
174.892240046,386,1165,56500,42.2897638889,-83.6775955556,117.0,17.7299995422,2240.0,51.764705658,15.0,,,,,,,,0.0,,2.34375,
174.892240046,386,1165,57200,42.2897638889,-83.6775955556,119.0,17.7299995422,2240.0,51.764705658,15.0,,,,,,,,0.0,,2.34375,
174.892240046,386,1165,58000,42.2905494444,-83.6781683333,119.0,17.7299995422,2240.0,51.764705658,15.0,,,,,,,,0.0,,2.34375,
174.892240046,386,1165,58300,42.2905494444,-83.6781683333,119.0,17.7299995422,2240.0,51.764705658,15.0,,,,,,,,0.78125,,2.34375,
174.892240046,386,1165,58500,42.2905494444,-83.6781683333,119.0,43.7799987793,3833.0,51.764705658,15.0,,,,,,,,0.78125,,2.34375,
174.892240046,386,1165,59200,42.2905494444,-83.6781683333,122.0,43.7799987793,3833.0,51.764705658,15.0,,,,,,,,0.78125,,2.34375,
174.892240046,386,1165,60500,42.2905494444,-83.6781683333,122.0,2.34999990463,1052.0,51.764705658,15.0,,,,,,,,0.78125,,2.34375,
174.892240046,386,1165,61100,42.2913094444,-83.6788516667,122.0,2.34999990463,1052.0,51.764705658,15.0,,,,,,,,0.78125,,2.34375,
174.892240046,386,1165,61200,42.2913094444,-83.6788516667,122.0,2.34999990463,1052.0,17.254901886,15.0,,,,,,,,0.78125,,2.34375,
174.892240046,386,1165,61700,42.2913094444,-83.6788516667,121.0,2.34999990463,1052.0,17.254901886,15.0,,,,,,,,0.78125,,2.34375,
174.892240046,386,1165,62800,42.2913094444,-83.6788516667,120.0,2.25999999046,1024.0,17.254901886,15.0,,,,,,,,0.78125,,2.34375,
174.892240046,386,1165,63800,42.2913094444,-83.6788516667,118.0,2.25999999046,1024.0,17.254901886,15.0,,,,,,,,-14.84375,,2.34375,
174.892240046,386,1165,64100,42.2920369444,-83.6796141667,118.0,2.25999999046,1024.0,17.254901886,15.0,,,,,,,,-14.84375,,2.34375,
174.892240046,386,1165,64800,42.2920369444,-83.6796141667,117.0,2.21000003815,992.0,17.254901886,15.0,,,,,,,,-14.84375,,2.34375,
174.892240046,386,1165,66400,42.2920369444,-83.6796141667,117.0,2.21000003815,992.0,42.745098114,15.0,,,,,,,,-14.84375,,2.34375,
174.892240046,386,1165,67200,42.2920369444,-83.6796141667,115.0,13.1999998093,1760.0,42.745098114,15.0,,,,,,,,-14.84375,,2.34375,
174.892240046,386,1165,68100,42.2929055556,-83.6806477778,115.0,13.1999998093,1760.0,42.745098114,15.0,,,,,,,,-14.84375,,2.34375,
174.892240046,386,1165,69300,42.2929055556,-83.6806477778,115.0,14.7600002289,1914.0,42.745098114,15.0,,,,,,,,0.0,,2.34375,
174.892240046,386,1165,71000,42.2935558333,-83.6814269444,115.0,14.7600002289,1914.0,42.745098114,15.0,,,,,,,,0.0,,2.34375,
174.892240046,386,1165,71300,42.2935558333,-83.6814269444,115.0,29.25,3360.0,42.745098114,15.0,,,,,,,,0.0,,2.34375,
174.892240046,386,1165,71400,42.2935558333,-83.6814269444,116.0,29.25,3360.0,42.745098114,15.0,,,,,,,,0.0,,2.34375,
174.892240046,386,1165,72000,42.2935558333,-83.6814269444,116.0,29.25,3360.0,58.8235321045,15.0,,,,,,,,0.0,,2.34375,
174.892240046,386,1165,73300,42.2935558333,-83.6814269444,116.0,19.3099994659,2380.0,58.8235321045,15.0,,,,,,,,0.0,,2.34375,
174.892240046,386,1165,73500,42.2935558333,-83.6814269444,115.0,19.3099994659,2380.0,58.8235321045,15.0,,,,,,,,0.0,,2.34375,
174.892240046,386,1165,74000,42.2942141667,-83.6822052778,115.0,19.3099994659,2380.0,58.8235321045,15.0,,,,,,,,0.0,,2.34375,
174.892240046,386,1165,74400,42.2942141667,-83.6822052778,115.0,19.3099994659,2380.0,58.8235321045,15.0,,,,,,,,0.78125,,2.34375,
174.892240046,386,1165,74600,42.2942141667,-83.6822052778,117.0,19.3099994659,2380.0,58.8235321045,15.0,,,,,,,,0.78125,,2.34375,
174.892240046,386,1165,75400,42.2942141667,-83.6822052778,117.0,17.7800006866,2249.0,58.8235321045,15.0,,,,,,,,0.78125,,2.34375,
174.892240046,386,1165,75600,42.2942141667,-83.6822052778,116.0,17.7800006866,2249.0,58.8235321045,15.0,,,,,,,,0.78125,,2.34375,
174.892240046,386,1165,77100,42.2948794444,-83.6829866667,116.0,17.7800006866,2249.0,58.8235321045,15.0,,,,,,,,0.78125,,2.34375,
174.892240046,386,1165,77500,42.2948794444,-83.6829866667,116.0,17.6200008392,2232.0,52.9411773682,15.0,,,,,,,,0.78125,,2.34375,
174.892240046,386,1165,78000,42.2948794444,-83.6829866667,117.0,17.6200008392,2232.0,52.9411773682,15.0,,,,,,,,0.78125,,2.34375,
174.892240046,386,1165,79100,42.2948794444,-83.6829866667,116.0,17.6200008392,2232.0,52.9411773682,15.0,,,,,,,,0.78125,,2.34375,
174.892240046,386,1165,79400,42.2948794444,-83.6829866667,116.0,17.6200008392,2232.0,52.9411773682,15.0,,,,,,,,1.5625,,2.34375,
174.892240046,386,1165,79900,42.2948794444,-83.6829866667,116.0,41.8400001526,3936.0,52.9411773682,15.0,,,,,,,,1.5625,,2.34375,
174.892240046,386,1165,80100,42.2955444444,-83.6837488889,119.0,41.8400001526,3936.0,52.9411773682,15.0,,,,,,,,1.5625,,2.34375,
174.892240046,386,1165,81100,42.2955444444,-83.6837488889,122.0,41.8400001526,3936.0,52.9411773682,15.0,,,,,,,,1.5625,,2.34375,
174.892240046,386,1165,82000,42.2955444444,-83.6837488889,122.0,24.5100002289,3268.0,52.9411773682,15.0,,,,,,,,1.5625,,2.34375,
174.892240046,386,1165,82200,42.2955444444,-83.6837488889,123.0,24.5100002289,3268.0,52.9411773682,15.0,,,,,,,,1.5625,,2.34375,
174.892240046,386,1165,83000,42.2955444444,-83.6837488889,123.0,24.5100002289,3268.0,65.0980377197,15.0,,,,,,,,1.5625,,2.34375,
174.892240046,386,1165,83600,42.2955444444,-83.6837488889,122.0,24.5100002289,3268.0,65.0980377197,15.0,,,,,,,,1.5625,,2.34375,
174.892240046,386,1165,84100,42.296535,-83.6846891667,122.0,24.5100002289,3268.0,65.0980377197,15.0,,,,,,,,1.5625,,2.34375,
174.892240046,386,1165,84400,42.296535,-83.6846891667,122.0,10.5900001526,1332.0,65.0980377197,15.0,,,,,,,,-4.6875,,2.34375,
174.892240046,386,1165,85600,42.296535,-83.6846891667,120.0,10.5900001526,1332.0,65.0980377197,15.0,,,,,,,,-4.6875,,2.34375,
174.892240046,386,1165,86400,42.296535,-83.6846891667,120.0,2.18000006676,1054.0,65.0980377197,15.0,,,,,,,,-4.6875,,2.34375,
174.892240046,386,1165,87000,42.2973166667,-83.6852811111,120.0,2.18000006676,1054.0,65.0980377197,15.0,,,,,,,,-4.6875,,2.34375,
174.892240046,386,1165,87700,42.2973166667,-83.6852811111,117.0,2.18000006676,1054.0,65.0980377197,15.0,,,,,,,,-4.6875,,2.34375,
174.892240046,386,1165,88500,42.2973166667,-83.6852811111,117.0,3.18000006676,983.0,21.5686283112,15.0,,,,,,,,-4.6875,,2.34375,
174.892240046,386,1165,89100,42.2973166667,-83.6852811111,114.0,3.18000006676,983.0,21.5686283112,15.0,,,,,,,,-4.6875,,2.34375,
174.892240046,386,1165,89500,42.2973166667,-83.6852811111,114.0,3.18000006676,983.0,21.5686283112,15.0,,,,,,,,0.0,,2.34375,
174.892240046,386,1165,90100,42.2980877778,-83.6857755556,114.0,3.18000006676,983.0,21.5686283112,15.0,,,,,,,,0.0,,2.34375,
174.892240046,386,1165,90200,42.2980877778,-83.6857755556,111.0,3.18000006676,983.0,21.5686283112,15.0,,,,,,,,0.0,,2.34375,
174.892240046,386,1165,90500,42.2980877778,-83.6857755556,111.0,3.18000006676,992.0,21.5686283112,15.0,,,,,,,,0.0,,2.34375,
174.892240046,386,1165,90600,42.2980877778,-83.6857755556,111.0,2.45000004768,992.0,21.5686283112,15.0,,,,,,,,0.0,,2.34375,
174.892240046,386,1165,92300,42.2980877778,-83.6857755556,109.0,2.45000004768,992.0,21.5686283112,15.0,,,,,,,,0.0,,2.34375,
174.892240046,386,1165,92600,42.2980877778,-83.6857755556,109.0,12.5100002289,1662.0,21.5686283112,15.0,,,,,,,,0.0,,2.34375,
174.892240046,386,1165,93100,42.298865,-83.6861763889,109.0,12.5100002289,1662.0,21.5686283112,15.0,,,,,,,,0.0,,2.34375,
174.892240046,386,1165,93500,42.298865,-83.6861763889,109.0,12.5100002289,1662.0,45.0980415344,15.0,,,,,,,,0.0,,2.34375,
174.892240046,386,1165,94900,42.298865,-83.6861763889,108.0,22.3500003815,2722.0,45.0980415344,15.0,,,,,,,,0.0,,2.34375,
174.892240046,386,1165,95900,42.298865,-83.6861763889,109.0,22.3500003815,2722.0,45.0980415344,15.0,,,,,,,,0.0,,2.34375,
174.892240046,386,1165,96000,42.2996569444,-83.6864841667,109.0,22.3500003815,2722.0,45.0980415344,15.0,,,,,,,,0.0,,2.34375,
174.892240046,386,1165,96900,42.2996569444,-83.6864841667,110.0,12.6000003815,1782.0,45.0980415344,15.0,,,,,,,,0.0,,2.34375,
174.892240046,386,1165,98800,42.2996569444,-83.6864841667,110.0,12.6000003815,1782.0,14.509803772,15.0,,,,,,,,0.0,,2.34375,
174.892240046,386,1165,98900,42.2996569444,-83.6864841667,110.0,2.25999999046,1024.0,14.509803772,15.0,,,,,,,,0.0,,2.34375,
174.892240046,386,1165,99000,42.3004575,-83.6866877778,108.0,2.25999999046,1024.0,14.509803772,15.0,,,,,,,,0.0,,2.34375,
174.892240046,386,1165,99100,42.3004575,-83.6866877778,108.0,2.25999999046,1024.0,14.509803772,14.0,,,,,,,,0.0,,2.34375,
174.892240046,386,1165,99900,42.3004575,-83.6866877778,108.0,2.25999999046,1024.0,14.509803772,14.0,,,,,,,,0.0,,0.78125,
174.892240046,386,1165,100600,42.3004575,-83.6866877778,104.0,2.25999999046,1024.0,14.509803772,14.0,,,,,,,,0.0,,0.78125,
174.892240046,386,1165,101100,42.3004575,-83.6866877778,104.0,2.18000006676,915.0,14.509803772,14.0,,,,,,,,0.0,,0.78125,
174.892240046,386,1165,102100,42.301235,-83.6867872222,104.0,2.18000006676,915.0,14.509803772,14.0,,,,,,,,0.0,,0.78125,
174.892240046,386,1165,102700,42.301235,-83.6867872222,100.0,2.18000006676,915.0,14.509803772,14.0,,,,,,,,0.0,,0.78125,
174.892240046,386,1165,103500,42.301235,-83.6867872222,100.0,2.17000007629,985.0,14.509803772,14.0,,,,,,,,0.0,,0.78125,
174.892240046,386,1165,103700,42.301235,-83.6867872222,99.0,2.17000007629,985.0,14.509803772,14.0,,,,,,,,0.0,,0.78125,
174.892240046,386,1165,103800,42.301235,-83.6867872222,99.0,2.17000007629,985.0,14.9019613266,14.0,,,,,,,,0.0,,0.78125,
174.892240046,386,1165,104800,42.301235,-83.6867872222,97.0,2.17000007629,985.0,14.9019613266,14.0,,,,,,,,0.0,,0.78125,
174.892240046,386,1165,105600,42.301235,-83.6867872222,97.0,2.15000009537,985.0,14.9019613266,14.0,,,,,,,,0.0,,0.78125,
174.892240046,386,1165,106100,42.3022158333,-83.6868191667,97.0,2.15000009537,985.0,14.9019613266,14.0,,,,,,,,0.0,,0.78125,
174.892240046,386,1165,106200,42.3022158333,-83.6868191667,96.0,2.15000009537,985.0,14.9019613266,14.0,,,,,,,,0.0,,0.78125,
174.892240046,386,1165,107200,42.3022158333,-83.6868191667,94.0,2.15000009537,985.0,14.9019613266,14.0,,,,,,,,0.0,,0.78125,
174.892240046,386,1165,108000,42.3022158333,-83.6868191667,94.0,2.23000001907,960.0,14.9019613266,14.0,,,,,,,,0.0,,0.78125,
174.892240046,386,1165,108200,42.3022158333,-83.6868191667,93.0,2.23000001907,960.0,14.9019613266,14.0,,,,,,,,0.0,,0.78125,
174.892240046,386,1165,109000,42.3022158333,-83.6868191667,93.0,2.23000001907,960.0,14.117647171,14.0,,,,,,,,0.0,,0.78125,
174.892240046,386,1165,109100,42.3029169444,-83.6867972222,93.0,2.23000001907,960.0,14.117647171,14.0,,,,,,,,0.0,,0.78125,
174.892240046,386,1165,109300,42.3029169444,-83.6867972222,92.0,2.23000001907,960.0,14.117647171,14.0,,,,,,,,0.0,,0.78125,
174.892240046,386,1165,110100,42.3029169444,-83.6867972222,92.0,2.15000009537,990.0,14.117647171,14.0,,,,,,,,0.0,,0.78125,
174.892240046,386,1165,110300,42.3029169444,-83.6867972222,88.0,2.15000009537,990.0,14.117647171,14.0,,,,,,,,0.0,,0.78125,
174.892240046,386,1165,111700,42.3029169444,-83.6867972222,87.0,2.15000009537,990.0,14.117647171,14.0,,,,,,,,0.0,,0.78125,
174.892240046,386,1165,112000,42.3035713889,-83.6867072222,87.0,2.15000009537,990.0,14.117647171,14.0,,,,,,,,0.0,,0.78125,
174.892240046,386,1165,112500,42.3035713889,-83.6867072222,87.0,2.15000009537,991.0,14.117647171,14.0,,,,,,,,0.0,,0.78125,
174.892240046,386,1165,112700,42.3035713889,-83.6867072222,86.0,2.15000009537,991.0,14.117647171,14.0,,,,,,,,0.0,,0.78125,
174.892240046,386,1165,113700,42.3035713889,-83.6867072222,84.0,2.15000009537,991.0,14.117647171,14.0,,,,,,,,0.0,,0.78125,
174.892240046,386,1165,114600,42.3035713889,-83.6867072222,84.0,2.03999996185,986.0,14.509803772,14.0,,,,,,,,0.0,,0.78125,
174.892240046,386,1165,115000,42.3041711111,-83.6864672222,84.0,2.03999996185,986.0,14.509803772,14.0,,,,,,,,0.0,,0.78125,
174.892240046,386,1165,115800,42.3041711111,-83.6864672222,83.0,2.03999996185,986.0,14.509803772,14.0,,,,,,,,0.0,,0.78125,
174.892240046,386,1165,116600,42.3041711111,-83.6864672222,83.0,2.17000007629,960.0,14.509803772,14.0,,,,,,,,0.0,,0.78125,
174.892240046,386,1165,117200,42.3041711111,-83.6864672222,81.0,2.17000007629,960.0,14.509803772,14.0,,,,,,,,0.0,,0.78125,
174.892240046,386,1165,118200,42.3041711111,-83.6864672222,78.0,2.17000007629,960.0,14.509803772,14.0,,,,,,,,0.0,,0.78125,
174.892240046,386,1165,119000,42.3048652778,-83.6859475,78.0,2.27999997139,960.0,14.509803772,14.0,,,,,,,,0.0,,0.78125,
174.892240046,386,1165,119300,42.3048652778,-83.6859475,79.0,2.27999997139,960.0,14.509803772,14.0,,,,,,,,0.0,,0.78125,
174.892240046,386,1165,120300,42.3048652778,-83.6859475,77.0,2.27999997139,960.0,14.509803772,14.0,,,,,,,,0.0,,0.78125,
174.892240046,386,1165,121100,42.3048652778,-83.6859475,77.0,2.23000001907,960.0,14.509803772,14.0,,,,,,,,0.0,,0.78125,
174.892240046,386,1165,122100,42.3053166667,-83.6854866667,77.0,2.23000001907,960.0,14.509803772,14.0,,,,,,,,0.0,,0.78125,
174.892240046,386,1165,122700,42.3053166667,-83.6854866667,73.0,2.23000001907,960.0,14.509803772,14.0,,,,,,,,0.0,,0.78125,
174.892240046,386,1165,123500,42.3053166667,-83.6854866667,73.0,2.1400001049,991.0,14.509803772,14.0,,,,,,,,0.0,,0.78125,
174.892240046,386,1165,123800,42.3053166667,-83.6854866667,70.0,2.1400001049,991.0,14.509803772,14.0,,,,,,,,0.0,,0.78125,
174.892240046,386,1165,124900,42.3053166667,-83.6854866667,64.0,2.1400001049,991.0,14.509803772,14.0,,,,,,,,0.0,,0.78125,
174.892240046,386,1165,125100,42.30573,-83.6851283333,64.0,2.1400001049,991.0,13.3333339691,14.0,,,,,,,,0.0,,0.78125,
174.892240046,386,1165,125800,42.30573,-83.6851283333,64.0,0.77999997139,920.0,13.3333339691,14.0,,,,,,,,0.0,,0.78125,
174.892240046,386,1165,125900,42.30573,-83.6851283333,63.0,0.77999997139,920.0,13.3333339691,14.0,,,,,,,,0.0,,0.78125,
174.892240046,386,1165,127000,42.30573,-83.6851283333,59.0,0.77999997139,920.0,13.3333339691,14.0,,,,,,,,0.0,,0.78125,
174.892240046,386,1165,128000,42.30573,-83.6851283333,59.0,0.280000001192,0.0,13.3333339691,14.0,,,,,,,,0.0,,0.78125,
174.892240046,386,1165,128100,42.3061494444,-83.6849888889,59.0,0.280000001192,0.0,13.3333339691,14.0,,,,,,,,0.0,,0.78125,
174.892240046,386,1165,128500,42.3061494444,-83.6849888889,56.0,0.280000001192,0.0,13.3333339691,14.0,,,,,,,,0.0,,0.78125,
174.892240046,386,1165,129500,42.3061494444,-83.6849888889,49.0,0.280000001192,0.0,13.3333339691,14.0,,,,,,,,0.0,,0.78125,
174.892240046,386,1165,130400,42.3061494444,-83.6849888889,49.0,0.0900000035763,0.0,0.0,14.0,,,,,,,,0.0,,-1.5625,
174.892240046,386,1165,131000,42.3064794444,-83.6850733333,49.0,0.0900000035763,0.0,0.0,14.0,,,,,,,,0.0,,-1.5625,
174.892240046,386,1165,132000,42.3064794444,-83.6850733333,41.0,0.0900000035763,0.0,0.0,14.0,,,,,,,,0.0,,-1.5625,
174.892240046,386,1165,133000,42.3064794444,-83.6850733333,27.0,0.0900000035763,0.0,0.0,14.0,,,,,,,,0.0,,-1.5625,
174.892240046,386,1165,134300,42.3064794444,-83.6850733333,21.0,0.0900000035763,0.0,0.0,14.0,,,,,,,,0.0,,-1.5625,
174.892240046,386,1165,135000,42.3067075,-83.6851844444,21.0,0.0900000035763,0.0,0.0,14.0,,,,,,,,0.0,,-1.5625,
174.892240046,386,1165,135300,42.3067075,-83.6851844444,15.0,0.0900000035763,0.0,0.0,14.0,,,,,,,,0.0,,-1.5625,
174.892240046,386,1165,136400,42.3067075,-83.6851844444,11.0,0.0900000035763,0.0,0.0,14.0,,,,,,,,0.0,,-1.5625,
174.892240046,386,1165,137400,42.3067075,-83.6851844444,8.0,0.0900000035763,0.0,0.0,14.0,,,,,,,,0.0,,-1.5625,
174.892240046,386,1165,138100,42.3067747222,-83.6852225,8.0,0.0900000035763,0.0,0.0,14.0,,,,,,,,0.0,,-1.5625,
174.892240046,386,1165,138400,42.3067747222,-83.6852225,6.0,0.0900000035763,0.0,0.0,14.0,,,,,,,,0.0,,-1.5625,
174.892240046,386,1165,139000,42.3067747222,-83.6852225,6.0,0.119999997318,0.0,0.0,14.0,,,,,,,,0.0,,-1.5625,
174.892240046,386,1165,140200,42.3067747222,-83.6852225,6.0,0.0900000035763,0.0,0.0,14.0,,,,,,,,0.0,,-1.5625,
174.892240046,386,1165,142000,42.3067747222,-83.6852225,0.0,0.0900000035763,0.0,0.0,14.0,,,,,,,,0.0,,-1.5625,
174.892240046,386,1165,150400,42.3067747222,-83.6852225,0.0,0.070000000298,0.0,0.0,14.0,,,,,,,,0.0,,-1.5625,
174.892240046,386,1165,156100,42.3068108333,-83.685215,0.0,0.070000000298,0.0,0.0,14.0,,,,,,,,0.0,,-1.5625,
174.892240046,386,1165,156300,42.3068108333,-83.685215,0.0,7.78999996185,1232.0,0.0,14.0,,,,,,,,0.0,,-1.5625,
174.892240046,386,1165,156400,42.3068108333,-83.685215,0.0,7.78999996185,1232.0,40.0,14.0,,,,,,,,0.0,,-1.5625,
174.892240046,386,1165,157100,42.3068108333,-83.685215,0.0,7.78999996185,1232.0,40.0,14.0,,,,,,,,-6.25,,-1.5625,
174.892240046,386,1165,157600,42.3068108333,-83.685215,0.0,7.78999996185,1232.0,40.0,14.0,,,,,,,,-6.25,,0.0,
174.892240046,386,1165,158200,42.3068108333,-83.685215,25.0,7.78999996185,1232.0,40.0,14.0,,,,,,,,-6.25,,0.0,
174.892240046,386,1165,158300,42.3068108333,-83.685215,25.0,7.78999996185,1504.0,40.0,14.0,,,,,,,,-6.25,,0.0,
174.892240046,386,1165,159100,42.3069825,-83.6852883333,25.0,7.78999996185,1504.0,40.0,14.0,,,,,,,,-6.25,,0.0,
174.892240046,386,1165,161000,42.3069825,-83.6852883333,26.0,3.77999997139,1115.0,40.0,14.0,,,,,,,,-6.25,,0.0,
174.892240046,386,1165,162000,42.3069825,-83.6852883333,26.0,3.77999997139,1115.0,46.6666679382,14.0,,,,,,,,-6.25,,0.0,
174.892240046,386,1165,162100,42.3071102778,-83.6854844444,25.0,3.77999997139,1115.0,46.6666679382,14.0,,,,,,,,-6.25,,0.0,
174.892240046,386,1165,163000,42.3071102778,-83.6854844444,25.0,18.5300006866,2272.0,46.6666679382,14.0,,,,,,,,-6.25,,0.0,
174.892240046,386,1165,163700,42.3071102778,-83.6854844444,29.0,18.5300006866,2272.0,46.6666679382,14.0,,,,,,,,-6.25,,0.0,
174.892240046,386,1165,164700,42.3071102778,-83.6854844444,38.0,18.5300006866,2272.0,46.6666679382,14.0,,,,,,,,-6.25,,0.0,
174.892240046,386,1165,165000,42.3070655556,-83.6858297222,38.0,18.5300006866,2272.0,46.6666679382,14.0,,,,,,,,-6.25,,0.0,
174.892240046,386,1165,165500,42.3070655556,-83.6858297222,38.0,28.8400001526,3277.0,46.6666679382,14.0,,,,,,,,-6.25,,0.0,
174.892240046,386,1165,165700,42.3070655556,-83.6858297222,44.0,28.8400001526,3277.0,46.6666679382,14.0,,,,,,,,-6.25,,0.0,
174.892240046,386,1165,166800,42.3070655556,-83.6858297222,50.0,28.8400001526,3277.0,46.6666679382,14.0,,,,,,,,-6.25,,0.0,
174.892240046,386,1165,166900,42.3070655556,-83.6858297222,50.0,28.8400001526,3277.0,61.1764717102,14.0,,,,,,,,-6.25,,0.0,
174.892240046,386,1165,167600,42.3070655556,-83.6858297222,50.0,31.0699996948,3421.0,61.1764717102,14.0,,,,,,,,0.0,,0.0,
174.892240046,386,1165,167800,42.3070655556,-83.6858297222,55.0,31.0699996948,3421.0,61.1764717102,14.0,,,,,,,,0.0,,0.0,
174.892240046,386,1165,168000,42.3069236111,-83.6863152778,55.0,31.0699996948,3421.0,61.1764717102,14.0,,,,,,,,0.0,,0.0,
174.892240046,386,1165,169200,42.3069236111,-83.6863152778,59.0,31.0699996948,3421.0,61.1764717102,14.0,,,,,,,,0.0,,0.0,
174.892240046,386,1165,170000,42.3069236111,-83.6863152778,59.0,16.8999996185,2304.0,61.1764717102,14.0,,,,,,,,0.0,,0.0,
174.892240046,386,1165,170200,42.3069236111,-83.6863152778,60.0,16.8999996185,2304.0,61.1764717102,14.0,,,,,,,,0.0,,0.0,
174.892240046,386,1165,171300,42.3069236111,-83.6863152778,62.0,16.8999996185,2304.0,61.1764717102,14.0,,,,,,,,0.0,,0.0,
174.892240046,386,1165,172000,42.3067102778,-83.6871044444,62.0,16.8999996185,2304.0,61.1764717102,14.0,,,,,,,,0.0,,0.0,
174.892240046,386,1165,172100,42.3067102778,-83.6871044444,62.0,9.69999980927,1371.0,47.0588226318,14.0,,,,,,,,0.0,,0.0,
174.892240046,386,1165,172300,42.3067102778,-83.6871044444,63.0,9.69999980927,1371.0,47.0588226318,14.0,,,,,,,,0.0,,0.0,
174.892240046,386,1165,173100,42.3067102778,-83.6871044444,63.0,9.69999980927,1371.0,47.0588226318,14.0,,,,,,,,-1.5625,,0.0,
174.892240046,386,1165,174200,42.3067102778,-83.6871044444,63.0,9.14999961853,1296.0,47.0588226318,14.0,,,,,,,,-1.5625,,0.0,
174.892240046,386,1165,175000,42.3065461111,-83.6877075,63.0,9.14999961853,1296.0,47.0588226318,14.0,,,,,,,,-1.5625,,0.0,
174.892240046,386,1165,175700,42.3065461111,-83.6877075,64.0,9.14999961853,1296.0,47.0588226318,14.0,,,,,,,,-1.5625,,0.0,
174.892240046,386,1165,176600,42.3065461111,-83.6877075,64.0,0.870000004768,1056.0,47.0588226318,14.0,,,,,,,,-1.5625,,0.0,
174.892240046,386,1165,176800,42.3065461111,-83.6877075,63.0,0.870000004768,1056.0,47.0588226318,14.0,,,,,,,,-1.5625,,0.0,
174.892240046,386,1165,177600,42.3065461111,-83.6877075,63.0,0.870000004768,1056.0,43.1372566223,14.0,,,,,,,,-1.5625,,0.0,
174.892240046,386,1165,178100,42.3063755556,-83.6883116667,63.0,0.870000004768,1056.0,43.1372566223,14.0,,,,,,,,-1.5625,,0.0,
174.892240046,386,1165,178600,42.3063755556,-83.6883116667,63.0,0.34999999404,0.0,43.1372566223,14.0,,,,,,,,1.5625,,0.0,
174.892240046,386,1165,178900,42.3063755556,-83.6883116667,61.0,0.34999999404,0.0,43.1372566223,14.0,,,,,,,,1.5625,,0.0,
174.892240046,386,1165,181000,42.3063755556,-83.6883116667,61.0,0.10000000149,0.0,43.1372566223,14.0,,,,,,,,1.5625,,0.0,
174.892240046,386,1165,181300,42.3063755556,-83.6883116667,60.0,0.10000000149,0.0,43.1372566223,14.0,,,,,,,,1.5625,,0.0,
174.892240046,386,1165,182100,42.3061641667,-83.6890952778,60.0,0.10000000149,0.0,43.1372566223,14.0,,,,,,,,1.5625,,0.0,
174.892240046,386,1165,183100,42.3061641667,-83.6890952778,60.0,0.0900000035763,0.0,0.0,14.0,,,,,,,,1.5625,,0.0,
174.892240046,386,1165,183300,42.3061641667,-83.6890952778,51.0,0.0900000035763,0.0,0.0,14.0,,,,,,,,1.5625,,0.0,
174.892240046,386,1165,184200,42.3061641667,-83.6890952778,51.0,0.0900000035763,0.0,0.0,14.0,,,,,,,,0.0,,0.0,
174.892240046,386,1165,185100,42.3060341667,-83.6895722222,51.0,0.0900000035763,0.0,0.0,14.0,,,,,,,,0.0,,0.0,
174.892240046,386,1165,185800,42.3060341667,-83.6895722222,46.0,0.0900000035763,0.0,0.0,14.0,,,,,,,,0.0,,0.0,
174.892240046,386,1165,186800,42.3060341667,-83.6895722222,47.0,0.0900000035763,0.0,0.0,14.0,,,,,,,,0.0,,0.0,
174.892240046,386,1165,187600,42.3060341667,-83.6895722222,47.0,7.65000009537,1152.0,0.0,14.0,,,,,,,,0.0,,0.0,
174.892240046,386,1165,188000,42.3059075,-83.6900441667,47.0,7.65000009537,1152.0,0.0,14.0,,,,,,,,0.0,,0.0,
174.892240046,386,1165,188200,42.3059075,-83.6900441667,47.0,7.65000009537,1152.0,44.7058830261,14.0,,,,,,,,0.0,,0.0,
174.892240046,386,1165,189300,42.3059075,-83.6900441667,50.0,7.65000009537,1152.0,44.7058830261,14.0,,,,,,,,0.0,,0.0,
174.892240046,386,1165,190100,42.3059075,-83.6900441667,50.0,8.89000034332,1226.0,44.7058830261,14.0,,,,,,,,0.0,,0.0,
174.892240046,386,1165,190800,42.3059075,-83.6900441667,49.0,8.89000034332,1226.0,44.7058830261,14.0,,,,,,,,0.0,,0.0,
174.892240046,386,1165,191000,42.3057775,-83.6905291667,49.0,8.89000034332,1226.0,44.7058830261,14.0,,,,,,,,0.0,,0.0,
174.892240046,386,1165,191800,42.3057775,-83.6905291667,50.0,8.89000034332,1226.0,44.7058830261,14.0,,,,,,,,0.0,,0.0,
174.892240046,386,1165,192100,42.3057775,-83.6905291667,50.0,8.81000041962,1229.0,44.7058830261,14.0,,,,,,,,0.0,,0.0,
174.892240046,386,1165,193700,42.3057775,-83.6905291667,50.0,8.81000041962,1229.0,49.0196075439,14.0,,,,,,,,0.0,,0.0,
174.892240046,386,1165,193900,42.3057775,-83.6905291667,51.0,8.81000041962,1229.0,49.0196075439,14.0,,,,,,,,0.0,,0.0,
174.892240046,386,1165,194100,42.3056355556,-83.6910133333,51.0,8.97999954224,1216.0,49.0196075439,14.0,,,,,,,,0.0,,0.0,
174.892240046,386,1165,194200,42.3056355556,-83.6910133333,51.0,8.97999954224,1216.0,49.0196075439,14.0,,,,,,,,2.34375,,0.0,
174.892240046,386,1165,196500,42.3056355556,-83.6910133333,51.0,8.42000007629,1233.0,49.0196075439,14.0,,,,,,,,2.34375,,0.0,
174.892240046,386,1165,197100,42.3055027778,-83.6914969444,51.0,8.42000007629,1233.0,49.0196075439,14.0,,,,,,,,2.34375,,0.0,
174.892240046,386,1165,198600,42.3055027778,-83.6914969444,51.0,2.17000007629,1184.0,49.0196075439,14.0,,,,,,,,2.34375,,0.0,
174.892240046,386,1165,198700,42.3055027778,-83.6914969444,50.0,2.17000007629,1184.0,12.5490198135,14.0,,,,,,,,2.34375,,0.0,
174.892240046,386,1165,199700,42.3055027778,-83.6914969444,48.0,2.17000007629,1184.0,12.5490198135,14.0,,,,,,,,2.34375,,0.0,
174.892240046,386,1165,200100,42.3053788889,-83.6919611111,48.0,2.17000007629,1184.0,12.5490198135,14.0,,,,,,,,2.34375,,0.0,
174.892240046,386,1165,200600,42.3053788889,-83.6919611111,48.0,2.23000001907,1000.0,12.5490198135,14.0,,,,,,,,2.34375,,0.0,
174.892240046,386,1165,202100,42.3053788889,-83.6919611111,44.0,2.23000001907,1000.0,12.5490198135,14.0,,,,,,,,2.34375,,0.0,
174.892240046,386,1165,202600,42.3053788889,-83.6919611111,44.0,2.08999991417,1024.0,12.5490198135,14.0,,,,,,,,2.34375,,0.0,
174.892240046,386,1165,203200,42.3053788889,-83.6919611111,39.0,2.08999991417,1024.0,12.5490198135,14.0,,,,,,,,2.34375,,0.0,
174.892240046,386,1165,204100,42.3052852778,-83.6925163889,39.0,2.08999991417,1024.0,12.5490198135,14.0,,,,,,,,2.34375,,0.0,
174.892240046,386,1165,204200,42.3052852778,-83.6925163889,36.0,2.08999991417,1024.0,14.509803772,14.0,,,,,,,,2.34375,,0.0,
174.892240046,386,1165,204600,42.3052852778,-83.6925163889,36.0,2.15000009537,992.0,14.509803772,14.0,,,,,,,,-7.03125,,0.0,
174.892240046,386,1165,205200,42.3052852778,-83.6925163889,34.0,2.15000009537,992.0,14.509803772,14.0,,,,,,,,-7.03125,,0.0,
174.892240046,386,1165,206300,42.3052852778,-83.6925163889,31.0,2.15000009537,992.0,14.509803772,14.0,,,,,,,,-7.03125,,0.0,
174.892240046,386,1165,206800,42.3052852778,-83.6925163889,31.0,2.17000007629,960.0,14.509803772,14.0,,,,,,,,-7.03125,,0.0,
174.892240046,386,1165,207000,42.30522,-83.6927941667,31.0,2.17000007629,960.0,14.509803772,14.0,,,,,,,,-7.03125,,0.0,
174.892240046,386,1165,207600,42.30522,-83.6927941667,25.0,2.17000007629,960.0,14.509803772,14.0,,,,,,,,-7.03125,,0.0,
174.892240046,386,1165,208700,42.30522,-83.6927941667,21.0,2.17000007629,960.0,14.509803772,14.0,,,,,,,,-7.03125,,0.0,
174.892240046,386,1165,208800,42.30522,-83.6927941667,21.0,3.90000009537,1039.0,14.509803772,14.0,,,,,,,,-7.03125,,0.0,
174.892240046,386,1165,209700,42.30522,-83.6927941667,19.0,3.90000009537,1039.0,49.0196075439,14.0,,,,,,,,-3.125,,0.0,
174.892240046,386,1165,210000,42.3053052778,-83.6929633333,19.0,3.90000009537,1039.0,49.0196075439,14.0,,,,,,,,-3.125,,0.0,
174.892240046,386,1165,210800,42.3053052778,-83.6929633333,24.0,23.5100002289,2695.0,49.0196075439,14.0,,,,,,,,-3.125,,0.0,
174.892240046,386,1165,211800,42.3053052778,-83.6929633333,32.0,23.5100002289,2695.0,49.0196075439,14.0,,,,,,,,-3.125,,0.0,
174.892240046,386,1165,213200,42.3053052778,-83.6929633333,48.0,30.9599990845,3339.0,49.0196075439,14.0,,,,,,,,-3.125,,0.0,
174.892240046,386,1165,214000,42.3057216667,-83.6930477778,48.0,30.9599990845,3339.0,49.0196075439,14.0,,,,,,,,-3.125,,0.0,
174.892240046,386,1165,214200,42.3057216667,-83.6930477778,49.0,30.9599990845,3339.0,49.0196075439,14.0,,,,,,,,-3.125,,0.0,
174.892240046,386,1165,215200,42.3057216667,-83.6930477778,54.0,23.0699996948,2683.0,57.6470603943,14.0,,,,,,,,-3.125,,0.0,
174.892240046,386,1165,215300,42.3057216667,-83.6930477778,54.0,23.0699996948,2683.0,57.6470603943,14.0,,,,,,,,1.5625,,0.0,
174.892240046,386,1165,216300,42.3057216667,-83.6930477778,59.0,23.0699996948,2683.0,57.6470603943,14.0,,,,,,,,1.5625,,0.0,
174.892240046,386,1165,217100,42.3061402778,-83.6928986111,59.0,23.0699996948,2683.0,57.6470603943,14.0,,,,,,,,1.5625,,0.0,
174.892240046,386,1165,217300,42.3061402778,-83.6928986111,62.0,21.25,2336.0,57.6470603943,14.0,,,,,,,,1.5625,,0.0,
174.892240046,386,1165,218000,42.3061402778,-83.6928986111,62.0,21.25,2336.0,57.6470603943,14.0,,,,,,,,1.5625,,-1.5625,
174.892240046,386,1165,219300,42.3061402778,-83.6928986111,62.0,4.98000001907,1167.0,57.6470603943,14.0,,,,,,,,1.5625,,-1.5625,
174.892240046,386,1165,219500,42.3061402778,-83.6928986111,63.0,4.98000001907,1167.0,57.6470603943,14.0,,,,,,,,1.5625,,-1.5625,
174.892240046,386,1165,220100,42.3065808333,-83.6927116667,63.0,4.98000001907,1167.0,57.6470603943,14.0,,,,,,,,1.5625,,-1.5625,
174.892240046,386,1165,220400,42.3065808333,-83.6927116667,63.0,4.98000001907,1167.0,34.1176490784,14.0,,,,,,,,-0.78125,,-1.5625,
174.892240046,386,1165,222200,42.3065808333,-83.6927116667,61.0,2.21000003815,0.0,34.1176490784,14.0,,,,,,,,-0.78125,,-1.5625,
174.892240046,386,1165,223000,42.3070027778,-83.6926436111,61.0,2.21000003815,0.0,34.1176490784,14.0,,,,,,,,-0.78125,,-1.5625,
174.892240046,386,1165,223600,42.3070027778,-83.6926436111,57.0,2.21000003815,0.0,34.1176490784,14.0,,,,,,,,-0.78125,,-1.5625,
174.892240046,386,1165,224400,42.3070027778,-83.6926436111,57.0,1.32000005245,0.0,34.1176490784,14.0,,,,,,,,-0.78125,,-1.5625,
174.892240046,386,1165,225400,42.3070027778,-83.6926436111,57.0,1.32000005245,0.0,49.0196075439,14.0,,,,,,,,0.0,,-1.5625,
174.892240046,386,1165,226000,42.3074444444,-83.6927008333,57.0,1.32000005245,0.0,49.0196075439,14.0,,,,,,,,0.0,,-1.5625,
174.892240046,386,1165,226400,42.3074444444,-83.6927008333,57.0,14.0699996948,1777.0,49.0196075439,14.0,,,,,,,,0.0,,-1.5625,
174.892240046,386,1165,227700,42.3074444444,-83.6927008333,59.0,14.0699996948,1777.0,49.0196075439,14.0,,,,,,,,0.0,,-1.5625,
174.892240046,386,1165,228500,42.3074444444,-83.6927008333,59.0,14.5600004196,1799.0,49.0196075439,14.0,,,,,,,,0.0,,-1.5625,
174.892240046,386,1165,229100,42.3078994444,-83.6927672222,59.0,14.5600004196,1799.0,49.0196075439,14.0,,,,,,,,0.0,,-1.5625,
174.892240046,386,1165,230200,42.3078994444,-83.6927672222,60.0,14.5600004196,1799.0,49.0196075439,14.0,,,,,,,,0.0,,-1.5625,
174.892240046,386,1165,230500,42.3078994444,-83.6927672222,60.0,14.5600004196,1799.0,47.4509811401,14.0,,,,,,,,-1.5625,,-1.5625,
174.892240046,386,1165,230600,42.3078994444,-83.6927672222,60.0,8.92000007629,1280.0,47.4509811401,14.0,,,,,,,,-1.5625,,-1.5625,
174.892240046,386,1165,232100,42.3083569444,-83.6928155556,60.0,8.92000007629,1280.0,47.4509811401,14.0,,,,,,,,-1.5625,,-1.5625,
174.892240046,386,1165,232600,42.3083569444,-83.6928155556,60.0,8.97999954224,1285.0,47.4509811401,14.0,,,,,,,,-1.5625,,-1.5625,
174.892240046,386,1165,234500,42.3083569444,-83.6928155556,59.0,8.97999954224,1285.0,47.4509811401,14.0,,,,,,,,-1.5625,,-1.5625,
174.892240046,386,1165,235000,42.3088075,-83.692835,59.0,7.94999980927,1248.0,47.4509811401,14.0,,,,,,,,-1.5625,,-1.5625,
174.892240046,386,1165,235800,42.3088075,-83.692835,58.0,7.94999980927,1248.0,45.490196228,14.0,,,,,,,,0.0,,-1.5625,
174.892240046,386,1165,237000,42.3088075,-83.692835,58.0,8.03999996185,1206.0,45.490196228,14.0,,,,,,,,0.0,,-1.5625,
174.892240046,386,1165,238100,42.3092458333,-83.6928452778,58.0,8.03999996185,1206.0,45.490196228,14.0,,,,,,,,0.0,,-1.5625,
174.892240046,386,1165,239000,42.3092458333,-83.6928452778,59.0,7.98000001907,1216.0,45.490196228,14.0,,,,,,,,0.0,,-1.5625,
174.892240046,386,1165,240000,42.3092458333,-83.6928452778,57.0,7.98000001907,1216.0,45.490196228,14.0,,,,,,,,0.0,,-1.5625,
174.892240046,386,1165,241400,42.3092458333,-83.6928452778,57.0,0.870000004768,885.0,10.1960783005,14.0,,,,,,,,0.0,,-1.5625,
174.892240046,386,1165,242100,42.3098275,-83.6928555556,57.0,0.870000004768,885.0,10.1960783005,14.0,,,,,,,,0.0,,-1.5625,
174.892240046,386,1165,242400,42.3098275,-83.6928555556,58.0,0.870000004768,885.0,10.1960783005,14.0,,,,,,,,0.0,,-1.5625,
174.892240046,386,1165,243400,42.3098275,-83.6928555556,58.0,0.230000004172,0.0,10.1960783005,14.0,,,,,,,,0.0,,-1.5625,
174.892240046,386,1165,244500,42.3098275,-83.6928555556,59.0,0.230000004172,0.0,10.1960783005,14.0,,,,,,,,0.0,,-1.5625,
174.892240046,386,1165,245100,42.3102713889,-83.6928588889,59.0,0.230000004172,0.0,10.1960783005,14.0,,,,,,,,0.0,,-1.5625,
174.892240046,386,1165,245500,42.3102713889,-83.6928588889,59.0,0.119999997318,0.0,10.1960783005,14.0,,,,,,,,0.0,,-1.5625,
174.892240046,386,1165,246900,42.3102713889,-83.6928588889,58.0,0.119999997318,0.0,0.0,14.0,,,,,,,,0.0,,-1.5625,
174.892240046,386,1165,247900,42.3102713889,-83.6928588889,58.0,0.10000000149,0.0,0.0,14.0,,,,,,,,0.0,,-1.5625,
174.892240046,386,1165,248000,42.3107136111,-83.6928483333,58.0,0.10000000149,0.0,0.0,14.0,,,,,,,,0.0,,0.0,
174.892240046,386,1165,249400,42.3107136111,-83.6928483333,57.0,0.10000000149,0.0,0.0,14.0,,,,,,,,0.0,,0.0,
174.892240046,386,1165,251100,42.3111519444,-83.6928544444,57.0,0.10000000149,0.0,0.0,14.0,,,,,,,,0.0,,0.0,
174.892240046,386,1165,251900,42.3111519444,-83.6928544444,58.0,0.10000000149,0.0,0.0,14.0,,,,,,,,0.0,,0.0,
174.892240046,386,1165,252400,42.3111519444,-83.6928544444,58.0,0.0900000035763,0.0,0.0,14.0,,,,,,,,0.0,,0.0,
174.892240046,386,1165,254000,42.3115941667,-83.6928686111,58.0,0.0900000035763,0.0,0.0,14.0,,,,,,,,0.0,,0.0,
174.892240046,386,1165,256100,42.3115941667,-83.6928686111,60.0,0.0900000035763,0.0,0.0,14.0,,,,,,,,0.0,,0.0,
174.892240046,386,1165,258000,42.3121952778,-83.6928611111,60.0,0.0900000035763,0.0,0.0,14.0,,,,,,,,0.0,,0.0,
174.892240046,386,1165,260600,42.3121952778,-83.6928611111,59.0,0.0900000035763,0.0,0.0,14.0,,,,,,,,0.0,,0.0,
174.892240046,386,1165,261000,42.3126527778,-83.6928147222,59.0,0.0900000035763,0.0,0.0,14.0,,,,,,,,0.0,,0.0,
174.892240046,386,1165,264100,42.3131011111,-83.6927436111,59.0,0.0900000035763,0.0,0.0,14.0,,,,,,,,0.0,,0.0,
174.892240046,386,1165,265200,42.3131011111,-83.6927436111,58.0,0.070000000298,0.0,0.0,14.0,,,,,,,,0.0,,0.0,
174.892240046,386,1165,267100,42.3135325,-83.6926658333,58.0,0.070000000298,0.0,0.0,14.0,,,,,,,,0.0,,0.0,
174.892240046,386,1165,267300,42.3135325,-83.6926658333,57.0,0.0900000035763,0.0,0.0,14.0,,,,,,,,0.0,,0.0,
174.892240046,386,1165,270000,42.3139611111,-83.6926019444,57.0,0.0900000035763,0.0,0.0,14.0,,,,,,,,0.0,,0.0,
174.892240046,386,1165,271300,42.3139611111,-83.6926019444,57.0,0.070000000298,0.0,0.0,14.0,,,,,,,,0.0,,0.0,
174.892240046,386,1165,273500,42.3139611111,-83.6926019444,57.0,0.0900000035763,0.0,0.0,14.0,,,,,,,,0.0,,0.0,
174.892240046,386,1165,274000,42.3145361111,-83.6925080556,57.0,0.0900000035763,0.0,0.0,14.0,,,,,,,,0.0,,0.0,
174.892240046,386,1165,277100,42.3149580556,-83.6924744444,57.0,0.0900000035763,0.0,0.0,14.0,,,,,,,,0.0,,0.0,
174.892240046,386,1165,278300,42.3149580556,-83.6924744444,57.0,0.0900000035763,0.0,0.0,14.0,,,,,,,,0.0,,-0.78125,
174.892240046,386,1165,280100,42.3153855556,-83.6925436111,57.0,0.0900000035763,0.0,0.0,14.0,,,,,,,,0.0,,-0.78125,
174.892240046,386,1165,281900,42.3153855556,-83.6925436111,55.0,0.0900000035763,0.0,0.0,14.0,,,,,,,,0.0,,-0.78125,
174.892240046,386,1165,283000,42.3157994444,-83.6926911111,55.0,0.0900000035763,0.0,0.0,14.0,,,,,,,,0.0,,-0.78125,
174.892240046,386,1165,285100,42.3157994444,-83.6926911111,52.0,0.0900000035763,0.0,0.0,14.0,,,,,,,,0.0,,-0.78125,
174.892240046,386,1165,286100,42.3157994444,-83.6926911111,52.0,0.070000000298,0.0,0.0,14.0,,,,,,,,0.0,,-0.78125,
174.892240046,386,1165,286200,42.3157994444,-83.6926911111,49.0,0.070000000298,0.0,0.0,14.0,,,,,,,,0.0,,-0.78125,
174.892240046,386,1165,287000,42.3162436111,-83.6930272222,49.0,0.070000000298,0.0,0.0,14.0,,,,,,,,0.0,,-0.78125,
174.892240046,386,1165,287200,42.3162436111,-83.6930272222,47.0,0.070000000298,0.0,0.0,14.0,,,,,,,,0.0,,-0.78125,
174.892240046,386,1165,288100,42.3162436111,-83.6930272222,47.0,0.0599999986589,0.0,0.0,14.0,,,,,,,,0.0,,-0.78125,
174.892240046,386,1165,288300,42.3162436111,-83.6930272222,44.0,0.0599999986589,0.0,0.0,14.0,,,,,,,,0.0,,-0.78125,
174.892240046,386,1165,289600,42.3162436111,-83.6930272222,41.0,0.0599999986589,0.0,0.0,14.0,,,,,,,,0.0,,-0.78125,
174.892240046,386,1165,290000,42.3164936111,-83.6932675,41.0,0.0599999986589,0.0,0.0,14.0,,,,,,,,0.0,,-0.78125,
174.892240046,386,1165,290400,42.3164936111,-83.6932675,41.0,0.070000000298,0.0,0.0,14.0,,,,,,,,0.0,,-0.78125,
174.892240046,386,1165,290700,42.3164936111,-83.6932675,39.0,0.070000000298,0.0,0.0,14.0,,,,,,,,0.0,,-0.78125,
174.892240046,386,1165,291700,42.3164936111,-83.6932675,31.0,0.070000000298,0.0,0.0,14.0,,,,,,,,0.0,,-0.78125,
174.892240046,386,1165,292500,42.3164936111,-83.6932675,31.0,0.0599999986589,0.0,0.0,14.0,,,,,,,,0.0,,-0.78125,
174.892240046,386,1165,292700,42.3164936111,-83.6932675,26.0,0.0599999986589,0.0,0.0,14.0,,,,,,,,0.0,,-0.78125,
174.892240046,386,1165,293100,42.3166577778,-83.6934455556,26.0,0.0599999986589,0.0,0.0,14.0,,,,,,,,0.0,,-0.78125,
174.892240046,386,1165,293800,42.3166577778,-83.6934455556,22.0,0.0599999986589,0.0,0.0,14.0,,,,,,,,0.0,,-0.78125,
