DayNum,VehId,Trip,Timestamp(ms),Latitude[deg],Longitude[deg],Vehicle Speed[km/h],MAF[g/sec],Engine RPM[RPM],Absolute Load[%],OAT[DegC],Fuel Rate[L/hr],Air Conditioning Power[kW],Air Conditioning Power[Watts],Heater Power[Watts],HV Battery Current[A],HV Battery SOC[%],HV Battery Voltage[V],Short Term Fuel Trim Bank 1[%],Short Term Fuel Trim Bank 2[%],Long Term Fuel Trim Bank 1[%],Long Term Fuel Trim Bank 2[%]
127.899228324,371,2270,0,42.2772497222,-83.7310052778,30.4599990845,0.709999978542,0.0,,1.25,,,0.0,,23.5999755859,89.1898727417,330.5,,,,
127.899228324,371,2270,200,42.2772497222,-83.7310052778,30.4599990845,0.709999978542,0.0,,1.25,,,0.0,,44.3499755859,89.1898727417,330.5,,,,
127.899228324,371,2270,300,42.2772497222,-83.7310052778,28.5499992371,0.709999978542,0.0,,1.25,,,0.0,,44.3499755859,89.1898727417,330.5,,,,
127.899228324,371,2270,800,42.2772497222,-83.7310052778,28.5499992371,0.709999978542,0.0,,1.25,,,0.0,,44.3499755859,89.1898727417,338.0,,,,
127.899228324,371,2270,1300,42.2772497222,-83.7310052778,26.4599990845,0.709999978542,0.0,,1.25,,,0.0,,5.45001220703,89.1898727417,338.0,,,,
127.899228324,371,2270,2300,42.2772497222,-83.7310052778,26.8799991608,0.709999978542,0.0,,1.25,,,0.0,,0.0999755859375,89.1898727417,338.0,,,,
127.899228324,371,2270,3000,42.2770819444,-83.7310366667,26.8799991608,0.709999978542,0.0,,1.25,,,0.0,,0.0999755859375,89.1898727417,338.0,,,,
127.899228324,371,2270,3400,42.2770819444,-83.7310366667,27.4599990845,0.709999978542,0.0,,1.25,,,0.0,,-31.049987793,89.1898727417,338.0,,,,
127.899228324,371,2270,4400,42.2770819444,-83.7310366667,29.6199989319,0.709999978542,0.0,,1.25,,,0.0,,-53.1500244141,89.1898727417,338.0,,,,
127.899228324,371,2270,5500,42.2770819444,-83.7310366667,32.5900001526,0.709999978542,0.0,,1.25,,,0.0,,-66.75,89.1898727417,338.0,,,,
127.899228324,371,2270,5800,42.2770819444,-83.7310366667,32.5900001526,0.709999978542,0.0,,1.25,,,0.0,,-66.75,89.1898727417,318.0,,,,
127.899228324,371,2270,6000,42.276945,-83.7309208333,32.5900001526,0.709999978542,0.0,,1.25,,,0.0,,-66.75,89.1898727417,318.0,,,,
127.899228324,371,2270,6500,42.276945,-83.7309208333,36.1800003052,0.709999978542,0.0,,1.25,,,0.0,,-90.549987793,89.1898727417,318.0,,,,
127.899228324,371,2270,7500,42.276945,-83.7309208333,40.1399993896,0.709999978542,0.0,,1.25,,,0.0,,-93.0,89.1898727417,318.0,,,,
127.899228324,371,2270,8600,42.276945,-83.7309208333,43.5799980164,0.709999978542,0.0,,1.25,,,0.0,,-74.4000244141,89.1898727417,318.0,,,,
127.899228324,371,2270,9000,42.2768038889,-83.7306627778,43.5799980164,0.709999978542,0.0,,1.25,,,0.0,,-74.4000244141,89.1898727417,318.0,,,,
127.899228324,371,2270,9600,42.2768038889,-83.7306627778,45.9899978638,0.709999978542,0.0,,1.25,,,0.0,,-55.299987793,89.1898727417,318.0,,,,
127.899228324,371,2270,10600,42.2768038889,-83.7306627778,47.3199996948,0.709999978542,0.0,,1.25,,,0.0,,-55.299987793,89.1898727417,318.0,,,,
127.899228324,371,2270,10700,42.2768038889,-83.7306627778,47.3199996948,0.709999978542,0.0,,1.25,,,0.0,,-36.3500366211,89.1898727417,318.0,,,,
127.899228324,371,2270,10900,42.2768038889,-83.7306627778,47.3199996948,0.709999978542,0.0,,1.25,,,0.0,,-36.3500366211,89.1898727417,321.0,,,,
127.899228324,371,2270,11700,42.2768038889,-83.7306627778,47.7899971008,0.709999978542,0.0,,1.25,,,0.0,,-29.049987793,89.1898727417,321.0,,,,
127.899228324,371,2270,12100,42.2766744444,-83.7302872222,47.7899971008,0.709999978542,0.0,,1.25,,,0.0,,-29.049987793,89.1898727417,321.0,,,,
127.899228324,371,2270,12700,42.2766744444,-83.7302872222,48.25,0.709999978542,0.0,,1.25,,,0.0,,-23.1000366211,89.1898727417,321.0,,,,
127.899228324,371,2270,13800,42.2766744444,-83.7302872222,48.3199996948,0.709999978542,0.0,,1.25,,,0.0,,-18.799987793,89.1898727417,321.0,,,,
127.899228324,371,2270,14800,42.2766744444,-83.7302872222,48.5399971008,0.709999978542,0.0,,1.25,,,0.0,,-15.1500244141,89.1898727417,321.0,,,,
127.899228324,371,2270,15000,42.2765927778,-83.7297861111,48.5399971008,0.709999978542,0.0,,1.25,,,0.0,,-15.1500244141,89.1898727417,321.0,,,,
127.899228324,371,2270,15800,42.2765927778,-83.7297861111,48.5399971008,0.709999978542,0.0,,1.25,,,0.0,,-11.5,89.1898727417,321.0,,,,
127.899228324,371,2270,15900,42.2765927778,-83.7297861111,48.719997406,0.709999978542,0.0,,1.25,,,0.0,,-11.5,89.1898727417,325.5,,,,
127.899228324,371,2270,16900,42.2765927778,-83.7297861111,48.7599983215,0.709999978542,0.0,,1.25,,,0.0,,-12.8500366211,89.1898727417,325.5,,,,
127.899228324,371,2270,17900,42.2765927778,-83.7297861111,48.7999992371,0.709999978542,0.0,,1.25,,,0.0,,-11.3500366211,89.1898727417,325.5,,,,
127.899228324,371,2270,18000,42.2764558333,-83.7293266667,48.7999992371,0.709999978542,0.0,,1.25,,,0.0,,-11.3500366211,89.1898727417,325.5,,,,
127.899228324,371,2270,19000,42.2764558333,-83.7293266667,48.469997406,0.709999978542,0.0,,1.25,,,0.0,,-9.35003662109,89.1898727417,325.5,,,,
127.899228324,371,2270,20000,42.2764558333,-83.7293266667,48.3799972534,0.709999978542,0.0,,1.25,,,0.0,,-10.25,89.1898727417,325.5,,,,
127.899228324,371,2270,20600,42.2764558333,-83.7293266667,48.3799972534,0.709999978542,0.0,,1.25,,,0.0,,-10.25,86.6455612183,325.5,,,,
127.899228324,371,2270,21000,42.2762986111,-83.728895,48.3799972534,0.709999978542,0.0,,1.25,,,0.0,,-10.25,86.6455612183,326.0,,,,
127.899228324,371,2270,21100,42.2762986111,-83.728895,48.0799980164,0.709999978542,0.0,,1.25,,,0.0,,-9.65002441406,86.6455612183,326.0,,,,
127.899228324,371,2270,21200,42.2762986111,-83.728895,48.0799980164,0.709999978542,0.0,,1.25,,,0.0,,-9.65002441406,86.6455612183,326.0,,,,
127.899228324,371,2270,22100,42.2762986111,-83.728895,47.9799995422,0.709999978542,0.0,,1.25,,,0.0,,-17.299987793,86.6455612183,326.0,,,,
127.899228324,371,2270,23200,42.2762986111,-83.728895,49.0299987793,0.709999978542,0.0,,1.25,,,0.0,,-24.299987793,86.6455612183,326.0,,,,
127.899228324,371,2270,24000,42.2761919444,-83.7283433333,49.0299987793,0.709999978542,0.0,,1.25,,,0.0,,-24.299987793,86.6455612183,326.0,,,,
127.899228324,371,2270,24300,42.2761919444,-83.7283433333,49.5,0.709999978542,0.0,,1.25,,,0.0,,-29.799987793,86.6455612183,326.0,,,,
127.899228324,371,2270,25300,42.2761919444,-83.7283433333,50.3299980164,0.709999978542,0.0,,1.25,,,0.0,,-32.8500366211,86.6455612183,326.0,,,,
127.899228324,371,2270,26000,42.2761919444,-83.7283433333,50.3299980164,0.709999978542,0.0,,1.25,,,0.0,,-32.8500366211,86.6455612183,321.5,,,,
127.899228324,371,2270,26400,42.2761919444,-83.7283433333,49.9599990845,0.709999978542,0.0,,1.25,,,0.0,,-38.6500244141,86.6455612183,321.5,,,,
127.899228324,371,2270,27000,42.2759972222,-83.7279,49.9599990845,0.709999978542,0.0,,1.25,,,0.0,,-38.6500244141,86.6455612183,321.5,,,,
127.899228324,371,2270,27400,42.2759972222,-83.7279,49.9599990845,0.709999978542,0.0,,1.25,,,0.0,,-51.5,86.6455612183,321.5,,,,
127.899228324,371,2270,28500,42.2759972222,-83.7279,50.1499977112,0.709999978542,0.0,,1.25,,,0.0,,-56.6500244141,86.6455612183,321.5,,,,
127.899228324,371,2270,29500,42.2759972222,-83.7279,49.8899993896,0.709999978542,0.0,,1.25,,,0.0,,-52.700012207,86.6455612183,321.5,,,,
127.899228324,371,2270,30100,42.2758380556,-83.7274119444,49.8899993896,0.709999978542,0.0,,1.25,,,0.0,,-52.700012207,86.6455612183,321.5,,,,
127.899228324,371,2270,30600,42.2758380556,-83.7274119444,49.5699996948,0.709999978542,0.0,,1.25,,,0.0,,-57.1500244141,86.6455612183,321.5,,,,
127.899228324,371,2270,31100,42.2758380556,-83.7274119444,49.5699996948,0.709999978542,0.0,,1.25,,,0.0,,-57.1500244141,86.6455612183,316.5,,,,
127.899228324,371,2270,31600,42.2758380556,-83.7274119444,48.5900001526,0.709999978542,0.0,,1.25,,,0.0,,-51.5,86.6455612183,316.5,,,,
127.899228324,371,2270,32600,42.2758380556,-83.7274119444,48.5900001526,0.709999978542,0.0,,1.25,,,0.0,,-57.1500244141,86.6455612183,316.5,,,,
127.899228324,371,2270,32700,42.2758380556,-83.7274119444,47.7899971008,0.709999978542,0.0,,1.25,,,0.0,,-57.1500244141,86.6455612183,316.5,,,,
127.899228324,371,2270,33000,42.2757058333,-83.7269322222,47.7899971008,0.709999978542,0.0,,1.25,,,0.0,,-57.1500244141,86.6455612183,316.5,,,,
127.899228324,371,2270,33700,42.2757058333,-83.7269322222,47.0200004578,0.709999978542,0.0,,1.25,,,0.0,,-59.25,86.6455612183,316.5,,,,
127.899228324,371,2270,34700,42.2757058333,-83.7269322222,46.3999977112,0.709999978542,0.0,,1.25,,,0.0,,-66.1500244141,86.6455612183,316.5,,,,
127.899228324,371,2270,35800,42.2757058333,-83.7269322222,45.9099998474,0.709999978542,0.0,,1.25,,,0.0,,-72.549987793,86.6455612183,316.5,,,,
127.899228324,371,2270,36100,42.2755833333,-83.7264991667,45.9099998474,0.709999978542,0.0,,1.25,,,0.0,,-72.549987793,86.6455612183,312.5,,,,
127.899228324,371,2270,36800,42.2755833333,-83.7264991667,45.8199996948,0.709999978542,0.0,,1.25,,,0.0,,-79.700012207,86.6455612183,312.5,,,,
127.899228324,371,2270,37900,42.2755833333,-83.7264991667,46.2000007629,0.709999978542,0.0,,1.25,,,0.0,,-84.9000244141,86.6455612183,312.5,,,,
127.899228324,371,2270,38900,42.2755833333,-83.7264991667,46.7000007629,0.709999978542,0.0,,1.25,,,0.0,,-85.799987793,86.6455612183,312.5,,,,
127.899228324,371,2270,39000,42.2754622222,-83.7261927778,46.7000007629,0.709999978542,0.0,,1.25,,,0.0,,-85.799987793,86.6455612183,312.5,,,,
127.899228324,371,2270,39900,42.2754622222,-83.7261927778,46.3799972534,0.709999978542,0.0,,1.25,,,0.0,,-79.700012207,86.6455612183,312.5,,,,
127.899228324,371,2270,41000,42.2754622222,-83.7261927778,45.9500007629,0.709999978542,0.0,,1.25,,,0.0,,-66.299987793,86.6455612183,312.5,,,,
127.899228324,371,2270,41100,42.2754622222,-83.7261927778,45.9500007629,0.709999978542,0.0,,1.25,,,0.0,,-66.299987793,86.6455612183,313.5,,,,
127.899228324,371,2270,42000,42.2753761111,-83.7259113889,45.5099983215,0.709999978542,0.0,,1.25,,,0.0,,-59.700012207,86.6455612183,313.5,,,,
127.899228324,371,2270,43100,42.2753761111,-83.7259113889,45.5099983215,0.709999978542,0.0,,1.25,,,0.0,,-58.6500244141,86.6455612183,313.5,,,,
127.899228324,371,2270,44100,42.2753761111,-83.7259113889,46.6299972534,0.709999978542,0.0,,1.25,,,0.0,,-58.950012207,86.6455612183,313.5,,,,
127.899228324,371,2270,45100,42.2753761111,-83.7259113889,47.8199996948,0.709999978542,0.0,,1.25,,,0.0,,-42.1500244141,86.6455612183,313.5,,,,
127.899228324,371,2270,46000,42.2752869444,-83.7252741667,47.8199996948,0.709999978542,0.0,,1.25,,,0.0,,-42.1500244141,86.6455612183,313.5,,,,
127.899228324,371,2270,46200,42.2752869444,-83.7252741667,47.7399978638,0.709999978542,0.0,,1.25,,,0.0,,-22.0,86.6455612183,319.5,,,,
127.899228324,371,2270,47200,42.2752869444,-83.7252741667,47.7099990845,0.709999978542,0.0,,1.25,,,0.0,,-26.299987793,86.6455612183,319.5,,,,
127.899228324,371,2270,48300,42.2752869444,-83.7252741667,47.219997406,0.709999978542,0.0,,1.25,,,0.0,,-26.0,86.6455612183,319.5,,,,
127.899228324,371,2270,49000,42.2752922222,-83.7246336111,47.219997406,0.709999978542,0.0,,1.25,,,0.0,,-26.0,86.6455612183,319.5,,,,
127.899228324,371,2270,49300,42.2752922222,-83.7246336111,47.4500007629,0.709999978542,0.0,,1.25,,,0.0,,-35.6000366211,86.6455612183,319.5,,,,
127.899228324,371,2270,50200,42.2752922222,-83.7246336111,47.4500007629,0.709999978542,0.0,,0.75,,,0.0,,-35.6000366211,86.6455612183,319.5,,,,
127.899228324,371,2270,50300,42.2752922222,-83.7246336111,47.9799995422,0.709999978542,0.0,,0.75,,,0.0,,-38.950012207,86.6455612183,319.5,,,,
127.899228324,371,2270,51000,42.2753152778,-83.7242886111,47.9799995422,0.709999978542,0.0,,0.75,,,0.0,,-38.950012207,86.6455612183,319.5,,,,
127.899228324,371,2270,51200,42.2753152778,-83.7242886111,47.9799995422,0.709999978542,0.0,,0.75,,,0.0,,-38.950012207,86.6455612183,317.0,,,,
127.899228324,371,2270,51400,42.2753152778,-83.7242886111,48.219997406,0.709999978542,0.0,,0.75,,,0.0,,-38.6500244141,86.6455612183,317.0,,,,
127.899228324,371,2270,52400,42.2753152778,-83.7242886111,48.5,0.709999978542,0.0,,0.75,,,0.0,,-37.6000366211,86.6455612183,317.0,,,,
127.899228324,371,2270,53500,42.2753152778,-83.7242886111,49.0,0.709999978542,0.0,,0.75,,,0.0,,-38.799987793,86.6455612183,317.0,,,,
127.899228324,371,2270,54500,42.2753152778,-83.7242886111,49.3600006104,0.709999978542,0.0,,0.75,,,0.0,,-37.9000244141,86.6455612183,317.0,,,,
127.899228324,371,2270,55000,42.2752816667,-83.7235836111,49.3600006104,0.709999978542,0.0,,0.75,,,0.0,,-37.9000244141,86.6455612183,317.0,,,,
127.899228324,371,2270,55500,42.2752816667,-83.7235836111,49.7899971008,0.709999978542,0.0,,0.75,,,0.0,,-35.299987793,86.6455612183,317.0,,,,
127.899228324,371,2270,56200,42.2752816667,-83.7235836111,49.7899971008,0.709999978542,0.0,,0.75,,,0.0,,-35.299987793,86.6455612183,318.5,,,,
127.899228324,371,2270,56600,42.2752816667,-83.7235836111,49.7000007629,0.709999978542,0.0,,0.75,,,0.0,,-28.1500244141,86.6455612183,318.5,,,,
127.899228324,371,2270,57600,42.2752816667,-83.7235836111,49.4300003052,0.709999978542,0.0,,0.75,,,0.0,,2.70001220703,86.6455612183,318.5,,,,
127.899228324,371,2270,58000,42.2752597222,-83.7230522222,49.4300003052,0.709999978542,0.0,,0.75,,,0.0,,2.70001220703,86.6455612183,318.5,,,,
127.899228324,371,2270,58700,42.2752597222,-83.7230522222,48.9500007629,0.709999978542,0.0,,0.75,,,0.0,,10.799987793,86.6455612183,318.5,,,,
127.899228324,371,2270,59800,42.2752597222,-83.7230522222,47.9199981689,0.709999978542,0.0,,0.75,,,0.0,,12.1499633789,86.6455612183,318.5,,,,
127.899228324,371,2270,60900,42.2752597222,-83.7230522222,47.0499992371,0.709999978542,0.0,,0.75,,,0.0,,13.25,86.6455612183,318.5,,,,
127.899228324,371,2270,61000,42.2752161111,-83.7225294444,47.0499992371,0.709999978542,0.0,,0.75,,,0.0,,13.25,86.6455612183,318.5,,,,
127.899228324,371,2270,61300,42.2752161111,-83.7225294444,47.0499992371,0.709999978542,0.0,,0.75,,,0.0,,13.25,86.6455612183,326.5,,,,
127.899228324,371,2270,61900,42.2752161111,-83.7225294444,46.4099998474,0.709999978542,0.0,,0.75,,,0.0,,11.8499755859,86.6455612183,326.5,,,,
127.899228324,371,2270,63000,42.2752161111,-83.7225294444,45.6399993896,0.709999978542,0.0,,0.75,,,0.0,,11.549987793,86.6455612183,326.5,,,,
127.899228324,371,2270,64000,42.2752161111,-83.7225294444,44.6499977112,0.709999978542,0.0,,0.75,,,0.0,,10.6499633789,86.6455612183,326.5,,,,
127.899228324,371,2270,64100,42.27518,-83.7220425,44.6499977112,0.709999978542,0.0,,0.75,,,0.0,,10.6499633789,86.6455612183,326.5,,,,
127.899228324,371,2270,65100,42.27518,-83.7220425,44.4300003052,0.709999978542,0.0,,0.75,,,0.0,,9.09997558594,86.6455612183,326.5,,,,
127.899228324,371,2270,66100,42.27518,-83.7220425,45.25,0.709999978542,0.0,,0.75,,,0.0,,9.84997558594,86.6455612183,326.5,,,,
127.899228324,371,2270,66300,42.27518,-83.7220425,45.25,0.709999978542,0.0,,0.75,,,0.0,,9.84997558594,86.6455612183,328.0,,,,
127.899228324,371,2270,67000,42.2751275,-83.7215494444,45.25,0.709999978542,0.0,,0.75,,,0.0,,9.84997558594,86.6455612183,328.0,,,,
127.899228324,371,2270,67100,42.2751275,-83.7215494444,46.2299995422,0.709999978542,0.0,,0.75,,,0.0,,13.549987793,86.6455612183,328.0,,,,
127.899228324,371,2270,68200,42.2751275,-83.7215494444,47.5399971008,0.709999978542,0.0,,0.75,,,0.0,,14.1499633789,86.6455612183,328.0,,,,
127.899228324,371,2270,69200,42.2751275,-83.7215494444,49.1899986267,0.709999978542,0.0,,0.75,,,0.0,,14.1499633789,86.6455612183,328.0,,,,
127.899228324,371,2270,69900,42.2750605556,-83.72107,49.1899986267,0.709999978542,0.0,,0.75,,,0.0,,14.1499633789,86.6455612183,328.0,,,,
127.899228324,371,2270,70300,42.2750605556,-83.72107,50.9300003052,0.709999978542,0.0,,0.75,,,0.0,,14.450012207,86.6455612183,328.0,,,,
127.899228324,371,2270,71300,42.2750605556,-83.72107,52.5,0.709999978542,0.0,,0.75,,,0.0,,16.299987793,86.6455612183,328.0,,,,
127.899228324,371,2270,71400,42.2750605556,-83.72107,52.5,0.709999978542,0.0,,0.75,,,0.0,,16.299987793,86.6455612183,329.0,,,,
127.899228324,371,2270,72300,42.2750605556,-83.72107,53.0399971008,0.709999978542,0.0,,0.75,,,0.0,,16.8999633789,86.6455612183,329.0,,,,
127.899228324,371,2270,73000,42.2749669444,-83.7205775,53.0399971008,0.709999978542,0.0,,0.75,,,0.0,,16.8999633789,86.6455612183,329.0,,,,
127.899228324,371,2270,73400,42.2749669444,-83.7205775,53.6999969482,0.709999978542,0.0,,0.75,,,0.0,,15.200012207,86.6455612183,329.0,,,,
127.899228324,371,2270,74400,42.2749669444,-83.7205775,54.1499977112,0.709999978542,0.0,,0.75,,,0.0,,17.049987793,86.6455612183,329.0,,,,
127.899228324,371,2270,75500,42.2749669444,-83.7205775,54.6399993896,0.709999978542,0.0,,0.75,,,0.0,,16.450012207,86.6455612183,329.0,,,,
127.899228324,371,2270,76000,42.2749169444,-83.7200288889,54.6399993896,0.709999978542,0.0,,0.75,,,0.0,,16.450012207,86.6455612183,329.0,,,,
127.899228324,371,2270,76400,42.2749169444,-83.7200288889,54.6399993896,0.709999978542,0.0,,0.75,,,0.0,,16.450012207,86.6455612183,330.0,,,,
127.899228324,371,2270,76500,42.2749169444,-83.7200288889,55.0,0.709999978542,0.0,,0.75,,,0.0,,17.200012207,86.6455612183,330.0,,,,
127.899228324,371,2270,77500,42.2749169444,-83.7200288889,55.6699981689,0.709999978542,0.0,,0.75,,,0.0,,17.950012207,86.6455612183,330.0,,,,
127.899228324,371,2270,78600,42.2749169444,-83.7200288889,56.0499992371,0.709999978542,0.0,,0.75,,,0.0,,17.200012207,86.6455612183,330.0,,,,
127.899228324,371,2270,79000,42.2749161111,-83.7195569444,56.0499992371,0.709999978542,0.0,,0.75,,,0.0,,17.200012207,86.6455612183,330.0,,,,
127.899228324,371,2270,79600,42.2749161111,-83.7195569444,56.1899986267,0.709999978542,0.0,,0.75,,,0.0,,17.3499755859,86.6455612183,330.0,,,,
127.899228324,371,2270,80000,42.2749161111,-83.7195569444,56.1899986267,0.709999978542,0.0,,0.75,,,0.0,,17.3499755859,86.6455612183,330.0,,,,
127.899228324,371,2270,80600,42.2749161111,-83.7195569444,56.1899986267,0.709999978542,0.0,,0.75,,,0.0,,17.3499755859,83.9746780396,330.0,,,,
127.899228324,371,2270,80700,42.2749161111,-83.7195569444,56.8600006104,0.709999978542,0.0,,0.75,,,0.0,,19.3499755859,83.9746780396,330.0,,,,
127.899228324,371,2270,81200,42.2749161111,-83.7195569444,56.8600006104,0.709999978542,0.0,,0.75,,,0.0,,19.3499755859,83.9746780396,330.0,,,,
127.899228324,371,2270,81500,42.2749161111,-83.7195569444,56.8600006104,0.709999978542,0.0,,0.75,,,0.0,,19.3499755859,83.9746780396,330.5,,,,
127.899228324,371,2270,81700,42.2749161111,-83.7195569444,57.0,0.709999978542,0.0,,0.75,,,0.0,,17.6499633789,83.9746780396,330.5,,,,
127.899228324,371,2270,81900,42.2749758333,-83.7191544444,57.0,0.709999978542,0.0,,0.75,,,0.0,,17.6499633789,83.9746780396,330.5,,,,
127.899228324,371,2270,82700,42.2749758333,-83.7191544444,56.6699981689,0.709999978542,0.0,,0.75,,,0.0,,17.950012207,83.9746780396,330.5,,,,
127.899228324,371,2270,83800,42.2749758333,-83.7191544444,55.3400001526,0.709999978542,0.0,,0.75,,,0.0,,28.5,83.9746780396,330.5,,,,
127.899228324,371,2270,84800,42.2749758333,-83.7191544444,54.6800003052,0.709999978542,0.0,,0.75,,,0.0,,27.75,83.9746780396,330.5,,,,
127.899228324,371,2270,85000,42.2749419444,-83.7186438889,54.6800003052,0.709999978542,0.0,,0.75,,,0.0,,27.75,83.9746780396,330.5,,,,
127.899228324,371,2270,85800,42.2749419444,-83.7186438889,54.6800003052,0.709999978542,0.0,,0.75,,,0.0,,25.0,83.9746780396,330.5,,,,
127.899228324,371,2270,85900,42.2749419444,-83.7186438889,53.4799995422,0.709999978542,0.0,,0.75,,,0.0,,25.0,83.9746780396,330.5,,,,
127.899228324,371,2270,86500,42.2749419444,-83.7186438889,53.4799995422,0.709999978542,0.0,,0.75,,,0.0,,25.0,83.9746780396,331.0,,,,
127.899228324,371,2270,86900,42.2749419444,-83.7186438889,52.5499992371,0.709999978542,0.0,,0.75,,,0.0,,16.1499633789,83.9746780396,331.0,,,,
127.899228324,371,2270,87900,42.2749419444,-83.7186438889,51.3699989319,0.709999978542,0.0,,0.75,,,0.0,,14.0,83.9746780396,331.0,,,,
127.899228324,371,2270,88000,42.2747936111,-83.7180783333,51.3699989319,0.709999978542,0.0,,0.75,,,0.0,,14.0,83.9746780396,331.0,,,,
127.899228324,371,2270,89000,42.2747936111,-83.7180783333,50.3600006104,0.709999978542,0.0,,0.75,,,0.0,,13.549987793,83.9746780396,331.0,,,,
127.899228324,371,2270,90000,42.2747936111,-83.7180783333,49.0900001526,0.709999978542,0.0,,0.75,,,0.0,,5.89996337891,83.9746780396,331.0,,,,
127.899228324,371,2270,91000,42.274685,-83.7175591667,49.0900001526,0.709999978542,0.0,,0.75,,,0.0,,5.89996337891,83.9746780396,331.0,,,,
127.899228324,371,2270,91100,42.274685,-83.7175591667,49.7399978638,0.709999978542,0.0,,0.75,,,0.0,,-32.1000366211,83.9746780396,331.0,,,,
127.899228324,371,2270,91500,42.274685,-83.7175591667,49.7399978638,0.709999978542,0.0,,0.75,,,0.0,,-32.1000366211,83.9746780396,322.0,,,,
127.899228324,371,2270,92100,42.274685,-83.7175591667,50.2099990845,0.709999978542,0.0,,0.75,,,0.0,,-35.450012207,83.9746780396,322.0,,,,
127.899228324,371,2270,93100,42.274685,-83.7175591667,50.5699996948,0.709999978542,0.0,,0.75,,,0.0,,-35.299987793,83.9746780396,322.0,,,,
127.899228324,371,2270,94100,42.2745272222,-83.7170136111,50.5699996948,0.709999978542,0.0,,0.75,,,0.0,,-35.299987793,83.9746780396,322.0,,,,
127.899228324,371,2270,94200,42.2745272222,-83.7170136111,50.4500007629,0.709999978542,0.0,,0.75,,,0.0,,-36.3500366211,83.9746780396,322.0,,,,
127.899228324,371,2270,95300,42.2745272222,-83.7170136111,49.8600006104,0.709999978542,0.0,,0.75,,,0.0,,-36.200012207,83.9746780396,322.0,,,,
127.899228324,371,2270,96400,42.2745272222,-83.7170136111,48.719997406,0.709999978542,0.0,,0.75,,,0.0,,-36.200012207,83.9746780396,322.0,,,,
127.899228324,371,2270,96600,42.2745272222,-83.7170136111,48.719997406,0.709999978542,0.0,,0.75,,,0.0,,-36.200012207,83.9746780396,321.0,,,,
127.899228324,371,2270,97100,42.2743511111,-83.7164825,48.719997406,0.709999978542,0.0,,0.75,,,0.0,,-36.200012207,83.9746780396,321.0,,,,
127.899228324,371,2270,97500,42.2743511111,-83.7164825,47.2700004578,0.709999978542,0.0,,0.75,,,0.0,,-38.200012207,83.9746780396,321.0,,,,
127.899228324,371,2270,98500,42.2743511111,-83.7164825,46.2599983215,0.709999978542,0.0,,0.75,,,0.0,,-41.8500366211,83.9746780396,321.0,,,,
127.899228324,371,2270,99500,42.2743511111,-83.7164825,46.0,0.709999978542,0.0,,0.75,,,0.0,,-31.5,83.9746780396,321.0,,,,
127.899228324,371,2270,100000,42.2741377778,-83.7159302778,46.0,0.709999978542,0.0,,0.75,,,0.0,,-31.5,83.9746780396,321.0,,,,
127.899228324,371,2270,100600,42.2741377778,-83.7159302778,45.5799980164,0.709999978542,0.0,,0.75,,,0.0,,3.59997558594,83.9746780396,321.0,,,,
127.899228324,371,2270,101600,42.2741377778,-83.7159302778,45.5999984741,0.709999978542,0.0,,0.75,,,0.0,,12.950012207,83.9746780396,329.0,,,,
127.899228324,371,2270,102700,42.2741377778,-83.7159302778,46.0399971008,0.709999978542,0.0,,0.75,,,0.0,,12.5999755859,83.9746780396,329.0,,,,
127.899228324,371,2270,103000,42.2738894444,-83.7154530556,46.0399971008,0.709999978542,0.0,,0.75,,,0.0,,12.5999755859,83.9746780396,329.0,,,,
127.899228324,371,2270,103700,42.2738894444,-83.7154530556,46.3499984741,0.709999978542,0.0,,0.75,,,0.0,,13.0999755859,83.9746780396,329.0,,,,
127.899228324,371,2270,104700,42.2738894444,-83.7154530556,47.1699981689,0.709999978542,0.0,,0.75,,,0.0,,13.0999755859,83.9746780396,329.0,,,,
127.899228324,371,2270,105800,42.2738894444,-83.7154530556,46.3799972534,0.709999978542,0.0,,0.75,,,0.0,,70.8999633789,83.9746780396,329.0,,,,
127.899228324,371,2270,106000,42.2736252778,-83.7150736111,46.3799972534,0.709999978542,0.0,,0.75,,,0.0,,70.8999633789,83.9746780396,329.0,,,,
127.899228324,371,2270,106600,42.2736252778,-83.7150736111,46.3799972534,0.709999978542,0.0,,0.75,,,0.0,,70.8999633789,83.9746780396,332.0,,,,
127.899228324,371,2270,106800,42.2736252778,-83.7150736111,44.8400001526,0.709999978542,0.0,,0.75,,,0.0,,21.799987793,83.9746780396,332.0,,,,
127.899228324,371,2270,107900,42.2736252778,-83.7150736111,45.5399971008,0.709999978542,0.0,,0.75,,,0.0,,11.549987793,83.9746780396,332.0,,,,
127.899228324,371,2270,108000,42.2734744444,-83.7148433333,45.5399971008,0.709999978542,0.0,,0.75,,,0.0,,11.549987793,83.9746780396,332.0,,,,
127.899228324,371,2270,108900,42.2734744444,-83.7148433333,45.7599983215,0.709999978542,0.0,,0.75,,,0.0,,12.75,83.9746780396,332.0,,,,
127.899228324,371,2270,109900,42.2734744444,-83.7148433333,45.9500007629,0.709999978542,0.0,,0.75,,,0.0,,11.25,83.9746780396,332.0,,,,
127.899228324,371,2270,110200,42.2734744444,-83.7148433333,45.9500007629,0.709999978542,0.0,,1.0,,,0.0,,11.25,83.9746780396,332.0,,,,
127.899228324,371,2270,111000,42.2734744444,-83.7148433333,46.0299987793,0.709999978542,0.0,,1.0,,,0.0,,38.8499755859,83.9746780396,332.0,,,,
127.899228324,371,2270,111700,42.2734744444,-83.7148433333,46.0299987793,0.709999978542,0.0,,1.0,,,0.0,,38.8499755859,83.9746780396,335.0,,,,
127.899228324,371,2270,112000,42.2734744444,-83.7148433333,45.6199989319,0.709999978542,0.0,,1.0,,,0.0,,36.450012207,83.9746780396,335.0,,,,
127.899228324,371,2270,113100,42.2734744444,-83.7148433333,46.219997406,0.709999978542,0.0,,1.0,,,0.0,,13.0999755859,83.9746780396,335.0,,,,
127.899228324,371,2270,114100,42.2734744444,-83.7148433333,47.2899971008,0.709999978542,0.0,,1.0,,,0.0,,12.75,83.9746780396,335.0,,,,
127.899228324,371,2270,115100,42.2734744444,-83.7148433333,48.5499992371,0.709999978542,0.0,,1.0,,,0.0,,14.75,83.9746780396,335.0,,,,
127.899228324,371,2270,116000,42.2729738889,-83.713925,48.5499992371,0.709999978542,0.0,,1.0,,,0.0,,14.75,83.9746780396,335.0,,,,
127.899228324,371,2270,116200,42.2729738889,-83.713925,48.6599998474,0.709999978542,0.0,,1.0,,,0.0,,12.75,83.9746780396,335.0,,,,
127.899228324,371,2270,116700,42.2729738889,-83.713925,48.6599998474,0.709999978542,0.0,,1.0,,,0.0,,12.75,83.9746780396,331.0,,,,
127.899228324,371,2270,117200,42.2729738889,-83.713925,48.3400001526,0.709999978542,0.0,,1.0,,,0.0,,12.75,83.9746780396,331.0,,,,
127.899228324,371,2270,118300,42.2729738889,-83.713925,47.9099998474,0.709999978542,0.0,,1.0,,,0.0,,12.75,83.9746780396,331.0,,,,
127.899228324,371,2270,119000,42.2728819444,-83.71358,47.9099998474,0.709999978542,0.0,,1.0,,,0.0,,12.75,83.9746780396,331.0,,,,
127.899228324,371,2270,119300,42.2728819444,-83.71358,46.7599983215,0.709999978542,0.0,,1.0,,,0.0,,12.950012207,83.9746780396,331.0,,,,
127.899228324,371,2270,120300,42.2728819444,-83.71358,45.6699981689,0.709999978542,0.0,,1.0,,,0.0,,12.1499633789,83.9746780396,331.0,,,,
127.899228324,371,2270,121400,42.2728819444,-83.71358,44.3899993896,0.709999978542,0.0,,1.0,,,0.0,,10.200012207,83.9746780396,331.0,,,,
127.899228324,371,2270,122000,42.2727955556,-83.7131152778,44.3899993896,0.709999978542,0.0,,1.0,,,0.0,,10.200012207,83.9746780396,331.0,,,,
127.899228324,371,2270,122400,42.2727955556,-83.7131152778,43.1599998474,0.709999978542,0.0,,1.0,,,0.0,,10.200012207,83.9746780396,331.0,,,,
127.899228324,371,2270,123500,42.2727955556,-83.7131152778,41.8499984741,0.709999978542,0.0,,1.0,,,0.0,,9.39996337891,83.9746780396,331.0,,,,
127.899228324,371,2270,124500,42.2727955556,-83.7131152778,40.719997406,0.709999978542,0.0,,1.0,,,0.0,,9.09997558594,83.9746780396,331.0,,,,
127.899228324,371,2270,125000,42.2728169444,-83.7125594444,40.719997406,0.709999978542,0.0,,1.0,,,0.0,,9.09997558594,83.9746780396,331.0,,,,
127.899228324,371,2270,125500,42.2728169444,-83.7125594444,39.5,0.709999978542,0.0,,1.0,,,0.0,,-2.65002441406,83.9746780396,331.0,,,,
127.899228324,371,2270,126600,42.2728169444,-83.7125594444,39.7900009155,0.709999978542,0.0,,1.0,,,0.0,,-33.299987793,83.9746780396,331.0,,,,
127.899228324,371,2270,126800,42.2728169444,-83.7125594444,39.7900009155,0.709999978542,0.0,,1.0,,,0.0,,-33.299987793,83.9746780396,323.5,,,,
127.899228324,371,2270,127600,42.2728169444,-83.7125594444,40.6199989319,0.709999978542,0.0,,1.0,,,0.0,,-34.700012207,83.9746780396,323.5,,,,
127.899228324,371,2270,128100,42.2728894444,-83.7122152778,40.6199989319,0.709999978542,0.0,,1.0,,,0.0,,-34.700012207,83.9746780396,323.5,,,,
127.899228324,371,2270,128700,42.2728894444,-83.7122152778,41.2799987793,0.709999978542,0.0,,1.0,,,0.0,,-32.549987793,83.9746780396,323.5,,,,
127.899228324,371,2270,129700,42.2728894444,-83.7122152778,41.9199981689,0.709999978542,0.0,,1.0,,,0.0,,-30.25,83.9746780396,323.5,,,,
127.899228324,371,2270,130800,42.2728894444,-83.7122152778,42.4500007629,0.709999978542,0.0,,1.0,,,0.0,,-27.5,83.9746780396,323.5,,,,
127.899228324,371,2270,131100,42.2728611111,-83.7117494444,42.4500007629,0.709999978542,0.0,,1.0,,,0.0,,-27.5,83.9746780396,323.5,,,,
127.899228324,371,2270,131900,42.2728611111,-83.7117494444,42.5400009155,0.709999978542,0.0,,1.0,,,0.0,,-23.700012207,83.9746780396,324.0,,,,
127.899228324,371,2270,133000,42.2728611111,-83.7117494444,42.5099983215,0.709999978542,0.0,,1.0,,,0.0,,-19.450012207,83.9746780396,324.0,,,,
127.899228324,371,2270,134000,42.2728611111,-83.7117494444,42.3799972534,0.709999978542,0.0,,1.0,,,0.0,,-18.950012207,83.9746780396,324.0,,,,
127.899228324,371,2270,134100,42.2728308333,-83.7113369444,42.3799972534,0.709999978542,0.0,,1.0,,,0.0,,-18.950012207,83.9746780396,324.0,,,,
127.899228324,371,2270,135100,42.2728308333,-83.7113369444,42.2299995422,0.709999978542,0.0,,1.0,,,0.0,,-19.450012207,83.9746780396,324.0,,,,
127.899228324,371,2270,136100,42.2728308333,-83.7113369444,42.0400009155,0.709999978542,0.0,,1.0,,,0.0,,-18.200012207,83.9746780396,324.0,,,,
127.899228324,371,2270,136900,42.2728308333,-83.7113369444,42.0400009155,0.709999978542,0.0,,1.0,,,0.0,,-18.200012207,83.9746780396,324.5,,,,
127.899228324,371,2270,137000,42.2728130556,-83.7109358333,42.0400009155,0.709999978542,0.0,,1.0,,,0.0,,-18.200012207,83.9746780396,324.5,,,,
127.899228324,371,2270,137100,42.2728130556,-83.7109358333,41.5799980164,0.709999978542,0.0,,1.0,,,0.0,,-21.549987793,83.9746780396,324.5,,,,
127.899228324,371,2270,138200,42.2728130556,-83.7109358333,41.4599990845,0.709999978542,0.0,,1.0,,,0.0,,-31.799987793,83.9746780396,324.5,,,,
127.899228324,371,2270,139200,42.2728130556,-83.7109358333,41.6599998474,0.709999978542,0.0,,1.0,,,0.0,,-43.549987793,83.9746780396,324.5,,,,
127.899228324,371,2270,140000,42.2728130556,-83.7109358333,41.6599998474,0.709999978542,0.0,,1.0,,,0.0,,-43.549987793,83.9746780396,324.5,,,,
127.899228324,371,2270,140100,42.2727994444,-83.7105433333,41.6599998474,0.709999978542,0.0,,1.0,,,0.0,,-43.549987793,83.9746780396,324.5,,,,
127.899228324,371,2270,140300,42.2727994444,-83.7105433333,41.8199996948,0.709999978542,0.0,,1.0,,,0.0,,-43.700012207,83.9746780396,324.5,,,,
127.899228324,371,2270,140600,42.2727994444,-83.7105433333,41.8199996948,0.709999978542,0.0,,1.0,,,0.0,,-43.700012207,83.6202468872,324.5,,,,
127.899228324,371,2270,141300,42.2727994444,-83.7105433333,41.8499984741,0.709999978542,0.0,,1.0,,,0.0,,-47.950012207,83.6202468872,324.5,,,,
127.899228324,371,2270,141900,42.2727994444,-83.7105433333,41.8499984741,0.709999978542,0.0,,1.0,,,0.0,,-47.950012207,83.6202468872,318.5,,,,
127.899228324,371,2270,142300,42.2727994444,-83.7105433333,42.0299987793,0.709999978542,0.0,,1.0,,,0.0,,-56.799987793,83.6202468872,318.5,,,,
127.899228324,371,2270,143000,42.2727961111,-83.7101052778,42.0299987793,0.709999978542,0.0,,1.0,,,0.0,,-56.799987793,83.6202468872,318.5,,,,
127.899228324,371,2270,143400,42.2727961111,-83.7101052778,42.3099975586,0.709999978542,0.0,,1.0,,,0.0,,-64.6000366211,83.6202468872,318.5,,,,
127.899228324,371,2270,144400,42.2727961111,-83.7101052778,42.7799987793,0.709999978542,0.0,,1.0,,,0.0,,-65.049987793,83.6202468872,318.5,,,,
127.899228324,371,2270,145500,42.2727961111,-83.7101052778,43.2900009155,0.709999978542,0.0,,1.0,,,0.0,,-63.25,83.6202468872,318.5,,,,
127.899228324,371,2270,146100,42.2728008333,-83.7096461111,43.2900009155,0.709999978542,0.0,,1.0,,,0.0,,-63.25,83.6202468872,318.5,,,,
127.899228324,371,2270,146500,42.2728008333,-83.7096461111,43.2099990845,0.709999978542,0.0,,1.0,,,0.0,,-44.299987793,83.6202468872,318.5,,,,
127.899228324,371,2270,147000,42.2728008333,-83.7096461111,43.2099990845,0.709999978542,0.0,,1.0,,,0.0,,-44.299987793,83.6202468872,317.5,,,,
127.899228324,371,2270,147500,42.2728008333,-83.7096461111,42.3899993896,0.709999978542,0.0,,1.0,,,0.0,,-30.1000366211,83.6202468872,317.5,,,,
127.899228324,371,2270,148600,42.2728008333,-83.7096461111,41.4899978638,0.709999978542,0.0,,1.0,,,0.0,,-25.700012207,83.6202468872,317.5,,,,
127.899228324,371,2270,149000,42.2728008333,-83.7092072222,41.4899978638,0.709999978542,0.0,,1.0,,,0.0,,-25.700012207,83.6202468872,317.5,,,,
127.899228324,371,2270,149600,42.2728008333,-83.7092072222,40.5200004578,0.709999978542,0.0,,1.0,,,0.0,,-22.3500366211,83.6202468872,317.5,,,,
127.899228324,371,2270,150700,42.2728008333,-83.7092072222,39.6199989319,0.709999978542,0.0,,1.0,,,0.0,,-20.6500244141,83.6202468872,317.5,,,,
127.899228324,371,2270,151700,42.2728008333,-83.7092072222,39.1899986267,0.709999978542,0.0,,1.0,,,0.0,,-23.1000366211,83.6202468872,317.5,,,,
127.899228324,371,2270,152000,42.2728177778,-83.7087752778,39.1899986267,0.709999978542,0.0,,1.0,,,0.0,,-23.1000366211,83.6202468872,321.5,,,,
127.899228324,371,2270,152700,42.2728177778,-83.7087752778,39.1699981689,0.709999978542,0.0,,1.0,,,0.0,,-27.5,83.6202468872,321.5,,,,
127.899228324,371,2270,153800,42.2728177778,-83.7087752778,39.0099983215,0.709999978542,0.0,,1.0,,,0.0,,-30.25,83.6202468872,321.5,,,,
127.899228324,371,2270,154800,42.2728177778,-83.7087752778,38.9399986267,0.709999978542,0.0,,1.0,,,0.0,,-31.950012207,83.6202468872,321.5,,,,
127.899228324,371,2270,155000,42.2728169444,-83.7083508333,38.9399986267,0.709999978542,0.0,,1.0,,,0.0,,-31.950012207,83.6202468872,321.5,,,,
127.899228324,371,2270,155900,42.2728169444,-83.7083508333,39.3099975586,0.709999978542,0.0,,1.0,,,0.0,,-30.4000244141,83.6202468872,321.5,,,,
127.899228324,371,2270,156900,42.2728169444,-83.7083508333,40.0499992371,0.709999978542,0.0,,1.0,,,0.0,,-25.25,83.6202468872,321.5,,,,
127.899228324,371,2270,157000,42.2728169444,-83.7083508333,40.0499992371,0.709999978542,0.0,,1.0,,,0.0,,-25.25,83.6202468872,320.5,,,,
127.899228324,371,2270,157900,42.2728169444,-83.7083508333,40.7099990845,0.709999978542,0.0,,1.0,,,0.0,,-18.799987793,83.6202468872,320.5,,,,
127.899228324,371,2270,158100,42.2728197222,-83.7079055556,40.7099990845,0.709999978542,0.0,,1.0,,,0.0,,-18.799987793,83.6202468872,320.5,,,,
127.899228324,371,2270,159000,42.2728197222,-83.7079055556,41.7599983215,0.709999978542,0.0,,1.0,,,0.0,,-17.450012207,83.6202468872,320.5,,,,
127.899228324,371,2270,160000,42.2728197222,-83.7079055556,43.25,0.709999978542,0.0,,1.0,,,0.0,,-15.6000366211,83.6202468872,320.5,,,,
127.899228324,371,2270,161000,42.2728330556,-83.7074472222,43.25,0.709999978542,0.0,,1.0,,,0.0,,-15.6000366211,83.6202468872,320.5,,,,
127.899228324,371,2270,161100,42.2728330556,-83.7074472222,44.7799987793,0.709999978542,0.0,,1.0,,,0.0,,-14.4000244141,83.6202468872,320.5,,,,
127.899228324,371,2270,162100,42.2728330556,-83.7074472222,46.969997406,0.709999978542,0.0,,1.0,,,0.0,,-13.1500244141,83.6202468872,323.0,,,,
127.899228324,371,2270,163100,42.2728330556,-83.7074472222,47.6899986267,0.709999978542,0.0,,1.0,,,0.0,,-13.3500366211,83.6202468872,323.0,,,,
127.899228324,371,2270,164000,42.2728458333,-83.7069480556,47.6899986267,0.709999978542,0.0,,1.0,,,0.0,,-13.3500366211,83.6202468872,323.0,,,,
127.899228324,371,2270,164200,42.2728458333,-83.7069480556,47.4399986267,0.709999978542,0.0,,1.0,,,0.0,,-11.950012207,83.6202468872,323.0,,,,
127.899228324,371,2270,165300,42.2728458333,-83.7069480556,47.0299987793,0.709999978542,0.0,,1.0,,,0.0,,-2.04998779297,83.6202468872,323.0,,,,
127.899228324,371,2270,166300,42.2728458333,-83.7069480556,45.5999984741,0.709999978542,0.0,,1.0,,,0.0,,9.70001220703,83.6202468872,323.0,,,,
127.899228324,371,2270,167000,42.2728908333,-83.7064413889,45.5999984741,0.709999978542,0.0,,1.0,,,0.0,,9.70001220703,83.6202468872,323.0,,,,
127.899228324,371,2270,167200,42.2728908333,-83.7064413889,45.5999984741,0.709999978542,0.0,,1.0,,,0.0,,9.70001220703,83.6202468872,327.0,,,,
127.899228324,371,2270,167400,42.2728908333,-83.7064413889,44.719997406,0.709999978542,0.0,,1.0,,,0.0,,10.200012207,83.6202468872,327.0,,,,
127.899228324,371,2270,168500,42.2728908333,-83.7064413889,44.4799995422,0.709999978542,0.0,,1.0,,,0.0,,10.5,83.6202468872,327.0,,,,
127.899228324,371,2270,169500,42.2728908333,-83.7064413889,44.8199996948,0.709999978542,0.0,,1.0,,,0.0,,12.5999755859,83.6202468872,327.0,,,,
127.899228324,371,2270,170000,42.2729216667,-83.7059591667,44.8199996948,0.709999978542,0.0,,1.0,,,0.0,,12.5999755859,83.6202468872,327.0,,,,
127.899228324,371,2270,170600,42.2729216667,-83.7059591667,45.8600006104,0.709999978542,0.0,,1.0,,,0.0,,14.299987793,83.6202468872,327.0,,,,
127.899228324,371,2270,171200,42.2729216667,-83.7059591667,45.8600006104,0.709999978542,0.0,,1.0,,,0.0,,14.299987793,83.6202468872,327.0,,,,
127.899228324,371,2270,171600,42.2729216667,-83.7059591667,47.0599975586,0.709999978542,0.0,,1.0,,,0.0,,12.0,83.6202468872,327.0,,,,
127.899228324,371,2270,172200,42.2729216667,-83.7059591667,47.0599975586,0.709999978542,0.0,,1.0,,,0.0,,12.0,83.6202468872,328.5,,,,
127.899228324,371,2270,172600,42.2729216667,-83.7059591667,47.0599975586,0.709999978542,0.0,,1.0,,,0.0,,12.5999755859,83.6202468872,328.5,,,,
127.899228324,371,2270,172700,42.2729216667,-83.7059591667,47.6299972534,0.709999978542,0.0,,1.0,,,0.0,,12.5999755859,83.6202468872,328.5,,,,
127.899228324,371,2270,173000,42.2729547222,-83.7054755556,47.6299972534,0.709999978542,0.0,,1.0,,,0.0,,12.5999755859,83.6202468872,328.5,,,,
127.899228324,371,2270,173700,42.2729547222,-83.7054755556,47.6399993896,0.709999978542,0.0,,1.0,,,0.0,,12.299987793,83.6202468872,328.5,,,,
127.899228324,371,2270,174700,42.2729547222,-83.7054755556,47.2599983215,0.709999978542,0.0,,1.0,,,0.0,,12.299987793,83.6202468872,328.5,,,,
127.899228324,371,2270,175800,42.2729547222,-83.7054755556,46.0299987793,0.709999978542,0.0,,1.0,,,0.0,,12.0,83.6202468872,328.5,,,,
127.899228324,371,2270,176800,42.2729547222,-83.7054755556,44.8499984741,0.709999978542,0.0,,1.0,,,0.0,,12.5999755859,83.6202468872,328.5,,,,
127.899228324,371,2270,177000,42.2730358333,-83.704845,44.8499984741,0.709999978542,0.0,,1.0,,,0.0,,12.5999755859,83.6202468872,328.5,,,,
127.899228324,371,2270,177800,42.2730358333,-83.704845,43.7900009155,0.709999978542,0.0,,1.0,,,0.0,,12.5999755859,83.6202468872,328.5,,,,
127.899228324,371,2270,177900,42.2730358333,-83.704845,43.7900009155,0.709999978542,0.0,,1.0,,,0.0,,11.0999755859,83.6202468872,328.5,,,,
127.899228324,371,2270,178900,42.2730358333,-83.704845,43.4199981689,0.709999978542,0.0,,1.0,,,0.0,,12.1499633789,83.6202468872,328.5,,,,
127.899228324,371,2270,179900,42.2730358333,-83.704845,43.6599998474,0.709999978542,0.0,,1.0,,,0.0,,10.6499633789,83.6202468872,328.5,,,,
127.899228324,371,2270,180000,42.2731638889,-83.7044297222,43.6599998474,0.709999978542,0.0,,1.0,,,0.0,,10.6499633789,83.6202468872,328.5,,,,
127.899228324,371,2270,181000,42.2731638889,-83.7044297222,44.5299987793,0.709999978542,0.0,,1.0,,,0.0,,12.299987793,83.6202468872,328.5,,,,
127.899228324,371,2270,182000,42.2731638889,-83.7044297222,45.9899978638,0.709999978542,0.0,,1.0,,,0.0,,12.0,83.6202468872,328.5,,,,
127.899228324,371,2270,182300,42.2731638889,-83.7044297222,45.9899978638,0.709999978542,0.0,,1.0,,,0.0,,12.0,83.6202468872,329.5,,,,
127.899228324,371,2270,183000,42.2733908333,-83.7039891667,45.9899978638,0.709999978542,0.0,,1.0,,,0.0,,12.0,83.6202468872,329.5,,,,
127.899228324,371,2270,183100,42.2733908333,-83.7039891667,47.5599975586,0.709999978542,0.0,,1.0,,,0.0,,13.0999755859,83.6202468872,329.5,,,,
127.899228324,371,2270,184100,42.2733908333,-83.7039891667,49.9099998474,0.709999978542,0.0,,1.0,,,0.0,,13.700012207,83.6202468872,329.5,,,,
127.899228324,371,2270,185100,42.2733908333,-83.7039891667,48.219997406,0.709999978542,0.0,,1.0,,,0.0,,64.950012207,83.6202468872,329.5,,,,
127.899228324,371,2270,186100,42.2736519444,-83.7036233333,48.219997406,0.709999978542,0.0,,1.0,,,0.0,,64.950012207,83.6202468872,329.5,,,,
127.899228324,371,2270,186200,42.2736519444,-83.7036233333,46.6699981689,0.709999978542,0.0,,1.0,,,0.0,,54.5999755859,83.6202468872,329.5,,,,
127.899228324,371,2270,187200,42.2736519444,-83.7036233333,45.4300003052,0.709999978542,0.0,,1.0,,,0.0,,51.8499755859,83.6202468872,329.5,,,,
127.899228324,371,2270,187300,42.2736519444,-83.7036233333,45.4300003052,0.709999978542,0.0,,1.0,,,0.0,,51.8499755859,83.6202468872,337.5,,,,
127.899228324,371,2270,188300,42.2736519444,-83.7036233333,44.1599998474,0.709999978542,0.0,,1.0,,,0.0,,45.8999633789,83.6202468872,337.5,,,,
127.899228324,371,2270,189000,42.2739216667,-83.7033044444,44.1599998474,0.709999978542,0.0,,1.0,,,0.0,,45.8999633789,83.6202468872,337.5,,,,
127.899228324,371,2270,189300,42.2739216667,-83.7033044444,43.6899986267,0.709999978542,0.0,,1.0,,,0.0,,42.549987793,83.6202468872,337.5,,,,
127.899228324,371,2270,190300,42.2739216667,-83.7033044444,43.7099990845,0.709999978542,0.0,,1.0,,,0.0,,44.3499755859,83.6202468872,337.5,,,,
127.899228324,371,2270,191400,42.2739216667,-83.7033044444,43.3899993896,0.709999978542,0.0,,1.0,,,0.0,,52.5999755859,83.6202468872,337.5,,,,
127.899228324,371,2270,192000,42.2741838889,-83.7030083333,43.3899993896,0.709999978542,0.0,,1.0,,,0.0,,52.5999755859,83.6202468872,337.5,,,,
127.899228324,371,2270,192300,42.2741838889,-83.7030083333,43.3899993896,0.709999978542,0.0,,1.0,,,0.0,,52.5999755859,83.6202468872,341.0,,,,
127.899228324,371,2270,192400,42.2741838889,-83.7030083333,41.9300003052,0.709999978542,0.0,,1.0,,,0.0,,65.5999755859,83.6202468872,341.0,,,,
127.899228324,371,2270,193500,42.2741838889,-83.7030083333,41.1100006104,0.709999978542,0.0,,1.0,,,0.0,,50.450012207,83.6202468872,341.0,,,,
127.899228324,371,2270,194500,42.2741838889,-83.7030083333,40.6800003052,0.709999978542,0.0,,1.0,,,0.0,,42.0999755859,83.6202468872,341.0,,,,
127.899228324,371,2270,195000,42.27445,-83.7027361111,40.6800003052,0.709999978542,0.0,,1.0,,,0.0,,42.0999755859,83.6202468872,341.0,,,,
127.899228324,371,2270,195500,42.27445,-83.7027361111,40.8699989319,0.709999978542,0.0,,1.0,,,0.0,,26.5,83.6202468872,341.0,,,,
127.899228324,371,2270,196600,42.27445,-83.7027361111,41.25,0.709999978542,0.0,,1.0,,,0.0,,18.25,83.6202468872,341.0,,,,
127.899228324,371,2270,197400,42.27445,-83.7027361111,41.25,0.709999978542,0.0,,1.0,,,0.0,,18.25,83.6202468872,332.0,,,,
127.899228324,371,2270,197600,42.27445,-83.7027361111,42.3999977112,0.709999978542,0.0,,1.0,,,0.0,,10.950012207,83.6202468872,332.0,,,,
127.899228324,371,2270,198100,42.2746183333,-83.7023691667,42.3999977112,0.709999978542,0.0,,1.0,,,0.0,,10.950012207,83.6202468872,332.0,,,,
127.899228324,371,2270,198700,42.2746183333,-83.7023691667,42.9599990845,0.709999978542,0.0,,1.0,,,0.0,,10.200012207,83.6202468872,332.0,,,,
127.899228324,371,2270,199700,42.2746183333,-83.7023691667,43.0200004578,0.709999978542,0.0,,1.0,,,0.0,,8.04998779297,83.6202468872,332.0,,,,
127.899228324,371,2270,200000,42.2746183333,-83.7023691667,43.0200004578,0.709999978542,0.0,,1.0,,,0.0,,8.04998779297,83.6202468872,332.0,,,,
127.899228324,371,2270,200600,42.2746183333,-83.7023691667,43.0200004578,0.709999978542,0.0,,1.0,,,0.0,,8.04998779297,83.7974624634,332.0,,,,
127.899228324,371,2270,200800,42.2746183333,-83.7023691667,43.7099990845,0.709999978542,0.0,,1.0,,,0.0,,-8.75,83.7974624634,332.0,,,,
127.899228324,371,2270,201100,42.2746352778,-83.7019563889,43.7099990845,0.709999978542,0.0,,1.0,,,0.0,,-8.75,83.7974624634,332.0,,,,
127.899228324,371,2270,201900,42.2746352778,-83.7019563889,44.4799995422,0.709999978542,0.0,,1.0,,,0.0,,-17.75,83.7974624634,332.0,,,,
127.899228324,371,2270,202400,42.2746352778,-83.7019563889,44.4799995422,0.709999978542,0.0,,1.0,,,0.0,,-17.75,83.7974624634,327.0,,,,
127.899228324,371,2270,202900,42.2746352778,-83.7019563889,44.8600006104,0.709999978542,0.0,,1.0,,,0.0,,-16.4000244141,83.7974624634,327.0,,,,
127.899228324,371,2270,204000,42.2746352778,-83.7019563889,44.8400001526,0.709999978542,0.0,,1.0,,,0.0,,-10.25,83.7974624634,327.0,,,,
127.899228324,371,2270,204100,42.2745644444,-83.7015527778,44.8400001526,0.709999978542,0.0,,1.0,,,0.0,,-10.25,83.7974624634,327.0,,,,
127.899228324,371,2270,205100,42.2745644444,-83.7015527778,44.7000007629,0.709999978542,0.0,,1.0,,,0.0,,-6.75,83.7974624634,327.0,,,,
127.899228324,371,2270,206100,42.2745644444,-83.7015527778,44.7000007629,0.709999978542,0.0,,1.0,,,0.0,,-8.60003662109,83.7974624634,327.0,,,,
127.899228324,371,2270,207000,42.2744697222,-83.7011377778,44.7000007629,0.709999978542,0.0,,1.0,,,0.0,,-8.60003662109,83.7974624634,327.0,,,,
127.899228324,371,2270,207100,42.2744697222,-83.7011377778,44.6499977112,0.709999978542,0.0,,1.0,,,0.0,,-23.4000244141,83.7974624634,327.0,,,,
127.899228324,371,2270,207500,42.2744697222,-83.7011377778,44.6499977112,0.709999978542,0.0,,1.0,,,0.0,,-23.4000244141,83.7974624634,325.0,,,,
127.899228324,371,2270,208200,42.2744697222,-83.7011377778,44.6800003052,0.709999978542,0.0,,1.0,,,0.0,,-25.8500366211,83.7974624634,325.0,,,,
127.899228324,371,2270,209200,42.2744697222,-83.7011377778,44.7399978638,0.709999978542,0.0,,1.0,,,0.0,,-18.799987793,83.7974624634,325.0,,,,
127.899228324,371,2270,210000,42.2743605556,-83.7007286111,44.7399978638,0.709999978542,0.0,,1.0,,,0.0,,-18.799987793,83.7974624634,325.0,,,,
127.899228324,371,2270,210300,42.2743605556,-83.7007286111,44.2000007629,0.709999978542,0.0,,1.0,,,0.0,,-17.75,83.7974624634,325.0,,,,
127.899228324,371,2270,211300,42.2743605556,-83.7007286111,43.7399978638,0.709999978542,0.0,,1.0,,,0.0,,-25.8500366211,83.7974624634,325.0,,,,
127.899228324,371,2270,212300,42.2743605556,-83.7007286111,43.8499984741,0.709999978542,0.0,,1.0,,,0.0,,-37.0,83.7974624634,325.0,,,,
127.899228324,371,2270,212500,42.2743605556,-83.7007286111,43.8499984741,0.709999978542,0.0,,1.0,,,0.0,,-37.0,83.7974624634,322.5,,,,
127.899228324,371,2270,213000,42.2742536111,-83.7003183333,43.8499984741,0.709999978542,0.0,,1.0,,,0.0,,-37.0,83.7974624634,322.5,,,,
127.899228324,371,2270,213400,42.2742536111,-83.7003183333,44.0099983215,0.709999978542,0.0,,1.0,,,0.0,,-37.9000244141,83.7974624634,322.5,,,,
127.899228324,371,2270,214400,42.2742536111,-83.7003183333,44.2599983215,0.709999978542,0.0,,1.0,,,0.0,,-35.9000244141,83.7974624634,322.5,,,,
127.899228324,371,2270,215500,42.2742536111,-83.7003183333,44.3799972534,0.709999978542,0.0,,1.0,,,0.0,,-29.6500244141,83.7974624634,322.5,,,,
127.899228324,371,2270,216100,42.2741508333,-83.6999041667,44.3799972534,0.709999978542,0.0,,1.0,,,0.0,,-29.6500244141,83.7974624634,322.5,,,,
127.899228324,371,2270,216500,42.2741508333,-83.6999041667,44.3199996948,0.709999978542,0.0,,1.0,,,0.0,,-2.79998779297,83.7974624634,322.5,,,,
127.899228324,371,2270,217500,42.2741508333,-83.6999041667,43.2999992371,0.709999978542,0.0,,1.0,,,0.0,,8.95001220703,83.7974624634,329.5,,,,
127.899228324,371,2270,218600,42.2741508333,-83.6999041667,42.3899993896,0.709999978542,0.0,,1.0,,,0.0,,11.700012207,83.7974624634,329.5,,,,
127.899228324,371,2270,219000,42.2740544444,-83.6995005556,42.3899993896,0.709999978542,0.0,,1.0,,,0.0,,11.700012207,83.7974624634,329.5,,,,
127.899228324,371,2270,219600,42.2740544444,-83.6995005556,41.5900001526,0.709999978542,0.0,,1.0,,,0.0,,11.549987793,83.7974624634,329.5,,,,
127.899228324,371,2270,220700,42.2740544444,-83.6995005556,41.5,0.709999978542,0.0,,1.0,,,0.0,,-3.85003662109,83.7974624634,329.5,,,,
127.899228324,371,2270,221700,42.2740544444,-83.6995005556,41.9899978638,0.709999978542,0.0,,1.0,,,0.0,,-11.200012207,83.7974624634,329.5,,,,
127.899228324,371,2270,222000,42.2739491667,-83.6991036111,41.9899978638,0.709999978542,0.0,,1.0,,,0.0,,-11.200012207,83.7974624634,329.5,,,,
127.899228324,371,2270,222600,42.2739491667,-83.6991036111,41.9899978638,0.709999978542,0.0,,1.0,,,0.0,,-11.200012207,83.7974624634,325.5,,,,
127.899228324,371,2270,222700,42.2739491667,-83.6991036111,42.7700004578,0.709999978542,0.0,,1.0,,,0.0,,-14.8500366211,83.7974624634,325.5,,,,
127.899228324,371,2270,223800,42.2739491667,-83.6991036111,43.3600006104,0.709999978542,0.0,,1.0,,,0.0,,-15.0,83.7974624634,325.5,,,,
127.899228324,371,2270,224800,42.2739491667,-83.6991036111,44.0200004578,0.709999978542,0.0,,1.0,,,0.0,,-12.1000366211,83.7974624634,325.5,,,,
127.899228324,371,2270,225000,42.2738466667,-83.6986913889,44.0200004578,0.709999978542,0.0,,1.0,,,0.0,,-12.1000366211,83.7974624634,325.5,,,,
127.899228324,371,2270,225900,42.2738466667,-83.6986913889,44.3400001526,0.709999978542,0.0,,1.0,,,0.0,,-12.549987793,83.7974624634,325.5,,,,
127.899228324,371,2270,226900,42.2738466667,-83.6986913889,44.2999992371,0.709999978542,0.0,,1.0,,,0.0,,-10.450012207,83.7974624634,325.5,,,,
127.899228324,371,2270,227600,42.2738466667,-83.6986913889,44.2999992371,0.709999978542,0.0,,1.0,,,0.0,,-10.450012207,83.7974624634,327.0,,,,
127.899228324,371,2270,227900,42.2738466667,-83.6986913889,43.9799995422,0.709999978542,0.0,,1.0,,,0.0,,-6.0,83.7974624634,327.0,,,,
127.899228324,371,2270,228100,42.2737586111,-83.6982733333,43.9799995422,0.709999978542,0.0,,1.0,,,0.0,,-6.0,83.7974624634,327.0,,,,
127.899228324,371,2270,229000,42.2737586111,-83.6982733333,42.8699989319,0.709999978542,0.0,,1.0,,,0.0,,-1.54998779297,83.7974624634,327.0,,,,
127.899228324,371,2270,230000,42.2737586111,-83.6982733333,41.3799972534,0.709999978542,0.0,,1.0,,,0.0,,5.29998779297,83.7974624634,327.0,,,,
127.899228324,371,2270,231000,42.2736352778,-83.6978975,41.3799972534,0.709999978542,0.0,,1.0,,,0.0,,5.29998779297,83.7974624634,327.0,,,,
127.899228324,371,2270,231100,42.2736352778,-83.6978975,39.3999977112,0.709999978542,0.0,,1.0,,,0.0,,7.75,83.7974624634,327.0,,,,
127.899228324,371,2270,232100,42.2736352778,-83.6978975,37.1199989319,0.709999978542,0.0,,1.0,,,0.0,,7.14996337891,83.7974624634,327.0,,,,
127.899228324,371,2270,232600,42.2736352778,-83.6978975,37.1199989319,0.709999978542,0.0,,1.0,,,0.0,,7.14996337891,83.7974624634,329.0,,,,
127.899228324,371,2270,233100,42.2736352778,-83.6978975,29.8299999237,0.709999978542,0.0,,1.0,,,0.0,,6.20001220703,83.7974624634,329.0,,,,
127.899228324,371,2270,234000,42.2734741667,-83.697695,29.8299999237,0.709999978542,0.0,,1.0,,,0.0,,6.20001220703,83.7974624634,329.0,,,,
127.899228324,371,2270,234200,42.2734741667,-83.697695,23.8799991608,0.709999978542,0.0,,1.0,,,0.0,,35.049987793,83.7974624634,329.0,,,,
127.899228324,371,2270,235200,42.2734741667,-83.697695,18.3099994659,0.709999978542,0.0,,1.0,,,0.0,,21.1499633789,83.7974624634,329.0,,,,
127.899228324,371,2270,236300,42.2734741667,-83.697695,13.4499998093,0.709999978542,0.0,,1.0,,,0.0,,13.8499755859,83.7974624634,329.0,,,,
127.899228324,371,2270,237000,42.2733394444,-83.6976383333,13.4499998093,0.709999978542,0.0,,1.0,,,0.0,,13.8499755859,83.7974624634,329.0,,,,
127.899228324,371,2270,237400,42.2733394444,-83.6976383333,9.03999996185,0.709999978542,0.0,,1.0,,,0.0,,6.95001220703,83.7974624634,329.0,,,,
127.899228324,371,2270,237700,42.2733394444,-83.6976383333,9.03999996185,0.709999978542,0.0,,1.0,,,0.0,,6.95001220703,83.7974624634,330.0,,,,
127.899228324,371,2270,238500,42.2733394444,-83.6976383333,4.94999980927,0.709999978542,0.0,,1.0,,,0.0,,-0.950012207031,83.7974624634,330.0,,,,
127.899228324,371,2270,239500,42.2733394444,-83.6976383333,1.92999994755,0.709999978542,0.0,,1.0,,,0.0,,-1.40002441406,83.7974624634,330.0,,,,
127.899228324,371,2270,240600,42.2733394444,-83.6976383333,0.189999997616,0.709999978542,0.0,,1.0,,,0.0,,-1.40002441406,83.7974624634,330.0,,,,
127.899228324,371,2270,241000,42.2732858333,-83.6976041667,0.189999997616,0.709999978542,0.0,,1.0,,,0.0,,-1.40002441406,83.7974624634,330.0,,,,
127.899228324,371,2270,241600,42.2732858333,-83.6976041667,0.0,0.709999978542,0.0,,1.0,,,0.0,,-1.10003662109,83.3417663574,328.5,,,,
127.899228324,371,2270,242700,42.2732858333,-83.6976041667,0.0,0.709999978542,0.0,,1.0,,,0.0,,-1.54998779297,83.3417663574,328.5,,,,
127.899228324,371,2270,243700,42.2732858333,-83.6976041667,0.0,0.709999978542,0.0,,1.0,,,0.0,,-1.90002441406,83.3417663574,328.5,,,,
127.899228324,371,2270,244700,42.2732858333,-83.6976041667,0.0,0.709999978542,0.0,,1.0,,,0.0,,-2.79998779297,83.3417663574,328.5,,,,
127.899228324,371,2270,245000,42.2732722222,-83.6975980556,0.0,0.709999978542,0.0,,1.0,,,0.0,,-2.79998779297,83.3417663574,328.5,,,,
127.899228324,371,2270,245600,42.2732722222,-83.6975980556,0.439999997616,0.709999978542,0.0,,1.0,,,0.0,,-2.79998779297,83.3164520264,328.0,,,,
127.899228324,371,2270,245700,42.2732722222,-83.6975980556,0.439999997616,0.709999978542,0.0,,1.25,,,0.0,,-3.25,83.3164520264,328.0,,,,
127.899228324,371,2270,246600,42.2732722222,-83.6975980556,0.819999992847,0.709999978542,0.0,,1.25,,,0.0,,-3.25,83.3164520264,328.0,,,,
127.899228324,371,2270,246700,42.2732722222,-83.6975980556,0.819999992847,0.709999978542,0.0,,1.25,,,0.0,,-3.54998779297,83.3164520264,328.0,,,,
127.899228324,371,2270,247700,42.2732722222,-83.6975980556,1.19999992847,0.709999978542,0.0,,1.25,,,0.0,,-3.10003662109,83.3164520264,328.0,,,,
127.899228324,371,2270,248000,42.2732541667,-83.6975891667,1.19999992847,0.709999978542,0.0,,1.25,,,0.0,,-3.10003662109,83.3164520264,328.0,,,,
127.899228324,371,2270,248700,42.2732541667,-83.6975891667,2.37999987602,0.709999978542,0.0,,1.25,,,0.0,,-3.10003662109,83.3164520264,328.0,,,,
127.899228324,371,2270,248800,42.2732541667,-83.6975891667,2.37999987602,0.709999978542,0.0,,1.25,,,0.0,,-14.700012207,83.3164520264,328.0,,,,
127.899228324,371,2270,249700,42.2732541667,-83.6975891667,9.01000022888,0.709999978542,0.0,,1.25,,,0.0,,-14.700012207,83.3164520264,328.0,,,,
127.899228324,371,2270,249800,42.2732541667,-83.6975891667,9.01000022888,0.709999978542,0.0,,1.25,,,0.0,,-42.950012207,83.3164520264,328.0,,,,
127.899228324,371,2270,250600,42.2732541667,-83.6975891667,9.01000022888,0.709999978542,0.0,,1.25,,,0.0,,-42.950012207,83.3164520264,320.0,,,,
127.899228324,371,2270,250800,42.2732541667,-83.6975891667,13.8599996567,0.709999978542,0.0,,1.25,,,0.0,,-47.3500366211,83.3164520264,320.0,,,,
127.899228324,371,2270,251100,42.2731686111,-83.6975833333,13.8599996567,0.709999978542,0.0,,1.25,,,0.0,,-47.3500366211,83.3164520264,320.0,,,,
127.899228324,371,2270,251800,42.2731686111,-83.6975833333,18.0399990082,0.709999978542,0.0,,1.25,,,0.0,,-47.3500366211,83.3164520264,320.0,,,,
127.899228324,371,2270,251900,42.2731686111,-83.6975833333,18.0399990082,0.709999978542,0.0,,1.25,,,0.0,,-49.200012207,83.3164520264,320.0,,,,
127.899228324,371,2270,252900,42.2731686111,-83.6975833333,21.7899990082,0.709999978542,0.0,,1.25,,,0.0,,-59.1000366211,83.3164520264,320.0,,,,
127.899228324,371,2270,253900,42.2731686111,-83.6975833333,25.359998703,0.709999978542,0.0,,1.25,,,0.0,,-59.1000366211,83.3164520264,320.0,,,,
127.899228324,371,2270,254000,42.2730141667,-83.6976166667,25.359998703,0.709999978542,0.0,,1.25,,,0.0,,-62.450012207,83.3164520264,320.0,,,,
127.899228324,371,2270,254900,42.2730141667,-83.6976166667,28.4599990845,0.709999978542,0.0,,1.25,,,0.0,,-62.450012207,83.3164520264,320.0,,,,
127.899228324,371,2270,255000,42.2730141667,-83.6976166667,28.4599990845,0.709999978542,0.0,,1.25,,,0.0,,-60.049987793,83.3164520264,320.0,,,,
127.899228324,371,2270,255700,42.2730141667,-83.6976166667,28.4599990845,0.709999978542,0.0,,1.25,,,0.0,,-60.049987793,83.3164520264,321.5,,,,
127.899228324,371,2270,256000,42.2730141667,-83.6976166667,30.1599998474,0.709999978542,0.0,,1.25,,,0.0,,-27.3500366211,83.3164520264,321.5,,,,
127.899228324,371,2270,257000,42.2730141667,-83.6976166667,29.8999996185,0.709999978542,0.0,,1.25,,,0.0,,-27.3500366211,83.3164520264,321.5,,,,
127.899228324,371,2270,257100,42.2728452778,-83.6977472222,29.8999996185,0.709999978542,0.0,,1.25,,,0.0,,-2.20001220703,83.3164520264,321.5,,,,
127.899228324,371,2270,258100,42.2728452778,-83.6977472222,28.7799987793,0.709999978542,0.0,,1.25,,,0.0,,3.14996337891,83.3164520264,321.5,,,,
127.899228324,371,2270,259100,42.2728452778,-83.6977472222,27.4399986267,0.709999978542,0.0,,1.25,,,0.0,,3.14996337891,83.3164520264,321.5,,,,
127.899228324,371,2270,259200,42.2728452778,-83.6977472222,27.4399986267,0.709999978542,0.0,,1.25,,,0.0,,8.64996337891,83.3164520264,321.5,,,,
127.899228324,371,2270,260000,42.272725,-83.6979402778,27.4399986267,0.709999978542,0.0,,1.25,,,0.0,,8.64996337891,83.3164520264,321.5,,,,
127.899228324,371,2270,260100,42.272725,-83.6979402778,24.8899993896,0.709999978542,0.0,,1.25,,,0.0,,8.64996337891,83.3164520264,321.5,,,,
127.899228324,371,2270,260200,42.272725,-83.6979402778,24.8899993896,0.709999978542,0.0,,1.25,,,0.0,,4.54998779297,83.3164520264,321.5,,,,
127.899228324,371,2270,260700,42.272725,-83.6979402778,24.8899993896,0.709999978542,0.0,,1.25,,,0.0,,4.54998779297,83.3164520264,328.0,,,,
127.899228324,371,2270,261200,42.272725,-83.6979402778,22.1499996185,0.709999978542,0.0,,1.25,,,0.0,,4.54998779297,83.3164520264,328.0,,,,
127.899228324,371,2270,261300,42.272725,-83.6979402778,22.1499996185,0.709999978542,0.0,,1.25,,,0.0,,1.14996337891,83.3164520264,328.0,,,,
127.899228324,371,2270,262200,42.272725,-83.6979402778,21.4599990845,0.709999978542,0.0,,1.25,,,0.0,,1.14996337891,83.3164520264,328.0,,,,
127.899228324,371,2270,262300,42.272725,-83.6979402778,21.4599990845,0.709999978542,0.0,,1.25,,,0.0,,-17.299987793,83.3164520264,328.0,,,,
127.899228324,371,2270,263000,42.2726391667,-83.6981175,21.4599990845,0.709999978542,0.0,,1.25,,,0.0,,-17.299987793,83.3164520264,328.0,,,,
127.899228324,371,2270,263300,42.2726391667,-83.6981175,23.5299987793,0.709999978542,0.0,,1.25,,,0.0,,-44.450012207,83.3164520264,328.0,,,,
127.899228324,371,2270,264300,42.2726391667,-83.6981175,26.4899997711,0.709999978542,0.0,,1.25,,,0.0,,-44.450012207,83.3164520264,328.0,,,,
127.899228324,371,2270,264400,42.2726391667,-83.6981175,26.4899997711,0.709999978542,0.0,,1.25,,,0.0,,-40.049987793,83.3164520264,328.0,,,,
127.899228324,371,2270,265300,42.2726391667,-83.6981175,28.9699993134,0.709999978542,0.0,,1.25,,,0.0,,-40.049987793,83.3164520264,328.0,,,,
127.899228324,371,2270,265400,42.2726391667,-83.6981175,28.9699993134,0.709999978542,0.0,,1.25,,,0.0,,-38.049987793,83.3164520264,328.0,,,,
127.899228324,371,2270,265700,42.2726391667,-83.6981175,28.9699993134,0.709999978542,0.0,,1.25,,,0.0,,-38.049987793,83.3164520264,320.0,,,,
127.899228324,371,2270,266000,42.2724777778,-83.6981144444,28.9699993134,0.709999978542,0.0,,1.25,,,0.0,,-38.049987793,83.3164520264,320.0,,,,
127.899228324,371,2270,266400,42.2724777778,-83.6981144444,31.3899993896,0.709999978542,0.0,,1.25,,,0.0,,-38.049987793,83.3164520264,320.0,,,,
127.899228324,371,2270,266500,42.2724777778,-83.6981144444,31.3899993896,0.709999978542,0.0,,1.25,,,0.0,,-37.299987793,83.3164520264,320.0,,,,
127.899228324,371,2270,267400,42.2724777778,-83.6981144444,33.7700004578,0.709999978542,0.0,,1.25,,,0.0,,-37.299987793,83.3164520264,320.0,,,,
127.899228324,371,2270,267500,42.2724777778,-83.6981144444,33.7700004578,0.709999978542,0.0,,1.25,,,0.0,,-34.700012207,83.3164520264,320.0,,,,
127.899228324,371,2270,268500,42.2724777778,-83.6981144444,35.719997406,0.709999978542,0.0,,1.25,,,0.0,,-31.6500244141,83.3164520264,320.0,,,,
127.899228324,371,2270,269500,42.2724777778,-83.6981144444,37.4199981689,0.709999978542,0.0,,1.25,,,0.0,,-31.6500244141,83.3164520264,320.0,,,,
127.899228324,371,2270,269600,42.2724777778,-83.6981144444,37.4199981689,0.709999978542,0.0,,1.25,,,0.0,,-31.049987793,83.3164520264,320.0,,,,
127.899228324,371,2270,270000,42.2721761111,-83.6978991667,37.4199981689,0.709999978542,0.0,,1.25,,,0.0,,-31.049987793,83.3164520264,320.0,,,,
127.899228324,371,2270,270600,42.2721761111,-83.6978991667,39.1399993896,0.709999978542,0.0,,1.25,,,0.0,,-32.1000366211,83.3164520264,320.0,,,,
127.899228324,371,2270,270800,42.2721761111,-83.6978991667,39.1399993896,0.709999978542,0.0,,1.25,,,0.0,,-32.1000366211,83.3164520264,320.5,,,,
127.899228324,371,2270,271700,42.2721761111,-83.6978991667,39.5299987793,0.709999978542,0.0,,1.25,,,0.0,,2.39996337891,83.3164520264,320.5,,,,
127.899228324,371,2270,272700,42.2721761111,-83.6978991667,39.0699996948,0.709999978542,0.0,,1.25,,,0.0,,8.34997558594,83.3164520264,320.5,,,,
127.899228324,371,2270,273000,42.2719136111,-83.6977308333,39.0699996948,0.709999978542,0.0,,1.25,,,0.0,,8.34997558594,83.3164520264,320.5,,,,
127.899228324,371,2270,273800,42.2719136111,-83.6977308333,38.3099975586,0.709999978542,0.0,,1.25,,,0.0,,8.34997558594,83.3164520264,320.5,,,,
127.899228324,371,2270,274900,42.2719136111,-83.6977308333,37.5099983215,0.709999978542,0.0,,1.25,,,0.0,,7.29998779297,83.3164520264,320.5,,,,
127.899228324,371,2270,275600,42.2719136111,-83.6977308333,37.5099983215,0.709999978542,0.0,,1.25,,,0.0,,7.29998779297,83.3164520264,320.5,,,,
127.899228324,371,2270,275800,42.2719136111,-83.6977308333,37.5099983215,0.709999978542,0.0,,1.25,,,0.0,,7.29998779297,83.3164520264,325.5,,,,
127.899228324,371,2270,275900,42.2719136111,-83.6977308333,36.8400001526,0.709999978542,0.0,,1.25,,,0.0,,-4.95001220703,83.3164520264,325.5,,,,
127.899228324,371,2270,276000,42.2716647222,-83.6975580556,36.8400001526,0.709999978542,0.0,,1.25,,,0.0,,-4.95001220703,83.3164520264,325.5,,,,
127.899228324,371,2270,276900,42.2716647222,-83.6975580556,37.219997406,0.709999978542,0.0,,1.25,,,0.0,,-18.3500366211,83.3164520264,325.5,,,,
127.899228324,371,2270,278000,42.2716647222,-83.6975580556,37.4199981689,0.709999978542,0.0,,1.25,,,0.0,,-12.4000244141,83.3164520264,325.5,,,,
127.899228324,371,2270,279000,42.2714161111,-83.6973844444,37.9599990845,0.709999978542,0.0,,1.25,,,0.0,,-32.700012207,83.3164520264,325.5,,,,
127.899228324,371,2270,280100,42.2714161111,-83.6973844444,38.7299995422,0.709999978542,0.0,,1.25,,,0.0,,-13.5,83.3164520264,325.5,,,,
127.899228324,371,2270,280800,42.2714161111,-83.6973844444,38.7299995422,0.709999978542,0.0,,1.25,,,0.0,,-13.5,83.3164520264,326.5,,,,
127.899228324,371,2270,281100,42.2714161111,-83.6973844444,38.3499984741,0.709999978542,0.0,,1.25,,,0.0,,4.04998779297,83.3164520264,326.5,,,,
127.899228324,371,2270,282000,42.2711577778,-83.6972427778,38.3499984741,0.709999978542,0.0,,1.25,,,0.0,,4.04998779297,83.3164520264,326.5,,,,
127.899228324,371,2270,282100,42.2711577778,-83.6972427778,37.3199996948,0.709999978542,0.0,,1.25,,,0.0,,6.79998779297,83.3164520264,326.5,,,,
127.899228324,371,2270,283200,42.2711577778,-83.6972427778,34.25,0.709999978542,0.0,,1.25,,,0.0,,6.04998779297,83.3164520264,326.5,,,,
127.899228324,371,2270,284200,42.2711577778,-83.6972427778,32.5,0.709999978542,0.0,,1.25,,,0.0,,-2.04998779297,83.3164520264,326.5,,,,
127.899228324,371,2270,285000,42.2709327778,-83.6971308333,32.5,0.709999978542,0.0,,1.25,,,0.0,,-2.04998779297,83.3164520264,326.5,,,,
127.899228324,371,2270,285300,42.2709327778,-83.6971308333,31.6299991608,0.709999978542,0.0,,1.25,,,0.0,,-27.200012207,83.3164520264,326.5,,,,
127.899228324,371,2270,285900,42.2709327778,-83.6971308333,31.6299991608,0.709999978542,0.0,,1.25,,,0.0,,-27.200012207,83.3164520264,322.0,,,,
127.899228324,371,2270,286300,42.2709327778,-83.6971308333,31.7999992371,0.709999978542,0.0,,1.25,,,0.0,,-34.549987793,83.3164520264,322.0,,,,
127.899228324,371,2270,287300,42.2709327778,-83.6971308333,33.0599975586,0.709999978542,0.0,,1.25,,,0.0,,-35.6000366211,83.3164520264,322.0,,,,
127.899228324,371,2270,288000,42.2708008333,-83.6968744444,33.0599975586,0.709999978542,0.0,,1.25,,,0.0,,-35.6000366211,83.3164520264,322.0,,,,
127.899228324,371,2270,288400,42.2708008333,-83.6968744444,35.0400009155,0.709999978542,0.0,,1.25,,,0.0,,-42.6500244141,83.3164520264,322.0,,,,
127.899228324,371,2270,289400,42.2708008333,-83.6968744444,37.5200004578,0.709999978542,0.0,,1.25,,,0.0,,-60.200012207,83.3164520264,322.0,,,,
127.899228324,371,2270,290500,42.2708008333,-83.6968744444,40.0699996948,0.709999978542,0.0,,1.25,,,0.0,,-64.1500244141,83.3164520264,322.0,,,,
127.899228324,371,2270,290900,42.2708008333,-83.6968744444,40.0699996948,0.709999978542,0.0,,1.25,,,0.0,,-64.1500244141,83.3164520264,314.5,,,,
127.899228324,371,2270,291000,42.2707258333,-83.6965219444,40.0699996948,0.709999978542,0.0,,1.25,,,0.0,,-64.1500244141,83.3164520264,314.5,,,,
127.899228324,371,2270,291500,42.2707258333,-83.6965219444,42.3299980164,0.709999978542,0.0,,1.25,,,0.0,,-62.450012207,83.3164520264,314.5,,,,
127.899228324,371,2270,292500,42.2707258333,-83.6965219444,44.1299972534,0.709999978542,0.0,,1.25,,,0.0,,-61.1000366211,83.3164520264,314.5,,,,
127.899228324,371,2270,293600,42.2707258333,-83.6965219444,45.4300003052,0.709999978542,0.0,,1.25,,,0.0,,-42.299987793,83.3164520264,314.5,,,,
127.899228324,371,2270,294000,42.2706002778,-83.6961169444,45.4300003052,0.709999978542,0.0,,1.25,,,0.0,,-42.299987793,83.3164520264,314.5,,,,
127.899228324,371,2270,294600,42.2706002778,-83.6961169444,46.0599975586,0.709999978542,0.0,,1.25,,,0.0,,-38.049987793,83.3164520264,314.5,,,,
127.899228324,371,2270,295700,42.2706002778,-83.6961169444,46.4799995422,0.709999978542,0.0,,1.25,,,0.0,,-37.1500244141,83.3164520264,314.5,,,,
127.899228324,371,2270,296000,42.2706002778,-83.6961169444,46.4799995422,0.709999978542,0.0,,1.25,,,0.0,,-37.1500244141,83.3164520264,318.0,,,,
127.899228324,371,2270,296700,42.2706002778,-83.6961169444,47.1899986267,0.709999978542,0.0,,1.25,,,0.0,,-36.700012207,83.3164520264,318.0,,,,
127.899228324,371,2270,297100,42.2704333333,-83.6957091667,47.1899986267,0.709999978542,0.0,,1.25,,,0.0,,-36.700012207,83.3164520264,318.0,,,,
127.899228324,371,2270,297700,42.2704333333,-83.6957091667,47.5200004578,0.709999978542,0.0,,1.25,,,0.0,,-28.6000366211,83.3164520264,318.0,,,,
127.899228324,371,2270,298800,42.2704333333,-83.6957091667,47.6100006104,0.709999978542,0.0,,1.25,,,0.0,,-15.299987793,83.3164520264,318.0,,,,
127.899228324,371,2270,299800,42.2704333333,-83.6957091667,47.7599983215,0.709999978542,0.0,,1.25,,,0.0,,-11.950012207,83.3164520264,318.0,,,,
127.899228324,371,2270,300000,42.2702675,-83.6952741667,47.7599983215,0.709999978542,0.0,,1.25,,,0.0,,-11.950012207,83.3164520264,318.0,,,,
127.899228324,371,2270,300800,42.2702675,-83.6952741667,47.7299995422,0.709999978542,0.0,,1.25,,,0.0,,-11.950012207,83.3164520264,318.0,,,,
127.899228324,371,2270,300900,42.2702675,-83.6952741667,47.7299995422,0.709999978542,0.0,,1.25,,,0.0,,-11.5,83.3164520264,318.0,,,,
127.899228324,371,2270,301000,42.2702675,-83.6952741667,47.7299995422,0.709999978542,0.0,,1.25,,,0.0,,-11.5,83.3164520264,322.0,,,,
127.899228324,371,2270,301900,42.2702675,-83.6952741667,47.7799987793,0.709999978542,0.0,,1.25,,,0.0,,-13.799987793,83.3164520264,322.0,,,,
127.899228324,371,2270,302900,42.2702675,-83.6952741667,47.9300003052,0.709999978542,0.0,,1.25,,,0.0,,-12.700012207,83.3164520264,322.0,,,,
127.899228324,371,2270,303000,42.2701016667,-83.6948375,47.9300003052,0.709999978542,0.0,,1.25,,,0.0,,-12.700012207,83.3164520264,322.0,,,,
127.899228324,371,2270,304000,42.2701016667,-83.6948375,48.2099990845,0.709999978542,0.0,,1.25,,,0.0,,-26.6000366211,83.3164520264,322.0,,,,
127.899228324,371,2270,305000,42.2701016667,-83.6948375,48.8400001526,0.709999978542,0.0,,1.25,,,0.0,,-36.049987793,83.3164520264,322.0,,,,
127.899228324,371,2270,305600,42.2701016667,-83.6948375,48.8400001526,0.709999978542,0.0,,1.25,,,0.0,,-36.049987793,80.6202468872,322.0,,,,
127.899228324,371,2270,306000,42.2699333333,-83.6943972222,48.8400001526,0.709999978542,0.0,,1.25,,,0.0,,-36.049987793,80.6202468872,322.0,,,,
127.899228324,371,2270,306100,42.2699333333,-83.6943972222,49.4099998474,0.709999978542,0.0,,1.25,,,0.0,,-40.3500366211,80.6202468872,317.0,,,,
127.899228324,371,2270,307200,42.2699333333,-83.6943972222,50.5799980164,0.709999978542,0.0,,1.25,,,0.0,,-42.5,80.6202468872,317.0,,,,
127.899228324,371,2270,308300,42.2699333333,-83.6943972222,51.0900001526,0.709999978542,0.0,,1.25,,,0.0,,-43.1000366211,80.6202468872,317.0,,,,
127.899228324,371,2270,309000,42.2697505556,-83.6939536111,51.0900001526,0.709999978542,0.0,,1.25,,,0.0,,-43.1000366211,80.6202468872,317.0,,,,
127.899228324,371,2270,309300,42.2697505556,-83.6939536111,51.4099998474,0.709999978542,0.0,,1.25,,,0.0,,-45.700012207,80.6202468872,317.0,,,,
127.899228324,371,2270,310400,42.2697505556,-83.6939536111,51.6899986267,0.709999978542,0.0,,1.25,,,0.0,,-45.700012207,80.6202468872,317.0,,,,
127.899228324,371,2270,311100,42.2697505556,-83.6939536111,51.6899986267,0.709999978542,0.0,,1.25,,,0.0,,-45.700012207,80.6202468872,315.5,,,,
127.899228324,371,2270,311400,42.2697505556,-83.6939536111,52.1599998474,0.709999978542,0.0,,1.25,,,0.0,,-43.549987793,80.6202468872,315.5,,,,
127.899228324,371,2270,312100,42.2695719444,-83.6934977778,52.1599998474,0.709999978542,0.0,,1.25,,,0.0,,-43.549987793,80.6202468872,315.5,,,,
127.899228324,371,2270,312500,42.2695719444,-83.6934977778,53.0599975586,0.709999978542,0.0,,1.25,,,0.0,,-43.25,80.6202468872,315.5,,,,
127.899228324,371,2270,313500,42.2695719444,-83.6934977778,53.7700004578,0.709999978542,0.0,,1.25,,,0.0,,-42.799987793,80.6202468872,315.5,,,,
127.899228324,371,2270,314500,42.2695719444,-83.6934977778,54.2299995422,0.709999978542,0.0,,1.25,,,0.0,,-32.549987793,80.6202468872,315.5,,,,
127.899228324,371,2270,315000,42.2693858333,-83.6930277778,54.2299995422,0.709999978542,0.0,,1.25,,,0.0,,-32.549987793,80.6202468872,315.5,,,,
127.899228324,371,2270,315600,42.2693858333,-83.6930277778,54.1999969482,0.709999978542,0.0,,1.25,,,0.0,,-18.950012207,80.6202468872,315.5,,,,
127.899228324,371,2270,316100,42.2693858333,-83.6930277778,54.1999969482,0.709999978542,0.0,,1.25,,,0.0,,-18.950012207,80.6202468872,319.5,,,,
127.899228324,371,2270,316600,42.2693858333,-83.6930277778,54.0900001526,0.709999978542,0.0,,1.25,,,0.0,,-11.6500244141,80.6202468872,319.5,,,,
127.899228324,371,2270,317700,42.2693858333,-83.6930277778,53.5299987793,0.709999978542,0.0,,1.25,,,0.0,,-12.549987793,80.6202468872,319.5,,,,
127.899228324,371,2270,318000,42.2692016667,-83.6925541667,53.5299987793,0.709999978542,0.0,,1.25,,,0.0,,-12.549987793,80.6202468872,319.5,,,,
127.899228324,371,2270,318700,42.2692016667,-83.6925541667,53.3799972534,0.709999978542,0.0,,1.25,,,0.0,,-17.1500244141,80.6202468872,319.5,,,,
127.899228324,371,2270,319700,42.2692016667,-83.6925541667,53.2799987793,0.709999978542,0.0,,1.25,,,0.0,,-22.5,80.6202468872,319.5,,,,
127.899228324,371,2270,320000,42.2692016667,-83.6925541667,53.2799987793,0.709999978542,0.0,,1.25,,,0.0,,-22.5,80.6202468872,319.5,,,,
127.899228324,371,2270,320800,42.2692016667,-83.6925541667,53.3699989319,0.709999978542,0.0,,1.25,,,0.0,,-22.0,80.6202468872,319.5,,,,
127.899228324,371,2270,321100,42.2690216667,-83.6920808333,53.3699989319,0.709999978542,0.0,,1.25,,,0.0,,-22.0,80.6202468872,319.5,,,,
127.899228324,371,2270,321200,42.2690216667,-83.6920808333,53.3699989319,0.709999978542,0.0,,1.25,,,0.0,,-22.0,80.6202468872,319.0,,,,
127.899228324,371,2270,321800,42.2690216667,-83.6920808333,53.4300003052,0.709999978542,0.0,,1.25,,,0.0,,-22.6500244141,80.6202468872,319.0,,,,
127.899228324,371,2270,322900,42.2690216667,-83.6920808333,53.2599983215,0.709999978542,0.0,,1.25,,,0.0,,-18.950012207,80.6202468872,319.0,,,,
127.899228324,371,2270,323900,42.2690216667,-83.6920808333,53.2799987793,0.709999978542,0.0,,1.25,,,0.0,,-13.6500244141,80.6202468872,319.0,,,,
127.899228324,371,2270,324000,42.2688366667,-83.6916116667,53.2799987793,0.709999978542,0.0,,1.25,,,0.0,,-13.6500244141,80.6202468872,319.0,,,,
127.899228324,371,2270,324900,42.2688366667,-83.6916116667,52.9599990845,0.709999978542,0.0,,1.25,,,0.0,,-13.950012207,80.6202468872,319.0,,,,
127.899228324,371,2270,326000,42.2688366667,-83.6916116667,52.9300003052,0.709999978542,0.0,,1.25,,,0.0,,-12.700012207,80.6202468872,319.0,,,,
127.899228324,371,2270,326200,42.2688366667,-83.6916116667,52.9300003052,0.709999978542,0.0,,1.25,,,0.0,,-12.700012207,80.6202468872,320.5,,,,
127.899228324,371,2270,327000,42.2688366667,-83.6916116667,52.7700004578,0.709999978542,0.0,,1.25,,,0.0,,-13.799987793,80.6202468872,320.5,,,,
127.899228324,371,2270,327100,42.26865,-83.6911527778,52.7700004578,0.709999978542,0.0,,1.25,,,0.0,,-13.799987793,80.6202468872,320.5,,,,
127.899228324,371,2270,328100,42.26865,-83.6911527778,52.6699981689,0.709999978542,0.0,,1.25,,,0.0,,-13.1500244141,80.6202468872,320.5,,,,
127.899228324,371,2270,329100,42.26865,-83.6911527778,52.6699981689,0.709999978542,0.0,,1.25,,,0.0,,-16.700012207,80.6202468872,320.5,,,,
127.899228324,371,2270,330000,42.2684566667,-83.6907072222,52.6699981689,0.709999978542,0.0,,1.25,,,0.0,,-16.700012207,80.6202468872,320.5,,,,
127.899228324,371,2270,330100,42.2684566667,-83.6907072222,52.1199989319,0.709999978542,0.0,,1.25,,,0.0,,11.700012207,80.6202468872,320.5,,,,
127.899228324,371,2270,331200,42.2684566667,-83.6907072222,49.5,0.709999978542,0.0,,1.25,,,0.0,,11.700012207,80.6202468872,320.5,,,,
127.899228324,371,2270,331300,42.2684566667,-83.6907072222,49.5,0.709999978542,0.0,,1.25,,,0.0,,11.700012207,80.6202468872,325.0,,,,
127.899228324,371,2270,332200,42.2684566667,-83.6907072222,48.5299987793,0.709999978542,0.0,,1.25,,,0.0,,0.700012207031,80.6202468872,325.0,,,,
127.899228324,371,2270,333300,42.2684566667,-83.6907072222,47.7799987793,0.709999978542,0.0,,1.25,,,0.0,,-5.25,80.6202468872,325.0,,,,
127.899228324,371,2270,334000,42.2681844444,-83.6901858333,47.7799987793,0.709999978542,0.0,,1.25,,,0.0,,-5.25,80.6202468872,325.0,,,,
127.899228324,371,2270,334300,42.2681844444,-83.6901858333,46.3799972534,0.709999978542,0.0,,1.25,,,0.0,,-4.29998779297,80.6202468872,325.0,,,,
127.899228324,371,2270,335300,42.2681844444,-83.6901858333,45.5799980164,0.709999978542,0.0,,1.25,,,0.0,,-8.29998779297,80.6202468872,325.0,,,,
127.899228324,371,2270,336300,42.2681844444,-83.6901858333,45.5799980164,0.709999978542,0.0,,1.25,,,0.0,,-8.29998779297,80.6202468872,321.5,,,,
127.899228324,371,2270,336400,42.2681844444,-83.6901858333,44.6899986267,0.709999978542,0.0,,1.25,,,0.0,,-11.3500366211,80.6202468872,321.5,,,,
127.899228324,371,2270,337000,42.2680069444,-83.6898019444,44.6899986267,0.709999978542,0.0,,1.25,,,0.0,,-11.3500366211,80.6202468872,321.5,,,,
127.899228324,371,2270,337400,42.2680069444,-83.6898019444,44.1699981689,0.709999978542,0.0,,1.25,,,0.0,,-14.8500366211,80.6202468872,321.5,,,,
127.899228324,371,2270,338500,42.2680069444,-83.6898019444,44.0299987793,0.709999978542,0.0,,1.25,,,0.0,,-22.200012207,80.6202468872,321.5,,,,
127.899228324,371,2270,339500,42.2680069444,-83.6898019444,44.5499992371,0.709999978542,0.0,,1.25,,,0.0,,-39.9000244141,80.6202468872,321.5,,,,
127.899228324,371,2270,340000,42.2677952778,-83.6894633333,44.5499992371,0.709999978542,0.0,,1.25,,,0.0,,-39.9000244141,80.6202468872,321.5,,,,
127.899228324,371,2270,340500,42.2677952778,-83.6894633333,45.3999977112,0.709999978542,0.0,,1.25,,,0.0,,-47.5,80.6202468872,321.5,,,,
127.899228324,371,2270,341400,42.2677952778,-83.6894633333,45.3999977112,0.709999978542,0.0,,1.25,,,0.0,,-47.5,80.6202468872,314.5,,,,
127.899228324,371,2270,341600,42.2677952778,-83.6894633333,46.2599983215,0.709999978542,0.0,,1.25,,,0.0,,-49.6500244141,80.6202468872,314.5,,,,
127.899228324,371,2270,342700,42.2677952778,-83.6894633333,46.8199996948,0.709999978542,0.0,,1.25,,,0.0,,-47.049987793,80.6202468872,314.5,,,,
127.899228324,371,2270,343000,42.2675725,-83.6891141667,46.8199996948,0.709999978542,0.0,,1.25,,,0.0,,-47.049987793,80.6202468872,314.5,,,,
127.899228324,371,2270,343800,42.2675725,-83.6891141667,46.8699989319,0.709999978542,0.0,,1.25,,,0.0,,-38.5,80.6202468872,314.5,,,,
127.899228324,371,2270,344900,42.2675725,-83.6891141667,46.3499984741,0.709999978542,0.0,,1.25,,,0.0,,-29.5,80.6202468872,314.5,,,,
127.899228324,371,2270,345900,42.2675725,-83.6891141667,45.8299980164,0.709999978542,0.0,,1.25,,,0.0,,-25.549987793,80.6202468872,314.5,,,,
127.899228324,371,2270,346000,42.2673302778,-83.6887819444,45.8299980164,0.709999978542,0.0,,1.25,,,0.0,,-25.549987793,80.6202468872,314.5,,,,
127.899228324,371,2270,346400,42.2673302778,-83.6887819444,45.8299980164,0.709999978542,0.0,,1.25,,,0.0,,-25.549987793,80.6202468872,319.0,,,,
127.899228324,371,2270,347000,42.2673302778,-83.6887819444,45.219997406,0.709999978542,0.0,,1.25,,,0.0,,-21.25,80.6202468872,319.0,,,,
127.899228324,371,2270,348000,42.2673302778,-83.6887819444,45.8600006104,0.709999978542,0.0,,1.25,,,0.0,,-17.9000244141,80.6202468872,319.0,,,,
127.899228324,371,2270,348900,42.2670880556,-83.6884575,45.8600006104,0.709999978542,0.0,,1.25,,,0.0,,-17.9000244141,80.6202468872,319.0,,,,
127.899228324,371,2270,349100,42.2670880556,-83.6884575,46.4399986267,0.709999978542,0.0,,1.25,,,0.0,,-7.70001220703,80.6202468872,319.0,,,,
127.899228324,371,2270,350100,42.2670880556,-83.6884575,45.8099975586,0.709999978542,0.0,,1.25,,,0.0,,-4.29998779297,80.6202468872,319.0,,,,
127.899228324,371,2270,351100,42.2670880556,-83.6884575,46.1399993896,0.709999978542,0.0,,1.25,,,0.0,,-6.29998779297,80.6202468872,319.0,,,,
127.899228324,371,2270,351400,42.2670880556,-83.6884575,46.1399993896,0.709999978542,0.0,,1.25,,,0.0,,-6.29998779297,80.6202468872,321.5,,,,
127.899228324,371,2270,351900,42.2668508333,-83.6881408333,46.1399993896,0.709999978542,0.0,,1.25,,,0.0,,-6.29998779297,80.6202468872,321.5,,,,
127.899228324,371,2270,352200,42.2668508333,-83.6881408333,46.7299995422,0.709999978542,0.0,,1.25,,,0.0,,-4.29998779297,80.6202468872,321.5,,,,
127.899228324,371,2270,353200,42.2668508333,-83.6881408333,46.2799987793,0.709999978542,0.0,,1.25,,,0.0,,-4.95001220703,80.6202468872,321.5,,,,
127.899228324,371,2270,354300,42.2668508333,-83.6881408333,45.9399986267,0.709999978542,0.0,,1.25,,,0.0,,0.399963378906,80.6202468872,321.5,,,,
127.899228324,371,2270,355000,42.26659,-83.6878516667,45.9399986267,0.709999978542,0.0,,1.25,,,0.0,,0.399963378906,80.6202468872,321.5,,,,
127.899228324,371,2270,355300,42.26659,-83.6878516667,44.3400001526,0.709999978542,0.0,,1.25,,,0.0,,8.20001220703,80.6202468872,321.5,,,,
127.899228324,371,2270,356300,42.26659,-83.6878516667,42.4799995422,0.709999978542,0.0,,1.25,,,0.0,,8.95001220703,80.6202468872,321.5,,,,
127.899228324,371,2270,356400,42.26659,-83.6878516667,42.4799995422,0.709999978542,0.0,,1.25,,,0.0,,8.95001220703,80.6202468872,324.5,,,,
127.899228324,371,2270,357400,42.26659,-83.6878516667,41.7399978638,0.709999978542,0.0,,1.25,,,0.0,,-19.6000366211,80.6202468872,324.5,,,,
127.899228324,371,2270,358100,42.2663288889,-83.6876094444,41.7399978638,0.709999978542,0.0,,1.25,,,0.0,,-19.6000366211,80.6202468872,324.5,,,,
127.899228324,371,2270,358400,42.2663288889,-83.6876094444,41.8299980164,0.709999978542,0.0,,1.25,,,0.0,,-26.450012207,80.6202468872,324.5,,,,
127.899228324,371,2270,359500,42.2663288889,-83.6876094444,41.8199996948,0.709999978542,0.0,,1.25,,,0.0,,-25.549987793,80.6202468872,324.5,,,,
127.899228324,371,2270,360500,42.2663288889,-83.6876094444,41.75,0.709999978542,0.0,,1.25,,,0.0,,-25.549987793,80.6202468872,324.5,,,,
127.899228324,371,2270,361000,42.2660708333,-83.6873611111,41.75,0.709999978542,0.0,,1.25,,,0.0,,-25.549987793,80.6202468872,324.5,,,,
127.899228324,371,2270,361400,42.2660708333,-83.6873611111,41.75,0.709999978542,0.0,,1.25,,,0.0,,-25.549987793,80.6202468872,318.5,,,,
127.899228324,371,2270,361500,42.2660708333,-83.6873611111,42.0999984741,0.709999978542,0.0,,1.25,,,0.0,,-26.9000244141,80.6202468872,318.5,,,,
127.899228324,371,2270,362600,42.2660708333,-83.6873611111,42.9199981689,0.709999978542,0.0,,1.25,,,0.0,,-24.9000244141,80.6202468872,318.5,,,,
127.899228324,371,2270,363600,42.2660708333,-83.6873611111,43.6100006104,0.709999978542,0.0,,1.25,,,0.0,,-6.0,80.6202468872,318.5,,,,
127.899228324,371,2270,363900,42.2658061111,-83.6870913889,43.6100006104,0.709999978542,0.0,,1.25,,,0.0,,-6.0,80.6202468872,318.5,,,,
127.899228324,371,2270,364700,42.2658061111,-83.6870913889,44.0799980164,0.709999978542,0.0,,1.25,,,0.0,,8.04998779297,80.6202468872,318.5,,,,
127.899228324,371,2270,365600,42.2658061111,-83.6870913889,44.0799980164,0.709999978542,0.0,,1.25,,,0.0,,8.04998779297,78.3797454834,318.5,,,,
127.899228324,371,2270,365700,42.2658061111,-83.6870913889,44.5099983215,0.709999978542,0.0,,1.25,,,0.0,,2.70001220703,78.3797454834,318.5,,,,
127.899228324,371,2270,365800,42.2658061111,-83.6870913889,44.5099983215,0.709999978542,0.0,,1.0,,,0.0,,2.70001220703,78.3797454834,318.5,,,,
127.899228324,371,2270,366500,42.2658061111,-83.6870913889,44.5099983215,0.709999978542,0.0,,1.0,,,0.0,,2.70001220703,78.3797454834,322.5,,,,
127.899228324,371,2270,366700,42.2658061111,-83.6870913889,45.8999977112,0.709999978542,0.0,,1.0,,,0.0,,-4.45001220703,78.3797454834,322.5,,,,
127.899228324,371,2270,367000,42.2655711111,-83.6867686111,45.8999977112,0.709999978542,0.0,,1.0,,,0.0,,-4.45001220703,78.3797454834,322.5,,,,
127.899228324,371,2270,367800,42.2655711111,-83.6867686111,46.8199996948,0.709999978542,0.0,,1.0,,,0.0,,-6.29998779297,78.3797454834,322.5,,,,
127.899228324,371,2270,368800,42.2655711111,-83.6867686111,47.5599975586,0.709999978542,0.0,,1.0,,,0.0,,-8.29998779297,78.3797454834,322.5,,,,
127.899228324,371,2270,369900,42.2655711111,-83.6867686111,48.0200004578,0.709999978542,0.0,,1.0,,,0.0,,-14.8500366211,78.3797454834,322.5,,,,
127.899228324,371,2270,370000,42.2653744444,-83.686465,48.0200004578,0.709999978542,0.0,,1.0,,,0.0,,-14.8500366211,78.3797454834,322.5,,,,
127.899228324,371,2270,370900,42.2653744444,-83.686465,48.2599983215,0.709999978542,0.0,,1.0,,,0.0,,-15.450012207,78.3797454834,322.5,,,,
127.899228324,371,2270,371500,42.2653744444,-83.686465,48.2599983215,0.709999978542,0.0,,1.0,,,0.0,,-15.450012207,78.3797454834,320.5,,,,
127.899228324,371,2270,371900,42.2653744444,-83.686465,48.8099975586,0.709999978542,0.0,,1.0,,,0.0,,-15.6000366211,78.3797454834,320.5,,,,
127.899228324,371,2270,373000,42.2652113889,-83.6860544444,48.969997406,0.709999978542,0.0,,1.0,,,0.0,,-21.700012207,78.3797454834,320.5,,,,
127.899228324,371,2270,374000,42.2652113889,-83.6860544444,48.6899986267,0.709999978542,0.0,,1.0,,,0.0,,-26.0,78.3797454834,320.5,,,,
127.899228324,371,2270,375100,42.2652113889,-83.6860544444,48.8600006104,0.709999978542,0.0,,1.0,,,0.0,,-26.6000366211,78.3797454834,320.5,,,,
127.899228324,371,2270,376100,42.26514,-83.6855194444,49.1399993896,0.709999978542,0.0,,1.0,,,0.0,,-25.549987793,78.3797454834,320.5,,,,
127.899228324,371,2270,376600,42.26514,-83.6855194444,49.1399993896,0.709999978542,0.0,,1.0,,,0.0,,-25.549987793,78.3797454834,317.5,,,,
127.899228324,371,2270,377200,42.26514,-83.6855194444,50.2399978638,0.709999978542,0.0,,1.0,,,0.0,,-38.950012207,78.3797454834,317.5,,,,
127.899228324,371,2270,378300,42.26514,-83.6855194444,51.1299972534,0.709999978542,0.0,,1.0,,,0.0,,-37.299987793,78.3797454834,317.5,,,,
127.899228324,371,2270,379000,42.2651469444,-83.6849891667,51.1299972534,0.709999978542,0.0,,1.0,,,0.0,,-37.299987793,78.3797454834,317.5,,,,
127.899228324,371,2270,379300,42.2651469444,-83.6849891667,51.6499977112,0.709999978542,0.0,,1.0,,,0.0,,-32.700012207,78.3797454834,317.5,,,,
127.899228324,371,2270,380100,42.2651469444,-83.6849891667,51.6499977112,0.709999978542,0.0,,1.0,,,0.0,,-32.700012207,78.3797454834,317.5,,,,
127.899228324,371,2270,380400,42.2651469444,-83.6849891667,52.1999969482,0.709999978542,0.0,,1.0,,,0.0,,-30.1000366211,78.3797454834,317.5,,,,
127.899228324,371,2270,381500,42.2651469444,-83.6849891667,52.1999969482,0.709999978542,0.0,,1.0,,,0.0,,-29.5,78.3797454834,317.5,,,,
127.899228324,371,2270,381600,42.2651469444,-83.6849891667,52.1999969482,0.709999978542,0.0,,1.0,,,0.0,,-29.5,78.3797454834,317.0,,,,
127.899228324,371,2270,382000,42.2651927778,-83.6844619444,52.1999969482,0.709999978542,0.0,,1.0,,,0.0,,-29.5,78.3797454834,317.0,,,,
127.899228324,371,2270,382500,42.2651927778,-83.6844619444,52.469997406,0.709999978542,0.0,,1.0,,,0.0,,-23.8500366211,78.3797454834,317.0,,,,
127.899228324,371,2270,383500,42.2651927778,-83.6844619444,52.4399986267,0.709999978542,0.0,,1.0,,,0.0,,-20.5,78.3797454834,317.0,,,,
127.899228324,371,2270,384600,42.2651927778,-83.6844619444,52.0599975586,0.709999978542,0.0,,1.0,,,0.0,,-18.200012207,78.3797454834,317.0,,,,
127.899228324,371,2270,384900,42.2652569444,-83.6839219444,52.0599975586,0.709999978542,0.0,,1.0,,,0.0,,-18.200012207,78.3797454834,317.0,,,,
127.899228324,371,2270,385600,42.2652569444,-83.6839219444,52.1999969482,0.709999978542,0.0,,1.0,,,0.0,,-15.75,78.3797454834,317.0,,,,
127.899228324,371,2270,386700,42.2652569444,-83.6839219444,52.2099990845,0.709999978542,0.0,,1.0,,,0.0,,-15.450012207,78.3797454834,319.5,,,,
127.899228324,371,2270,387700,42.2652569444,-83.6839219444,52.2999992371,0.709999978542,0.0,,1.0,,,0.0,,-22.0,78.3797454834,319.5,,,,
127.899228324,371,2270,388700,42.2652569444,-83.6839219444,52.3299980164,0.709999978542,0.0,,1.0,,,0.0,,-25.549987793,78.3797454834,319.5,,,,
127.899228324,371,2270,388900,42.2652644444,-83.6832444444,52.3299980164,0.709999978542,0.0,,1.0,,,0.0,,-25.549987793,78.3797454834,319.5,,,,
127.899228324,371,2270,389800,42.2652644444,-83.6832444444,52.4899978638,0.709999978542,0.0,,1.0,,,0.0,,-24.450012207,78.3797454834,319.5,,,,
127.899228324,371,2270,390800,42.2652644444,-83.6832444444,52.75,0.709999978542,0.0,,1.0,,,0.0,,-25.700012207,78.3797454834,319.5,,,,
127.899228324,371,2270,391700,42.2652644444,-83.6832444444,52.75,0.709999978542,0.0,,1.0,,,0.0,,-25.700012207,78.3797454834,317.5,,,,
127.899228324,371,2270,391900,42.2652644444,-83.6832444444,52.7399978638,0.709999978542,0.0,,1.0,,,0.0,,-26.299987793,78.3797454834,317.5,,,,
127.899228324,371,2270,392000,42.26519,-83.68272,52.7399978638,0.709999978542,0.0,,1.0,,,0.0,,-26.299987793,78.3797454834,317.5,,,,
127.899228324,371,2270,392900,42.26519,-83.68272,53.1499977112,0.709999978542,0.0,,1.0,,,0.0,,-26.450012207,78.3797454834,317.5,,,,
127.899228324,371,2270,393900,42.26519,-83.68272,53.2999992371,0.709999978542,0.0,,1.0,,,0.0,,-26.75,78.3797454834,317.5,,,,
127.899228324,371,2270,395000,42.2651275,-83.682195,53.5200004578,0.709999978542,0.0,,1.0,,,0.0,,-27.200012207,78.3797454834,317.5,,,,
127.899228324,371,2270,396000,42.2651275,-83.682195,53.8099975586,0.709999978542,0.0,,1.0,,,0.0,,-28.450012207,78.3797454834,317.5,,,,
127.899228324,371,2270,396700,42.2651275,-83.682195,53.8099975586,0.709999978542,0.0,,1.0,,,0.0,,-28.450012207,78.3797454834,315.5,,,,
127.899228324,371,2270,397100,42.2651275,-83.682195,53.8299980164,0.709999978542,0.0,,1.0,,,0.0,,-34.4000244141,78.3797454834,315.5,,,,
127.899228324,371,2270,398000,42.2650641667,-83.6816641667,53.8299980164,0.709999978542,0.0,,1.0,,,0.0,,-34.4000244141,78.3797454834,315.5,,,,
127.899228324,371,2270,398100,42.2650641667,-83.6816641667,53.6899986267,0.709999978542,0.0,,1.0,,,0.0,,-39.6000366211,78.3797454834,315.5,,,,
127.899228324,371,2270,399100,42.2650641667,-83.6816641667,53.1800003052,0.709999978542,0.0,,1.0,,,0.0,,-40.5,78.3797454834,315.5,,,,
127.899228324,371,2270,400200,42.2650641667,-83.6816641667,51.25,0.709999978542,0.0,,1.0,,,0.0,,-58.3500366211,78.3797454834,315.5,,,,
127.899228324,371,2270,401000,42.2650241667,-83.6811297222,51.25,0.709999978542,0.0,,1.0,,,0.0,,-58.3500366211,78.3797454834,315.5,,,,
127.899228324,371,2270,401200,42.2650241667,-83.6811297222,49.9500007629,0.709999978542,0.0,,1.0,,,0.0,,-55.450012207,78.3797454834,315.5,,,,
127.899228324,371,2270,401800,42.2650241667,-83.6811297222,49.9500007629,0.709999978542,0.0,,1.0,,,0.0,,-55.450012207,78.3797454834,311.5,,,,
127.899228324,371,2270,402300,42.2650241667,-83.6811297222,49.0399971008,0.709999978542,0.0,,1.0,,,0.0,,-55.450012207,78.3797454834,311.5,,,,
127.899228324,371,2270,403300,42.2650241667,-83.6811297222,48.75,0.709999978542,0.0,,1.0,,,0.0,,-49.3500366211,78.3797454834,311.5,,,,
127.899228324,371,2270,403900,42.2649725,-83.6806222222,48.75,0.709999978542,0.0,,1.0,,,0.0,,-49.3500366211,78.3797454834,311.5,,,,
127.899228324,371,2270,404300,42.2649725,-83.6806222222,48.8400001526,0.709999978542,0.0,,1.0,,,0.0,,-48.1000366211,78.3797454834,311.5,,,,
127.899228324,371,2270,405400,42.2649725,-83.6806222222,49.1399993896,0.709999978542,0.0,,1.0,,,0.0,,-50.4000244141,78.3797454834,311.5,,,,
127.899228324,371,2270,406400,42.2649725,-83.6806222222,49.6199989319,0.709999978542,0.0,,1.0,,,0.0,,-47.6500244141,78.3797454834,311.5,,,,
127.899228324,371,2270,406800,42.2649725,-83.6806222222,49.6199989319,0.709999978542,0.0,,1.0,,,0.0,,-47.6500244141,78.3797454834,312.0,,,,
