DayNum,VehId,Trip,Timestamp(ms),Latitude[deg],Longitude[deg],Vehicle Speed[km/h],MAF[g/sec],Engine RPM[RPM],Absolute Load[%],OAT[DegC],Fuel Rate[L/hr],Air Conditioning Power[kW],Air Conditioning Power[Watts],Heater Power[Watts],HV Battery Current[A],HV Battery SOC[%],HV Battery Voltage[V],Short Term Fuel Trim Bank 1[%],Short Term Fuel Trim Bank 2[%],Long Term Fuel Trim Bank 1[%],Long Term Fuel Trim Bank 2[%]
205.462347556,371,2931,0,42.2649786111,-83.6800875,61.8599967957,0.709999978542,0.0,,13.0,,,0.0,,-56.0,84.6961975098,315.5,,,,
205.462347556,371,2931,100,42.2649786111,-83.6800875,61.8599967957,0.709999978542,0.0,,13.0,,,0.0,,-56.0,84.6961975098,321.5,,,,
205.462347556,371,2931,500,42.2649786111,-83.6800875,61.7399978638,0.709999978542,0.0,,13.0,,,0.0,,-26.4000244141,84.6961975098,321.5,,,,
205.462347556,371,2931,1600,42.2649786111,-83.6800875,61.8699989319,0.709999978542,0.0,,13.0,,,0.0,,-1.04998779297,84.6961975098,321.5,,,,
205.462347556,371,2931,2600,42.2649786111,-83.6800875,61.7700004578,0.709999978542,0.0,,13.0,,,0.0,,5.64996337891,84.6961975098,321.5,,,,
205.462347556,371,2931,3000,42.2651044444,-83.6807375,61.7700004578,0.709999978542,0.0,,13.0,,,0.0,,5.64996337891,84.6961975098,321.5,,,,
205.462347556,371,2931,3600,42.2651044444,-83.6807375,61.8699989319,0.709999978542,0.0,,13.0,,,0.0,,6.89996337891,84.6961975098,321.5,,,,
205.462347556,371,2931,4700,42.2651044444,-83.6807375,63.2299995422,0.709999978542,0.0,,13.0,,,0.0,,6.54998779297,84.6961975098,321.5,,,,
205.462347556,371,2931,5200,42.2651044444,-83.6807375,63.2299995422,0.709999978542,0.0,,13.0,,,0.0,,6.54998779297,84.6961975098,326.5,,,,
205.462347556,371,2931,5700,42.2651044444,-83.6807375,64.6100006104,0.709999978542,0.0,,13.0,,,0.0,,6.09997558594,84.6961975098,326.5,,,,
205.462347556,371,2931,6000,42.2652158333,-83.6814216667,64.6100006104,0.709999978542,0.0,,13.0,,,0.0,,6.09997558594,84.6961975098,326.5,,,,
205.462347556,371,2931,6800,42.2652158333,-83.6814216667,65.7200012207,0.709999978542,0.0,,13.0,,,0.0,,6.54998779297,84.6961975098,326.5,,,,
205.462347556,371,2931,7800,42.2652158333,-83.6814216667,66.0899963379,0.709999978542,0.0,,13.0,,,0.0,,5.20001220703,84.6961975098,326.5,,,,
205.462347556,371,2931,8800,42.2652158333,-83.6814216667,65.6100006104,0.709999978542,0.0,,13.0,,,0.0,,2.14996337891,84.6961975098,326.5,,,,
205.462347556,371,2931,8900,42.2652991667,-83.6821197222,65.6100006104,0.709999978542,0.0,,13.0,,,0.0,,2.14996337891,84.6961975098,326.5,,,,
205.462347556,371,2931,9900,42.2652991667,-83.6821197222,64.9499969482,0.709999978542,0.0,,13.0,,,0.0,,-2.15002441406,84.6961975098,326.5,,,,
205.462347556,371,2931,10200,42.2652991667,-83.6821197222,64.9499969482,0.709999978542,0.0,,13.0,,,0.0,,-2.15002441406,84.6961975098,325.0,,,,
205.462347556,371,2931,10900,42.2652991667,-83.6821197222,64.0899963379,0.709999978542,0.0,,13.0,,,0.0,,-11.75,84.6961975098,325.0,,,,
205.462347556,371,2931,11900,42.2653822222,-83.682785,64.0899963379,0.709999978542,0.0,,13.0,,,0.0,,-11.75,84.6961975098,325.0,,,,
205.462347556,371,2931,12000,42.2653822222,-83.682785,63.6399993896,0.709999978542,0.0,,13.0,,,0.0,,-16.450012207,84.6961975098,325.0,,,,
205.462347556,371,2931,13000,42.2653822222,-83.682785,63.219997406,0.709999978542,0.0,,13.0,,,0.0,,-19.049987793,84.6961975098,325.0,,,,
205.462347556,371,2931,14000,42.2653822222,-83.682785,62.5099983215,0.709999978542,0.0,,13.0,,,0.0,,-22.75,84.6961975098,325.0,,,,
205.462347556,371,2931,14900,42.2653636111,-83.6834458333,62.5099983215,0.709999978542,0.0,,13.0,,,0.0,,-22.75,84.6961975098,325.0,,,,
205.462347556,371,2931,15100,42.2653636111,-83.6834458333,62.2899971008,0.709999978542,0.0,,13.0,,,0.0,,-26.25,84.6961975098,325.0,,,,
205.462347556,371,2931,15200,42.2653636111,-83.6834458333,62.2899971008,0.709999978542,0.0,,13.0,,,0.0,,-26.25,84.6961975098,323.0,,,,
205.462347556,371,2931,16200,42.2653636111,-83.6834458333,62.2299995422,0.709999978542,0.0,,13.0,,,0.0,,-29.6000366211,84.6961975098,323.0,,,,
205.462347556,371,2931,17300,42.2653636111,-83.6834458333,62.3400001526,0.709999978542,0.0,,13.0,,,0.0,,-31.75,84.6961975098,323.0,,,,
205.462347556,371,2931,17900,42.2652619444,-83.6840669444,62.3400001526,0.709999978542,0.0,,13.0,,,0.0,,-31.75,84.6961975098,323.0,,,,
205.462347556,371,2931,18400,42.2652619444,-83.6840669444,62.3699989319,0.709999978542,0.0,,13.0,,,0.0,,-31.9000244141,84.6961975098,323.0,,,,
205.462347556,371,2931,19400,42.2652619444,-83.6840669444,62.4199981689,0.709999978542,0.0,,13.0,,,0.0,,-31.9000244141,84.6961975098,323.0,,,,
205.462347556,371,2931,20200,42.2652619444,-83.6840669444,62.4199981689,0.709999978542,0.0,,13.0,,,0.0,,-31.9000244141,84.6961975098,322.5,,,,
205.462347556,371,2931,20400,42.2652619444,-83.6840669444,62.6699981689,0.709999978542,0.0,,13.0,,,0.0,,-28.049987793,84.6961975098,322.5,,,,
205.462347556,371,2931,21000,42.2651647222,-83.6846883333,62.6699981689,0.709999978542,0.0,,13.0,,,0.0,,-28.049987793,84.6961975098,322.5,,,,
205.462347556,371,2931,21400,42.2651647222,-83.6846883333,62.9199981689,0.709999978542,0.0,,13.0,,,0.0,,-24.700012207,84.6961975098,322.5,,,,
205.462347556,371,2931,22500,42.2651647222,-83.6846883333,62.9300003052,0.709999978542,0.0,,13.0,,,0.0,,-23.049987793,84.6961975098,322.5,,,,
205.462347556,371,2931,23500,42.2651647222,-83.6846883333,62.5399971008,0.709999978542,0.0,,13.0,,,0.0,,-23.6500244141,84.6961975098,322.5,,,,
205.462347556,371,2931,23800,42.2651647222,-83.6846883333,62.5399971008,0.709999978542,0.0,,13.0,,,0.0,,-23.6500244141,84.6961975098,322.5,,,,
205.462347556,371,2931,24000,42.2651091667,-83.685335,62.5399971008,0.709999978542,0.0,,13.0,,,0.0,,-23.6500244141,84.6961975098,322.5,,,,
205.462347556,371,2931,24200,42.2651091667,-83.685335,62.5399971008,0.709999978542,0.0,,13.0,,,0.0,,-23.6500244141,82.6455688477,322.5,,,,
205.462347556,371,2931,24600,42.2651091667,-83.685335,62.5,0.709999978542,0.0,,13.0,,,0.0,,-23.3500366211,82.6455688477,322.5,,,,
205.462347556,371,2931,25300,42.2651091667,-83.685335,62.5,0.709999978542,0.0,,13.0,,,0.0,,-23.3500366211,82.6455688477,323.0,,,,
205.462347556,371,2931,25600,42.2651091667,-83.685335,62.3199996948,0.709999978542,0.0,,13.0,,,0.0,,-21.950012207,82.6455688477,323.0,,,,
205.462347556,371,2931,25900,42.2651091667,-83.685335,62.3199996948,0.709999978542,0.0,,13.0,,,0.0,,-21.950012207,82.6455688477,323.0,,,,
205.462347556,371,2931,26600,42.2651091667,-83.685335,62.1099967957,0.709999978542,0.0,,13.0,,,0.0,,-23.3500366211,82.6455688477,323.0,,,,
205.462347556,371,2931,27700,42.2651091667,-83.685335,61.8099975586,0.709999978542,0.0,,13.0,,,0.0,,-21.3500366211,82.6455688477,323.0,,,,
205.462347556,371,2931,27900,42.2652169444,-83.6861541667,61.8099975586,0.709999978542,0.0,,13.0,,,0.0,,-21.3500366211,82.6455688477,323.0,,,,
205.462347556,371,2931,28700,42.2652169444,-83.6861541667,61.8099975586,0.709999978542,0.0,,13.0,,,0.0,,-20.299987793,82.6455688477,323.0,,,,
205.462347556,371,2931,29800,42.2652169444,-83.6861541667,61.4199981689,0.709999978542,0.0,,13.0,,,0.0,,-33.549987793,82.6455688477,323.0,,,,
205.462347556,371,2931,30300,42.2652169444,-83.6861541667,61.4199981689,0.709999978542,0.0,,13.0,,,0.0,,-33.549987793,82.6455688477,321.0,,,,
205.462347556,371,2931,30800,42.2652169444,-83.6861541667,61.1399993896,0.709999978542,0.0,,13.0,,,0.0,,-39.049987793,82.6455688477,321.0,,,,
205.462347556,371,2931,31000,42.2653752778,-83.6867408333,61.1399993896,0.709999978542,0.0,,13.0,,,0.0,,-39.049987793,82.6455688477,321.0,,,,
205.462347556,371,2931,31800,42.2653752778,-83.6867408333,60.9899978638,0.709999978542,0.0,,13.0,,,0.0,,-50.799987793,82.6455688477,321.0,,,,
205.462347556,371,2931,32900,42.2655436111,-83.687075,60.7299995422,0.709999978542,0.0,,13.0,,,0.0,,-62.4000244141,82.6455688477,321.0,,,,
205.462347556,371,2931,33900,42.2655436111,-83.687075,59.8400001526,0.709999978542,0.0,,13.0,,,0.0,,-67.0,82.6455688477,321.0,,,,
205.462347556,371,2931,35000,42.2655436111,-83.687075,59.7799987793,0.709999978542,0.0,,13.0,,,0.0,,-70.049987793,82.6455688477,321.0,,,,
205.462347556,371,2931,35400,42.2655436111,-83.687075,59.7799987793,0.709999978542,0.0,,13.0,,,0.0,,-70.049987793,82.6455688477,316.0,,,,
205.462347556,371,2931,36000,42.2655436111,-83.687075,59.4399986267,0.709999978542,0.0,,13.0,,,0.0,,-69.0,82.6455688477,316.0,,,,
205.462347556,371,2931,37000,42.2659544444,-83.6876011111,61.3799972534,0.709999978542,0.0,,13.0,,,0.0,,-58.299987793,82.6455688477,316.0,,,,
205.462347556,371,2931,38100,42.2659544444,-83.6876011111,62.6899986267,0.709999978542,0.0,,13.0,,,0.0,,-41.799987793,82.6455688477,316.0,,,,
205.462347556,371,2931,39100,42.2659544444,-83.6876011111,63.4499969482,0.709999978542,0.0,,13.0,,,0.0,,-30.799987793,82.6455688477,316.0,,,,
205.462347556,371,2931,40000,42.2663052778,-83.6879644444,63.4499969482,0.709999978542,0.0,,13.0,,,0.0,,-30.799987793,82.6455688477,316.0,,,,
205.462347556,371,2931,40200,42.2663052778,-83.6879644444,63.7700004578,0.709999978542,0.0,,13.0,,,0.0,,-30.950012207,82.6455688477,316.0,,,,
205.462347556,371,2931,40400,42.2663052778,-83.6879644444,63.7700004578,0.709999978542,0.0,,13.0,,,0.0,,-30.950012207,82.6455688477,320.0,,,,
205.462347556,371,2931,41200,42.2663052778,-83.6879644444,63.6999969482,0.709999978542,0.0,,13.0,,,0.0,,-32.049987793,82.6455688477,320.0,,,,
205.462347556,371,2931,42200,42.2663052778,-83.6879644444,63.2599983215,0.709999978542,0.0,,13.0,,,0.0,,-30.950012207,82.6455688477,320.0,,,,
205.462347556,371,2931,42900,42.2666852778,-83.6883861111,63.2599983215,0.709999978542,0.0,,13.0,,,0.0,,-30.950012207,82.6455688477,320.0,,,,
205.462347556,371,2931,43300,42.2666852778,-83.6883861111,62.8599967957,0.709999978542,0.0,,13.0,,,0.0,,-31.450012207,82.6455688477,320.0,,,,
205.462347556,371,2931,44300,42.2666852778,-83.6883861111,62.1699981689,0.709999978542,0.0,,13.0,,,0.0,,-32.3500366211,82.6455688477,320.0,,,,
205.462347556,371,2931,45400,42.2666852778,-83.6883861111,61.6099967957,0.709999978542,0.0,,13.0,,,0.0,,-31.1500244141,82.6455688477,320.0,,,,
205.462347556,371,2931,45900,42.2670177778,-83.6888086111,61.6099967957,0.709999978542,0.0,,13.0,,,0.0,,-31.1500244141,82.6455688477,320.0,,,,
205.462347556,371,2931,46400,42.2670177778,-83.6888086111,61.3699989319,0.709999978542,0.0,,13.0,,,0.0,,-31.9000244141,82.6455688477,320.0,,,,
205.462347556,371,2931,47400,42.2670177778,-83.6888086111,61.4499969482,0.709999978542,0.0,,13.0,,,0.0,,-29.9000244141,82.6455688477,320.0,,,,
205.462347556,371,2931,48500,42.2670177778,-83.6888086111,62.3599967957,0.709999978542,0.0,,13.0,,,0.0,,-29.299987793,82.6455688477,320.0,,,,
205.462347556,371,2931,49000,42.2673491667,-83.68923,62.3599967957,0.709999978542,0.0,,13.0,,,0.0,,-29.299987793,82.6455688477,320.0,,,,
205.462347556,371,2931,49600,42.2673491667,-83.68923,63.4099998474,0.709999978542,0.0,,13.0,,,0.0,,-30.6500244141,82.6455688477,320.0,,,,
205.462347556,371,2931,50600,42.2673491667,-83.68923,64.2200012207,0.709999978542,0.0,,13.0,,,0.0,,-29.75,82.6455688477,320.0,,,,
205.462347556,371,2931,51700,42.2673491667,-83.68923,64.8199996948,0.709999978542,0.0,,13.0,,,0.0,,-30.049987793,82.6455688477,320.0,,,,
205.462347556,371,2931,52000,42.26767,-83.6896708333,64.8199996948,0.709999978542,0.0,,13.0,,,0.0,,-30.049987793,82.6455688477,320.0,,,,
205.462347556,371,2931,52800,42.26767,-83.6896708333,65.0299987793,0.709999978542,0.0,,13.0,,,0.0,,-29.1500244141,82.6455688477,320.0,,,,
205.462347556,371,2931,53800,42.26767,-83.6896708333,65.2099990845,0.709999978542,0.0,,13.0,,,0.0,,-29.1500244141,82.6455688477,320.0,,,,
205.462347556,371,2931,54800,42.26767,-83.6896708333,65.439994812,0.709999978542,0.0,,13.0,,,0.0,,-28.25,82.6455688477,320.0,,,,
205.462347556,371,2931,54900,42.2679708333,-83.6901677778,65.439994812,0.709999978542,0.0,,13.0,,,0.0,,-28.25,82.6455688477,320.0,,,,
205.462347556,371,2931,55600,42.2679708333,-83.6901677778,65.439994812,0.709999978542,0.0,,13.0,,,0.0,,-28.25,82.6455688477,320.5,,,,
205.462347556,371,2931,55900,42.2679708333,-83.6901677778,66.0100021362,0.709999978542,0.0,,13.0,,,0.0,,-27.299987793,82.6455688477,320.5,,,,
205.462347556,371,2931,56900,42.2679708333,-83.6901677778,66.439994812,0.709999978542,0.0,,13.0,,,0.0,,-26.549987793,82.6455688477,320.5,,,,
205.462347556,371,2931,57900,42.2682491667,-83.6907175,66.439994812,0.709999978542,0.0,,13.0,,,0.0,,-26.549987793,82.6455688477,320.5,,,,
205.462347556,371,2931,58000,42.2682491667,-83.6907175,66.5100021362,0.709999978542,0.0,,13.0,,,0.0,,-27.1500244141,82.6455688477,320.5,,,,
205.462347556,371,2931,59000,42.2682491667,-83.6907175,66.3399963379,0.709999978542,0.0,,13.0,,,0.0,,-27.9000244141,82.6455688477,320.5,,,,
205.462347556,371,2931,60000,42.2682491667,-83.6907175,66.2099990845,0.709999978542,0.0,,13.0,,,0.0,,-28.8500366211,82.6455688477,320.5,,,,
205.462347556,371,2931,60900,42.26852,-83.6912872222,66.2099990845,0.709999978542,0.0,,13.0,,,0.0,,-28.8500366211,82.6455688477,320.5,,,,
205.462347556,371,2931,61100,42.26852,-83.6912872222,65.8099975586,0.709999978542,0.0,,13.0,,,0.0,,-27.1500244141,82.6455688477,320.5,,,,
205.462347556,371,2931,62100,42.26852,-83.6912872222,65.5499954224,0.709999978542,0.0,,13.0,,,0.0,,-27.1500244141,82.6455688477,320.5,,,,
205.462347556,371,2931,63200,42.26852,-83.6912872222,65.1599960327,0.709999978542,0.0,,13.0,,,0.0,,-27.0,82.6455688477,320.5,,,,
205.462347556,371,2931,63900,42.2687572222,-83.6918613889,65.1599960327,0.709999978542,0.0,,13.0,,,0.0,,-27.0,82.6455688477,320.5,,,,
205.462347556,371,2931,64200,42.2687572222,-83.6918613889,64.6800003052,0.709999978542,0.0,,13.0,,,0.0,,-27.299987793,82.6455688477,320.5,,,,
205.462347556,371,2931,65200,42.2687572222,-83.6918613889,64.5100021362,0.709999978542,0.0,,13.0,,,0.0,,-28.25,82.6455688477,320.5,,,,
205.462347556,371,2931,65600,42.2687572222,-83.6918613889,64.5100021362,0.709999978542,0.0,,13.0,,,0.0,,-28.25,82.6455688477,320.0,,,,
205.462347556,371,2931,66300,42.2687572222,-83.6918613889,64.5599975586,0.709999978542,0.0,,13.0,,,0.0,,-27.299987793,82.6455688477,320.0,,,,
205.462347556,371,2931,66900,42.2690044444,-83.6924269444,64.5599975586,0.709999978542,0.0,,13.0,,,0.0,,-27.299987793,82.6455688477,320.0,,,,
205.462347556,371,2931,67300,42.2690044444,-83.6924269444,64.2999954224,0.709999978542,0.0,,13.0,,,0.0,,-26.4000244141,82.6455688477,320.0,,,,
205.462347556,371,2931,68400,42.2690044444,-83.6924269444,64.3499984741,0.709999978542,0.0,,13.0,,,0.0,,-26.4000244141,82.6455688477,320.0,,,,
205.462347556,371,2931,69400,42.2690044444,-83.6924269444,64.3099975586,0.709999978542,0.0,,13.0,,,0.0,,-26.1000366211,82.6455688477,320.0,,,,
205.462347556,371,2931,70000,42.2692397222,-83.6929891667,64.3099975586,0.709999978542,0.0,,13.0,,,0.0,,-26.1000366211,82.6455688477,320.0,,,,
205.462347556,371,2931,70400,42.2692397222,-83.6929891667,64.2299957275,0.709999978542,0.0,,13.0,,,0.0,,-25.3500366211,82.6455688477,320.0,,,,
205.462347556,371,2931,70700,42.2692397222,-83.6929891667,64.2299957275,0.709999978542,0.0,,13.0,,,0.0,,-25.3500366211,82.6455688477,320.5,,,,
205.462347556,371,2931,71500,42.2692397222,-83.6929891667,64.3600006104,0.709999978542,0.0,,13.0,,,0.0,,-26.549987793,82.6455688477,320.5,,,,
205.462347556,371,2931,72500,42.2692397222,-83.6929891667,64.3300018311,0.709999978542,0.0,,13.0,,,0.0,,-26.4000244141,82.6455688477,320.5,,,,
205.462347556,371,2931,73000,42.2694783333,-83.6935436111,64.3300018311,0.709999978542,0.0,,13.0,,,0.0,,-26.4000244141,82.6455688477,320.5,,,,
205.462347556,371,2931,73600,42.2694783333,-83.6935436111,64.2699966431,0.709999978542,0.0,,13.0,,,0.0,,-25.0,82.6455688477,320.5,,,,
205.462347556,371,2931,74600,42.2694783333,-83.6935436111,64.2200012207,0.709999978542,0.0,,13.0,,,0.0,,-22.1000366211,82.6455688477,320.5,,,,
205.462347556,371,2931,75600,42.2694783333,-83.6935436111,64.3099975586,0.709999978542,0.0,,13.0,,,0.0,,-18.450012207,82.6455688477,320.5,,,,
205.462347556,371,2931,75700,42.2694783333,-83.6935436111,64.3099975586,0.709999978542,0.0,,13.0,,,0.0,,-18.450012207,82.6455688477,321.0,,,,
205.462347556,371,2931,75900,42.2697063889,-83.6941058333,64.3099975586,0.709999978542,0.0,,13.0,,,0.0,,-18.450012207,82.6455688477,321.0,,,,
205.462347556,371,2931,76700,42.2697063889,-83.6941058333,64.4799957275,0.709999978542,0.0,,13.0,,,0.0,,-17.1000366211,82.6455688477,321.0,,,,
205.462347556,371,2931,77700,42.2697063889,-83.6941058333,64.2399978638,0.709999978542,0.0,,13.0,,,0.0,,-4.10003662109,82.6455688477,321.0,,,,
205.462347556,371,2931,78800,42.2697063889,-83.6941058333,63.2700004578,0.709999978542,0.0,,13.0,,,0.0,,15.25,82.6455688477,321.0,,,,
205.462347556,371,2931,78900,42.26993,-83.6946686111,63.2700004578,0.709999978542,0.0,,13.0,,,0.0,,15.25,82.6455688477,321.0,,,,
205.462347556,371,2931,79800,42.26993,-83.6946686111,61.8999977112,0.709999978542,0.0,,13.0,,,0.0,,19.549987793,82.6455688477,321.0,,,,
205.462347556,371,2931,80800,42.26993,-83.6946686111,60.5200004578,0.709999978542,0.0,,13.0,,,0.0,,19.700012207,82.6455688477,326.5,,,,
205.462347556,371,2931,81900,42.26993,-83.6946686111,58.8099975586,0.709999978542,0.0,,13.0,,,0.0,,18.1499633789,82.6455688477,326.5,,,,
205.462347556,371,2931,82000,42.2701305556,-83.6952125,58.8099975586,0.709999978542,0.0,,13.0,,,0.0,,18.1499633789,82.6455688477,326.5,,,,
205.462347556,371,2931,82900,42.2701305556,-83.6952125,56.8699989319,0.709999978542,0.0,,13.0,,,0.0,,16.950012207,82.6455688477,326.5,,,,
205.462347556,371,2931,83500,42.2701305556,-83.6952125,56.8699989319,0.709999978542,0.0,,12.75,,,0.0,,16.950012207,82.6455688477,326.5,,,,
205.462347556,371,2931,83900,42.2701305556,-83.6952125,56.8699989319,0.709999978542,0.0,,12.75,,,0.0,,16.950012207,82.6455688477,326.5,,,,
205.462347556,371,2931,84000,42.2701305556,-83.6952125,55.1299972534,0.709999978542,0.0,,12.75,,,0.0,,16.049987793,82.6455688477,326.5,,,,
205.462347556,371,2931,84200,42.2701305556,-83.6952125,55.1299972534,0.709999978542,0.0,,12.75,,,0.0,,16.049987793,79.5822677612,326.5,,,,
205.462347556,371,2931,84900,42.2703294444,-83.6956913889,55.1299972534,0.709999978542,0.0,,12.75,,,0.0,,16.049987793,79.5822677612,326.5,,,,
205.462347556,371,2931,85100,42.2703294444,-83.6956913889,51.6699981689,0.709999978542,0.0,,12.75,,,0.0,,27.0,79.5822677612,326.5,,,,
205.462347556,371,2931,85800,42.2703294444,-83.6956913889,51.6699981689,0.709999978542,0.0,,12.75,,,0.0,,27.0,79.5822677612,328.0,,,,
205.462347556,371,2931,85900,42.2703294444,-83.6956913889,51.6699981689,0.709999978542,0.0,,12.75,,,0.0,,27.0,79.5822677612,328.0,,,,
205.462347556,371,2931,86200,42.2703294444,-83.6956913889,48.969997406,0.709999978542,0.0,,12.75,,,0.0,,57.3999633789,79.5822677612,328.0,,,,
205.462347556,371,2931,87200,42.2703294444,-83.6956913889,45.2399978638,0.709999978542,0.0,,12.75,,,0.0,,69.0,79.5822677612,328.0,,,,
205.462347556,371,2931,87900,42.27052,-83.6960936111,45.2399978638,0.709999978542,0.0,,12.75,,,0.0,,69.0,79.5822677612,328.0,,,,
205.462347556,371,2931,88200,42.27052,-83.6960936111,41.1100006104,0.709999978542,0.0,,12.75,,,0.0,,61.950012207,79.5822677612,328.0,,,,
205.462347556,371,2931,89300,42.27052,-83.6960936111,37.3199996948,0.709999978542,0.0,,12.75,,,0.0,,56.0,79.5822677612,328.0,,,,
205.462347556,371,2931,90300,42.27052,-83.6960936111,33.469997406,0.709999978542,0.0,,12.75,,,0.0,,48.549987793,79.5822677612,328.0,,,,
205.462347556,371,2931,90800,42.27052,-83.6960936111,33.469997406,0.709999978542,0.0,,12.75,,,0.0,,48.549987793,79.5822677612,332.5,,,,
205.462347556,371,2931,91400,42.27052,-83.6960936111,29.4299983978,0.709999978542,0.0,,12.75,,,0.0,,41.5,79.5822677612,332.5,,,,
205.462347556,371,2931,91900,42.2707183333,-83.6964763889,29.4299983978,0.709999978542,0.0,,12.75,,,0.0,,41.5,79.5822677612,332.5,,,,
205.462347556,371,2931,92400,42.2707183333,-83.6964763889,26.0100002289,0.709999978542,0.0,,12.75,,,0.0,,25.200012207,79.5822677612,332.5,,,,
205.462347556,371,2931,93400,42.2707183333,-83.6964763889,23.4099998474,0.709999978542,0.0,,12.75,,,0.0,,19.700012207,79.5822677612,332.5,,,,
205.462347556,371,2931,94500,42.2707183333,-83.6964763889,21.1199989319,0.709999978542,0.0,,12.75,,,0.0,,16.799987793,79.5822677612,332.5,,,,
205.462347556,371,2931,94900,42.2708022222,-83.6966786111,21.1199989319,0.709999978542,0.0,,12.75,,,0.0,,16.799987793,79.5822677612,332.5,,,,
205.462347556,371,2931,95500,42.2708022222,-83.6966786111,18.75,0.709999978542,0.0,,12.75,,,0.0,,13.5999755859,79.5822677612,332.5,,,,
205.462347556,371,2931,95800,42.2708022222,-83.6966786111,18.75,0.709999978542,0.0,,12.75,,,0.0,,13.5999755859,79.5822677612,328.5,,,,
205.462347556,371,2931,96600,42.2708022222,-83.6966786111,16.5599994659,0.709999978542,0.0,,12.75,,,0.0,,0.299987792969,79.5822677612,328.5,,,,
205.462347556,371,2931,97600,42.2708022222,-83.6966786111,15.7199993134,0.709999978542,0.0,,12.75,,,0.0,,0.299987792969,79.5822677612,328.5,,,,
205.462347556,371,2931,97900,42.2708422222,-83.6968375,15.7199993134,0.709999978542,0.0,,12.75,,,0.0,,0.299987792969,79.5822677612,328.5,,,,
205.462347556,371,2931,98600,42.2708422222,-83.6968375,14.9399995804,0.709999978542,0.0,,12.75,,,0.0,,0.149963378906,79.5822677612,328.5,,,,
205.462347556,371,2931,99700,42.2708422222,-83.6968375,14.1499996185,0.709999978542,0.0,,12.75,,,0.0,,0.0,79.5822677612,328.5,,,,
205.462347556,371,2931,100700,42.2708422222,-83.6968375,13.3199996948,0.709999978542,0.0,,12.75,,,0.0,,-0.299987792969,79.5822677612,328.5,,,,
205.462347556,371,2931,100900,42.2708422222,-83.6968375,13.3199996948,0.709999978542,0.0,,12.75,,,0.0,,-0.299987792969,79.5822677612,327.0,,,,
205.462347556,371,2931,101000,42.2708733333,-83.6969552778,13.3199996948,0.709999978542,0.0,,12.75,,,0.0,,-0.299987792969,79.5822677612,327.0,,,,
205.462347556,371,2931,101800,42.2708733333,-83.6969552778,12.3899993896,0.709999978542,0.0,,12.75,,,0.0,,4.29998779297,79.5822677612,327.0,,,,
205.462347556,371,2931,102800,42.2708733333,-83.6969552778,8.30999946594,0.709999978542,0.0,,12.75,,,0.0,,7.20001220703,79.5822677612,327.0,,,,
205.462347556,371,2931,103800,42.2708733333,-83.6969552778,3.50999999046,0.709999978542,0.0,,12.75,,,0.0,,-1.04998779297,79.5822677612,327.0,,,,
205.462347556,371,2931,104000,42.2708869444,-83.6970175,3.50999999046,0.709999978542,0.0,,12.75,,,0.0,,-1.04998779297,79.5822677612,327.0,,,,
205.462347556,371,2931,104900,42.2708869444,-83.6970175,0.560000002384,0.709999978542,0.0,,12.75,,,0.0,,-1.04998779297,79.5822677612,327.0,,,,
205.462347556,371,2931,105900,42.2708869444,-83.6970175,0.0999999940395,0.709999978542,0.0,,12.75,,,0.0,,-1.20001220703,79.5822677612,326.5,,,,
205.462347556,371,2931,106500,42.2708869444,-83.6970175,0.0,0.709999978542,0.0,,13.0,,,0.0,,-1.20001220703,79.5822677612,326.5,,,,
205.462347556,371,2931,107100,42.2708869444,-83.6970175,0.0,0.709999978542,0.0,,13.0,,,0.0,,-1.20001220703,80.4556884766,326.5,,,,
205.462347556,371,2931,107500,42.2708869444,-83.6970175,0.0,0.709999978542,0.0,,13.0,,,0.0,,-0.900024414063,80.4556884766,326.5,,,,
205.462347556,371,2931,108600,42.2708869444,-83.6970175,0.0,0.709999978542,0.0,,13.0,,,0.0,,-1.20001220703,80.4556884766,326.5,,,,
205.462347556,371,2931,109600,42.2708869444,-83.6970175,0.0,0.709999978542,0.0,,13.0,,,0.0,,-2.75,80.4556884766,326.5,,,,
205.462347556,371,2931,109900,42.2708841667,-83.6970261111,0.0,0.709999978542,0.0,,13.0,,,0.0,,-2.75,80.4556884766,326.5,,,,
205.462347556,371,2931,110500,42.2708841667,-83.6970261111,1.43999993801,0.709999978542,0.0,,13.0,,,0.0,,-6.25,80.4556884766,326.0,,,,
205.462347556,371,2931,111100,42.2708841667,-83.6970261111,1.43999993801,0.709999978542,0.0,,13.0,,,0.0,,-6.25,80.3923950195,326.0,,,,
205.462347556,371,2931,111500,42.2708841667,-83.6970261111,6.63999986649,0.709999978542,0.0,,13.0,,,0.0,,-41.950012207,80.3923950195,326.0,,,,
205.462347556,371,2931,112600,42.2708841667,-83.6970261111,14.5199995041,0.709999978542,0.0,,13.0,,,0.0,,-67.299987793,80.3923950195,326.0,,,,
205.462347556,371,2931,113000,42.2709069444,-83.6970958333,14.5199995041,0.709999978542,0.0,,13.0,,,0.0,,-67.299987793,80.3923950195,326.0,,,,
205.462347556,371,2931,113600,42.2709069444,-83.6970958333,20.9099998474,0.709999978542,0.0,,13.0,,,0.0,,-75.4000244141,80.3923950195,326.0,,,,
205.462347556,371,2931,114600,42.2709069444,-83.6970958333,27.0499992371,0.709999978542,0.0,,13.0,,,0.0,,-98.6000366211,80.3923950195,326.0,,,,
205.462347556,371,2931,115500,42.2709069444,-83.6970958333,27.0499992371,0.709999978542,0.0,,13.0,,,0.0,,-98.6000366211,80.3923950195,310.5,,,,
205.462347556,371,2931,115700,42.2709069444,-83.6970958333,33.3999977112,0.709999978542,0.0,,13.0,,,0.0,,-121.200012207,80.3923950195,310.5,,,,
205.462347556,371,2931,115900,42.2710594444,-83.6972036111,33.3999977112,0.709999978542,0.0,,13.0,,,0.0,,-121.200012207,80.3923950195,310.5,,,,
205.462347556,371,2931,116700,42.2710594444,-83.6972036111,38.9500007629,0.709999978542,0.0,,13.0,,,0.0,,-121.5,80.3923950195,310.5,,,,
205.462347556,371,2931,117800,42.2710594444,-83.6972036111,43.5799980164,0.709999978542,0.0,,13.0,,,0.0,,-113.100036621,80.3923950195,310.5,,,,
205.462347556,371,2931,118800,42.2710594444,-83.6972036111,47.6299972534,0.709999978542,0.0,,13.0,,,0.0,,-104.400024414,80.3923950195,310.5,,,,
205.462347556,371,2931,118900,42.2713583333,-83.6973505556,47.6299972534,0.709999978542,0.0,,13.0,,,0.0,,-104.400024414,80.3923950195,310.5,,,,
205.462347556,371,2931,119900,42.2713583333,-83.6973505556,50.4799995422,0.709999978542,0.0,,13.0,,,0.0,,-87.299987793,80.3923950195,310.5,,,,
205.462347556,371,2931,120500,42.2713583333,-83.6973505556,50.4799995422,0.709999978542,0.0,,13.0,,,0.0,,-87.299987793,80.3923950195,313.0,,,,
205.462347556,371,2931,121000,42.2713583333,-83.6973505556,52.9599990845,0.709999978542,0.0,,13.0,,,0.0,,-81.950012207,80.3923950195,313.0,,,,
205.462347556,371,2931,122000,42.2717341667,-83.6975780556,55.5499992371,0.709999978542,0.0,,13.0,,,0.0,,-56.75,80.3923950195,313.0,,,,
205.462347556,371,2931,123100,42.2717341667,-83.6975780556,55.7599983215,0.709999978542,0.0,,13.0,,,0.0,,-9.90002441406,80.3923950195,313.0,,,,
205.462347556,371,2931,124100,42.2717341667,-83.6975780556,54.25,0.709999978542,0.0,,13.0,,,0.0,,12.049987793,80.3923950195,313.0,,,,
205.462347556,371,2931,124900,42.2721330556,-83.6978244444,54.25,0.709999978542,0.0,,13.0,,,0.0,,12.049987793,80.3923950195,313.0,,,,
205.462347556,371,2931,125200,42.2721330556,-83.6978244444,52.4499969482,0.709999978542,0.0,,13.0,,,0.0,,13.1499633789,80.3923950195,313.0,,,,
205.462347556,371,2931,125600,42.2721330556,-83.6978244444,52.4499969482,0.709999978542,0.0,,13.0,,,0.0,,13.1499633789,80.3923950195,324.5,,,,
205.462347556,371,2931,126200,42.2721330556,-83.6978244444,50.3299980164,0.709999978542,0.0,,13.0,,,0.0,,19.3999633789,80.3923950195,324.5,,,,
205.462347556,371,2931,127200,42.2721330556,-83.6978244444,45.7999992371,0.709999978542,0.0,,13.0,,,0.0,,87.450012207,80.3923950195,324.5,,,,
205.462347556,371,2931,127900,42.2724733333,-83.6980363889,45.7999992371,0.709999978542,0.0,,13.0,,,0.0,,87.450012207,80.3923950195,324.5,,,,
205.462347556,371,2931,128300,42.2724733333,-83.6980363889,38.8699989319,0.709999978542,0.0,,13.0,,,0.0,,96.75,80.3923950195,324.5,,,,
205.462347556,371,2931,129300,42.2724733333,-83.6980363889,30.9599990845,0.709999978542,0.0,,13.0,,,0.0,,81.6499633789,80.3923950195,324.5,,,,
205.462347556,371,2931,130400,42.2724733333,-83.6980363889,26.3199996948,0.709999978542,0.0,,13.0,,,0.0,,3.5,80.3923950195,324.5,,,,
205.462347556,371,2931,130600,42.2724733333,-83.6980363889,26.3199996948,0.709999978542,0.0,,13.0,,,0.0,,3.5,80.3923950195,326.0,,,,
205.462347556,371,2931,131000,42.2727380556,-83.6981377778,26.3199996948,0.709999978542,0.0,,13.0,,,0.0,,3.5,80.3923950195,326.0,,,,
205.462347556,371,2931,131400,42.2727380556,-83.6981377778,25.7199993134,0.709999978542,0.0,,13.0,,,0.0,,-35.549987793,80.3923950195,326.0,,,,
205.462347556,371,2931,132400,42.2727380556,-83.6981377778,28.1800003052,0.709999978542,0.0,,13.0,,,0.0,,-74.0,80.3923950195,326.0,,,,
205.462347556,371,2931,133500,42.2727380556,-83.6981377778,32.1899986267,0.709999978542,0.0,,13.0,,,0.0,,-81.049987793,80.3923950195,326.0,,,,
205.462347556,371,2931,133900,42.2729036111,-83.6979594444,32.1899986267,0.709999978542,0.0,,13.0,,,0.0,,-81.049987793,80.3923950195,326.0,,,,
205.462347556,371,2931,134500,42.2729036111,-83.6979594444,35.8600006104,0.709999978542,0.0,,13.0,,,0.0,,-81.6500244141,80.3923950195,326.0,,,,
205.462347556,371,2931,135600,42.2729036111,-83.6979594444,38.8199996948,0.709999978542,0.0,,13.0,,,0.0,,-64.1000366211,80.3923950195,315.5,,,,
205.462347556,371,2931,136600,42.2729036111,-83.6979594444,41.0299987793,0.709999978542,0.0,,13.0,,,0.0,,-51.6000366211,80.3923950195,315.5,,,,
205.462347556,371,2931,137600,42.2729036111,-83.6979594444,42.5799980164,0.709999978542,0.0,,13.0,,,0.0,,-45.299987793,80.3923950195,315.5,,,,
205.462347556,371,2931,137900,42.2731619444,-83.6976261111,42.5799980164,0.709999978542,0.0,,13.0,,,0.0,,-45.299987793,80.3923950195,315.5,,,,
205.462347556,371,2931,138700,42.2731619444,-83.6976261111,43.7399978638,0.709999978542,0.0,,13.0,,,0.0,,-31.450012207,80.3923950195,315.5,,,,
205.462347556,371,2931,139700,42.2731619444,-83.6976261111,44.8299980164,0.709999978542,0.0,,13.0,,,0.0,,-22.25,80.3923950195,315.5,,,,
205.462347556,371,2931,140700,42.2731619444,-83.6976261111,44.8299980164,0.709999978542,0.0,,13.0,,,0.0,,-22.25,80.3923950195,320.5,,,,
205.462347556,371,2931,140800,42.2731619444,-83.6976261111,46.2899971008,0.709999978542,0.0,,13.0,,,0.0,,-20.299987793,80.3923950195,320.5,,,,
205.462347556,371,2931,140900,42.2734825,-83.6976666667,46.2899971008,0.709999978542,0.0,,13.0,,,0.0,,-20.299987793,80.3923950195,320.5,,,,
205.462347556,371,2931,141800,42.2734825,-83.6976666667,47.2700004578,0.709999978542,0.0,,13.0,,,0.0,,-19.549987793,80.3923950195,320.5,,,,
205.462347556,371,2931,142800,42.2734825,-83.6976666667,48.7899971008,0.709999978542,0.0,,13.0,,,0.0,,-16.6500244141,80.3923950195,320.5,,,,
205.462347556,371,2931,143900,42.2734825,-83.6976666667,49.5,0.709999978542,0.0,,13.0,,,0.0,,-17.700012207,80.3923950195,320.5,,,,
205.462347556,371,2931,144000,42.2737186111,-83.6979591667,49.5,0.709999978542,0.0,,13.0,,,0.0,,-17.700012207,80.3923950195,320.5,,,,
205.462347556,371,2931,144900,42.2737186111,-83.6979591667,50.0,0.709999978542,0.0,,13.0,,,0.0,,-16.299987793,80.3923950195,320.5,,,,
205.462347556,371,2931,145700,42.2737186111,-83.6979591667,50.0,0.709999978542,0.0,,13.0,,,0.0,,-16.299987793,80.3923950195,321.0,,,,
205.462347556,371,2931,146000,42.2737186111,-83.6979591667,50.5099983215,0.709999978542,0.0,,13.0,,,0.0,,-18.1500244141,80.3923950195,321.0,,,,
205.462347556,371,2931,146900,42.2738697222,-83.69837,50.5099983215,0.709999978542,0.0,,13.0,,,0.0,,-18.1500244141,80.3923950195,321.0,,,,
205.462347556,371,2931,147000,42.2738697222,-83.69837,51.4099998474,0.709999978542,0.0,,13.0,,,0.0,,-25.1500244141,80.3923950195,321.0,,,,
205.462347556,371,2931,148000,42.2738697222,-83.69837,52.0900001526,0.709999978542,0.0,,13.0,,,0.0,,-49.9000244141,80.3923950195,321.0,,,,
205.462347556,371,2931,149100,42.2738697222,-83.69837,52.6800003052,0.709999978542,0.0,,13.0,,,0.0,,-55.700012207,80.3923950195,321.0,,,,
205.462347556,371,2931,150000,42.2739919444,-83.6988525,52.6800003052,0.709999978542,0.0,,13.0,,,0.0,,-55.700012207,80.3923950195,321.0,,,,
205.462347556,371,2931,150100,42.2739919444,-83.6988525,52.8999977112,0.709999978542,0.0,,13.0,,,0.0,,-58.0,80.3923950195,321.0,,,,
205.462347556,371,2931,150800,42.2739919444,-83.6988525,52.8999977112,0.709999978542,0.0,,13.0,,,0.0,,-58.0,80.3923950195,315.5,,,,
205.462347556,371,2931,151200,42.2739919444,-83.6988525,53.4499969482,0.709999978542,0.0,,13.0,,,0.0,,-60.1500244141,80.3923950195,315.5,,,,
205.462347556,371,2931,152200,42.2739919444,-83.6988525,53.6599998474,0.709999978542,0.0,,13.0,,,0.0,,-52.799987793,80.3923950195,315.5,,,,
205.462347556,371,2931,152900,42.2740977778,-83.6993502778,53.6599998474,0.709999978542,0.0,,13.0,,,0.0,,-52.799987793,80.3923950195,315.5,,,,
205.462347556,371,2931,153300,42.2740977778,-83.6993502778,54.0,0.709999978542,0.0,,13.0,,,0.0,,-40.9000244141,80.3923950195,315.5,,,,
205.462347556,371,2931,154400,42.2740977778,-83.6993502778,54.0499992371,0.709999978542,0.0,,13.0,,,0.0,,-33.4000244141,80.3923950195,315.5,,,,
205.462347556,371,2931,155400,42.2740977778,-83.6993502778,54.2099990845,0.709999978542,0.0,,13.0,,,0.0,,-19.8500366211,80.3923950195,315.5,,,,
205.462347556,371,2931,155800,42.2740977778,-83.6993502778,54.2099990845,0.709999978542,0.0,,13.0,,,0.0,,-19.8500366211,80.3923950195,319.5,,,,
205.462347556,371,2931,155900,42.2742105556,-83.6998666667,54.2099990845,0.709999978542,0.0,,13.0,,,0.0,,-19.8500366211,80.3923950195,319.5,,,,
205.462347556,371,2931,156500,42.2742105556,-83.6998666667,54.0799980164,0.709999978542,0.0,,13.0,,,0.0,,-15.1000366211,80.3923950195,319.5,,,,
205.462347556,371,2931,157500,42.2742105556,-83.6998666667,54.4300003052,0.709999978542,0.0,,13.0,,,0.0,,-12.799987793,80.3923950195,319.5,,,,
205.462347556,371,2931,158600,42.2742105556,-83.6998666667,54.8499984741,0.709999978542,0.0,,13.0,,,0.0,,-12.950012207,80.3923950195,319.5,,,,
205.462347556,371,2931,159000,42.2743191667,-83.7003855556,54.8499984741,0.709999978542,0.0,,13.0,,,0.0,,-12.950012207,80.3923950195,319.5,,,,
205.462347556,371,2931,159600,42.2743191667,-83.7003855556,55.1199989319,0.709999978542,0.0,,13.0,,,0.0,,-12.799987793,80.3923950195,319.5,,,,
205.462347556,371,2931,160600,42.2743191667,-83.7003855556,55.469997406,0.709999978542,0.0,,13.0,,,0.0,,-10.6500244141,80.3923950195,319.5,,,,
205.462347556,371,2931,160800,42.2743191667,-83.7003855556,55.469997406,0.709999978542,0.0,,13.0,,,0.0,,-10.6500244141,80.3923950195,321.0,,,,
205.462347556,371,2931,161700,42.2743191667,-83.7003855556,55.8099975586,0.709999978542,0.0,,13.0,,,0.0,,-12.5,80.3923950195,321.0,,,,
205.462347556,371,2931,161900,42.2744266667,-83.7009508333,55.8099975586,0.709999978542,0.0,,13.0,,,0.0,,-12.5,80.3923950195,321.0,,,,
205.462347556,371,2931,162700,42.2744266667,-83.7009508333,55.719997406,0.709999978542,0.0,,13.0,,,0.0,,-11.299987793,80.3923950195,321.0,,,,
205.462347556,371,2931,163800,42.2744266667,-83.7009508333,55.4899978638,0.709999978542,0.0,,13.0,,,0.0,,-12.799987793,80.3923950195,321.0,,,,
205.462347556,371,2931,164800,42.2744266667,-83.7009508333,55.0299987793,0.709999978542,0.0,,13.0,,,0.0,,-12.950012207,80.3923950195,321.0,,,,
205.462347556,371,2931,165000,42.2745336111,-83.7015091667,55.0299987793,0.709999978542,0.0,,13.0,,,0.0,,-12.950012207,80.3923950195,321.0,,,,
205.462347556,371,2931,165800,42.2745336111,-83.7015091667,54.3499984741,0.709999978542,0.0,,13.0,,,0.0,,-13.4000244141,80.3923950195,321.0,,,,
205.462347556,371,2931,166900,42.2745336111,-83.7015091667,53.6199989319,0.709999978542,0.0,,13.0,,,0.0,,-13.4000244141,80.3923950195,321.0,,,,
205.462347556,371,2931,167900,42.2745336111,-83.7015091667,53.0599975586,0.709999978542,0.0,,13.0,,,0.0,,-18.0,80.3923950195,321.0,,,,
205.462347556,371,2931,168000,42.2746302778,-83.7020366667,53.0599975586,0.709999978542,0.0,,13.0,,,0.0,,-18.0,80.3923950195,321.0,,,,
205.462347556,371,2931,169000,42.2746302778,-83.7020366667,52.6999969482,0.709999978542,0.0,,13.0,,,0.0,,-37.8500366211,80.3923950195,321.0,,,,
205.462347556,371,2931,170000,42.2746302778,-83.7020366667,52.2999992371,0.709999978542,0.0,,13.0,,,0.0,,-55.1000366211,80.3923950195,321.0,,,,
205.462347556,371,2931,170600,42.2746302778,-83.7020366667,52.2999992371,0.709999978542,0.0,,13.0,,,0.0,,-55.1000366211,80.3923950195,321.0,,,,
205.462347556,371,2931,170900,42.2746041667,-83.7025594444,52.2999992371,0.709999978542,0.0,,13.0,,,0.0,,-55.1000366211,80.3923950195,314.0,,,,
205.462347556,371,2931,171000,42.2746041667,-83.7025594444,51.8699989319,0.709999978542,0.0,,13.0,,,0.0,,-80.1000366211,80.3923950195,314.0,,,,
205.462347556,371,2931,171100,42.2746041667,-83.7025594444,51.8699989319,0.709999978542,0.0,,13.0,,,0.0,,-80.1000366211,76.3924026489,314.0,,,,
205.462347556,371,2931,172100,42.2746041667,-83.7025594444,51.6299972534,0.709999978542,0.0,,13.0,,,0.0,,-86.549987793,76.3924026489,314.0,,,,
205.462347556,371,2931,173100,42.2746041667,-83.7025594444,51.4099998474,0.709999978542,0.0,,13.0,,,0.0,,-92.950012207,76.3924026489,314.0,,,,
205.462347556,371,2931,174000,42.2743361111,-83.7030147222,51.4099998474,0.709999978542,0.0,,13.0,,,0.0,,-92.950012207,76.3924026489,314.0,,,,
205.462347556,371,2931,174200,42.2743361111,-83.7030147222,51.0099983215,0.709999978542,0.0,,13.0,,,0.0,,-95.4000244141,76.3924026489,314.0,,,,
205.462347556,371,2931,175200,42.2743361111,-83.7030147222,50.7299995422,0.709999978542,0.0,,13.0,,,0.0,,-102.100036621,76.3924026489,314.0,,,,
205.462347556,371,2931,175900,42.2743361111,-83.7030147222,50.7299995422,0.709999978542,0.0,,13.0,,,0.0,,-102.100036621,76.3924026489,308.0,,,,
205.462347556,371,2931,176200,42.2743361111,-83.7030147222,50.6899986267,0.709999978542,0.0,,13.0,,,0.0,,-106.850036621,76.3924026489,308.0,,,,
205.462347556,371,2931,176900,42.2740558333,-83.7033413889,50.6899986267,0.709999978542,0.0,,13.0,,,0.0,,-106.850036621,76.3924026489,308.0,,,,
205.462347556,371,2931,177300,42.2740558333,-83.7033413889,50.5900001526,0.709999978542,0.0,,13.0,,,0.0,,-108.5,76.3924026489,308.0,,,,
205.462347556,371,2931,178300,42.2740558333,-83.7033413889,50.6499977112,0.709999978542,0.0,,13.0,,,0.0,,-105.600036621,76.3924026489,308.0,,,,
205.462347556,371,2931,179400,42.2740558333,-83.7033413889,51.0900001526,0.709999978542,0.0,,13.0,,,0.0,,-99.5,76.3924026489,308.0,,,,
205.462347556,371,2931,179900,42.2737611111,-83.7036583333,51.0900001526,0.709999978542,0.0,,13.0,,,0.0,,-99.5,76.3924026489,308.0,,,,
205.462347556,371,2931,180400,42.2737611111,-83.7036583333,51.3199996948,0.709999978542,0.0,,13.0,,,0.0,,-84.25,76.3924026489,308.0,,,,
205.462347556,371,2931,181000,42.2737611111,-83.7036583333,51.3199996948,0.709999978542,0.0,,13.0,,,0.0,,-84.25,76.3924026489,309.0,,,,
205.462347556,371,2931,181400,42.2737611111,-83.7036583333,51.2399978638,0.709999978542,0.0,,13.0,,,0.0,,-78.9000244141,76.3924026489,309.0,,,,
205.462347556,371,2931,182500,42.2737611111,-83.7036583333,51.0399971008,0.709999978542,0.0,,13.0,,,0.0,,-77.200012207,76.3924026489,309.0,,,,
205.462347556,371,2931,182900,42.2734652778,-83.7039983333,51.0399971008,0.709999978542,0.0,,13.0,,,0.0,,-77.200012207,76.3924026489,309.0,,,,
205.462347556,371,2931,183500,42.2734652778,-83.7039983333,50.3799972534,0.709999978542,0.0,,13.0,,,0.0,,-76.6000366211,76.3924026489,309.0,,,,
205.462347556,371,2931,184600,42.2734652778,-83.7039983333,49.3799972534,0.709999978542,0.0,,13.0,,,0.0,,-75.4000244141,76.3924026489,309.0,,,,
205.462347556,371,2931,185600,42.2734652778,-83.7039983333,48.3400001526,0.709999978542,0.0,,13.0,,,0.0,,-76.9000244141,76.3924026489,309.0,,,,
205.462347556,371,2931,185900,42.27321,-83.7043825,48.3400001526,0.709999978542,0.0,,13.0,,,0.0,,-76.9000244141,76.3924026489,309.0,,,,
205.462347556,371,2931,186600,42.27321,-83.7043825,47.8099975586,0.709999978542,0.0,,13.0,,,0.0,,-76.0,76.3924026489,309.0,,,,
205.462347556,371,2931,187700,42.27321,-83.7043825,47.7999992371,0.709999978542,0.0,,13.0,,,0.0,,-76.450012207,76.3924026489,309.0,,,,
205.462347556,371,2931,188800,42.27321,-83.7043825,48.3699989319,0.709999978542,0.0,,13.0,,,0.0,,-78.75,76.3924026489,309.0,,,,
205.462347556,371,2931,189000,42.2730816667,-83.7048025,48.3699989319,0.709999978542,0.0,,13.0,,,0.0,,-78.75,76.3924026489,309.0,,,,
205.462347556,371,2931,189900,42.2730816667,-83.7048025,49.8199996948,0.709999978542,0.0,,13.0,,,0.0,,-78.9000244141,76.3924026489,309.0,,,,
205.462347556,371,2931,190900,42.2730816667,-83.7048025,51.3899993896,0.709999978542,0.0,,13.0,,,0.0,,-66.8500366211,76.3924026489,309.0,,,,
205.462347556,371,2931,191000,42.2730816667,-83.7048025,51.3899993896,0.709999978542,0.0,,13.0,,,0.0,,-66.8500366211,76.3924026489,309.5,,,,
205.462347556,371,2931,191900,42.272965,-83.7053111111,51.3899993896,0.709999978542,0.0,,13.0,,,0.0,,-66.8500366211,76.3924026489,309.5,,,,
205.462347556,371,2931,192000,42.272965,-83.7053111111,52.6699981689,0.709999978542,0.0,,13.0,,,0.0,,-58.1500244141,76.3924026489,309.5,,,,
205.462347556,371,2931,193000,42.272965,-83.7053111111,53.1800003052,0.709999978542,0.0,,13.0,,,0.0,,-54.950012207,76.3924026489,309.5,,,,
205.462347556,371,2931,194000,42.272965,-83.7053111111,52.0799980164,0.709999978542,0.0,,13.0,,,0.0,,-54.799987793,76.3924026489,309.5,,,,
205.462347556,371,2931,195000,42.2729333333,-83.7058261111,52.0799980164,0.709999978542,0.0,,13.0,,,0.0,,-54.799987793,76.3924026489,309.5,,,,
205.462347556,371,2931,195100,42.2729333333,-83.7058261111,50.6299972534,0.709999978542,0.0,,13.0,,,0.0,,-55.25,76.3924026489,309.5,,,,
205.462347556,371,2931,196000,42.2729333333,-83.7058261111,50.6299972534,0.709999978542,0.0,,13.0,,,0.0,,-55.25,76.3924026489,311.0,,,,
205.462347556,371,2931,196100,42.2729333333,-83.7058261111,49.7000007629,0.709999978542,0.0,,13.0,,,0.0,,-53.4000244141,76.3924026489,311.0,,,,
205.462347556,371,2931,197200,42.2729333333,-83.7058261111,49.5699996948,0.709999978542,0.0,,13.0,,,0.0,,-54.6500244141,76.3924026489,311.0,,,,
205.462347556,371,2931,197900,42.2729241667,-83.7063622222,49.5699996948,0.709999978542,0.0,,13.0,,,0.0,,-54.6500244141,76.3924026489,311.0,,,,
205.462347556,371,2931,198200,42.2729241667,-83.7063622222,50.1699981689,0.709999978542,0.0,,13.0,,,0.0,,-54.950012207,76.3924026489,311.0,,,,
205.462347556,371,2931,199200,42.2729241667,-83.7063622222,51.3299980164,0.709999978542,0.0,,13.0,,,0.0,,-46.25,76.3924026489,311.0,,,,
205.462347556,371,2931,200300,42.2729241667,-83.7063622222,52.4300003052,0.709999978542,0.0,,13.0,,,0.0,,-37.4000244141,76.3924026489,311.0,,,,
205.462347556,371,2931,201100,42.2729241667,-83.7063622222,52.4300003052,0.709999978542,0.0,,13.0,,,0.0,,-37.4000244141,76.3924026489,312.5,,,,
205.462347556,371,2931,201300,42.2729241667,-83.7063622222,52.719997406,0.709999978542,0.0,,13.0,,,0.0,,-37.4000244141,76.3924026489,312.5,,,,
205.462347556,371,2931,201900,42.2729116667,-83.7070922222,52.719997406,0.709999978542,0.0,,13.0,,,0.0,,-37.4000244141,76.3924026489,312.5,,,,
205.462347556,371,2931,202400,42.2729116667,-83.7070922222,52.7099990845,0.709999978542,0.0,,13.0,,,0.0,,-36.0,76.3924026489,312.5,,,,
205.462347556,371,2931,203400,42.2729116667,-83.7070922222,52.2599983215,0.709999978542,0.0,,13.0,,,0.0,,-36.1500244141,76.3924026489,312.5,,,,
205.462347556,371,2931,204400,42.2729116667,-83.7070922222,51.3499984741,0.709999978542,0.0,,13.0,,,0.0,,-36.75,76.3924026489,312.5,,,,
205.462347556,371,2931,204900,42.2729091667,-83.7076344444,51.3499984741,0.709999978542,0.0,,13.0,,,0.0,,-36.75,76.3924026489,312.5,,,,
205.462347556,371,2931,205500,42.2729091667,-83.7076344444,50.2599983215,0.709999978542,0.0,,13.0,,,0.0,,-36.950012207,76.3924026489,312.5,,,,
205.462347556,371,2931,206000,42.2729091667,-83.7076344444,50.2599983215,0.709999978542,0.0,,13.0,,,0.0,,-36.950012207,76.3924026489,312.5,,,,
205.462347556,371,2931,206500,42.2729091667,-83.7076344444,49.8499984741,0.709999978542,0.0,,13.0,,,0.0,,-39.049987793,76.3924026489,312.5,,,,
205.462347556,371,2931,207600,42.2729091667,-83.7076344444,49.8600006104,0.709999978542,0.0,,13.0,,,0.0,,-37.8500366211,76.3924026489,312.5,,,,
205.462347556,371,2931,208000,42.2728988889,-83.7081572222,49.8600006104,0.709999978542,0.0,,13.0,,,0.0,,-37.8500366211,76.3924026489,312.5,,,,
205.462347556,371,2931,208600,42.2728988889,-83.7081572222,50.5499992371,0.709999978542,0.0,,13.0,,,0.0,,-35.1000366211,76.3924026489,312.5,,,,
205.462347556,371,2931,209600,42.2728988889,-83.7081572222,51.4599990845,0.709999978542,0.0,,13.0,,,0.0,,-29.299987793,76.3924026489,312.5,,,,
205.462347556,371,2931,210700,42.2728988889,-83.7081572222,52.3400001526,0.709999978542,0.0,,13.0,,,0.0,,-1.65002441406,76.3924026489,312.5,,,,
205.462347556,371,2931,211000,42.2728919444,-83.7086986111,52.3400001526,0.709999978542,0.0,,13.0,,,0.0,,-1.65002441406,76.3924026489,312.5,,,,
205.462347556,371,2931,211200,42.2728919444,-83.7086986111,52.3400001526,0.709999978542,0.0,,13.0,,,0.0,,-1.65002441406,76.3924026489,319.0,,,,
205.462347556,371,2931,211700,42.2728919444,-83.7086986111,52.0,0.709999978542,0.0,,13.0,,,0.0,,12.3499755859,76.3924026489,319.0,,,,
205.462347556,371,2931,212800,42.2728919444,-83.7086986111,51.6499977112,0.709999978542,0.0,,13.0,,,0.0,,15.5999755859,76.3924026489,319.0,,,,
205.462347556,371,2931,213800,42.2728919444,-83.7086986111,51.5200004578,0.709999978542,0.0,,13.0,,,0.0,,14.200012207,76.3924026489,319.0,,,,
205.462347556,371,2931,214000,42.2728894444,-83.7092186111,51.5200004578,0.709999978542,0.0,,13.0,,,0.0,,14.200012207,76.3924026489,319.0,,,,
205.462347556,371,2931,214800,42.2728894444,-83.7092186111,51.6299972534,0.709999978542,0.0,,13.0,,,0.0,,14.950012207,76.3924026489,319.0,,,,
205.462347556,371,2931,215900,42.2728894444,-83.7092186111,52.0,0.709999978542,0.0,,13.0,,,0.0,,16.799987793,76.3924026489,319.0,,,,
205.462347556,371,2931,216200,42.2728894444,-83.7092186111,52.0,0.709999978542,0.0,,13.0,,,0.0,,16.799987793,76.3924026489,321.0,,,,
205.462347556,371,2931,216900,42.2728894444,-83.7092186111,52.4799995422,0.709999978542,0.0,,13.0,,,0.0,,17.549987793,76.3924026489,321.0,,,,
205.462347556,371,2931,217000,42.2728819444,-83.7097288889,52.4799995422,0.709999978542,0.0,,13.0,,,0.0,,17.549987793,76.3924026489,321.0,,,,
205.462347556,371,2931,218000,42.2728819444,-83.7097288889,52.8499984741,0.709999978542,0.0,,13.0,,,0.0,,16.799987793,76.3924026489,321.0,,,,
205.462347556,371,2931,219000,42.2728819444,-83.7097288889,53.1999969482,0.709999978542,0.0,,13.0,,,0.0,,16.950012207,76.3924026489,321.0,,,,
205.462347556,371,2931,220000,42.2728802778,-83.7102677778,53.5399971008,0.709999978542,0.0,,13.0,,,0.0,,15.8999633789,76.3924026489,321.0,,,,
205.462347556,371,2931,221100,42.2728802778,-83.7102677778,53.1599998474,0.709999978542,0.0,,13.0,,,0.0,,16.799987793,76.3924026489,321.0,,,,
205.462347556,371,2931,222200,42.2728802778,-83.7102677778,53.0599975586,0.709999978542,0.0,,13.0,,,0.0,,1.09997558594,76.3924026489,321.0,,,,
205.462347556,371,2931,223000,42.2728591667,-83.7107688889,53.0599975586,0.709999978542,0.0,,13.0,,,0.0,,1.09997558594,76.3924026489,321.0,,,,
205.462347556,371,2931,223200,42.2728591667,-83.7107688889,52.8400001526,0.709999978542,0.0,,13.0,,,0.0,,-0.299987792969,76.3924026489,321.0,,,,
205.462347556,371,2931,224300,42.2728591667,-83.7107688889,52.5999984741,0.709999978542,0.0,,13.0,,,0.0,,-5.5,76.3924026489,321.0,,,,
205.462347556,371,2931,225400,42.2728591667,-83.7107688889,52.4799995422,0.709999978542,0.0,,13.0,,,0.0,,-10.6500244141,76.3924026489,321.0,,,,
205.462347556,371,2931,225900,42.2728675,-83.7113225,52.4799995422,0.709999978542,0.0,,13.0,,,0.0,,-10.6500244141,76.3924026489,321.0,,,,
205.462347556,371,2931,226200,42.2728675,-83.7113225,52.4799995422,0.709999978542,0.0,,13.0,,,0.0,,-10.6500244141,76.3924026489,318.5,,,,
205.462347556,371,2931,226400,42.2728675,-83.7113225,52.4300003052,0.709999978542,0.0,,13.0,,,0.0,,-9.90002441406,76.3924026489,318.5,,,,
205.462347556,371,2931,227400,42.2728675,-83.7113225,52.4499969482,0.709999978542,0.0,,13.0,,,0.0,,-10.6500244141,76.3924026489,318.5,,,,
205.462347556,371,2931,228500,42.2728675,-83.7113225,52.2799987793,0.709999978542,0.0,,13.0,,,0.0,,-8.70001220703,76.3924026489,318.5,,,,
205.462347556,371,2931,229000,42.2728897222,-83.7118855556,52.2799987793,0.709999978542,0.0,,13.0,,,0.0,,-8.70001220703,76.3924026489,318.5,,,,
205.462347556,371,2931,229500,42.2728897222,-83.7118855556,52.1499977112,0.709999978542,0.0,,13.0,,,0.0,,-10.5,76.3924026489,318.5,,,,
205.462347556,371,2931,230600,42.2728897222,-83.7118855556,52.0399971008,0.709999978542,0.0,,13.0,,,0.0,,-10.049987793,76.3924026489,318.5,,,,
205.462347556,371,2931,231100,42.2728897222,-83.7118855556,52.0399971008,0.709999978542,0.0,,13.0,,,0.0,,-10.049987793,71.7468338013,318.5,,,,
205.462347556,371,2931,231300,42.2728897222,-83.7118855556,52.0399971008,0.709999978542,0.0,,13.0,,,0.0,,-10.049987793,71.7468338013,319.0,,,,
205.462347556,371,2931,231600,42.2728897222,-83.7118855556,51.9099998474,0.709999978542,0.0,,13.0,,,0.0,,-9.15002441406,71.7468338013,319.0,,,,
205.462347556,371,2931,232000,42.2729258333,-83.7124358333,51.9099998474,0.709999978542,0.0,,13.0,,,0.0,,-9.15002441406,71.7468338013,319.0,,,,
205.462347556,371,2931,232600,42.2729258333,-83.7124358333,51.6999969482,0.709999978542,0.0,,13.0,,,0.0,,-12.950012207,71.7468338013,319.0,,,,
205.462347556,371,2931,233700,42.2729258333,-83.7124358333,51.75,0.709999978542,0.0,,13.0,,,0.0,,-18.6000366211,71.7468338013,319.0,,,,
205.462347556,371,2931,234700,42.2729258333,-83.7124358333,51.6699981689,0.709999978542,0.0,,13.0,,,0.0,,-20.0,71.7468338013,319.0,,,,
205.462347556,371,2931,234900,42.2729844444,-83.7129658333,51.6699981689,0.709999978542,0.0,,13.0,,,0.0,,-20.0,71.7468338013,319.0,,,,
205.462347556,371,2931,235800,42.2729844444,-83.7129658333,51.6399993896,0.709999978542,0.0,,13.0,,,0.0,,-19.049987793,71.7468338013,319.0,,,,
205.462347556,371,2931,236300,42.2729844444,-83.7129658333,51.6399993896,0.709999978542,0.0,,13.0,,,0.0,,-19.049987793,71.7468338013,317.0,,,,
205.462347556,371,2931,236800,42.2729844444,-83.7129658333,51.5299987793,0.709999978542,0.0,,13.0,,,0.0,,-21.5,71.7468338013,317.0,,,,
205.462347556,371,2931,237800,42.2729844444,-83.7129658333,51.7399978638,0.709999978542,0.0,,13.0,,,0.0,,-35.8500366211,71.7468338013,317.0,,,,
205.462347556,371,2931,238000,42.2730275,-83.7135086111,51.7399978638,0.709999978542,0.0,,13.0,,,0.0,,-35.8500366211,71.7468338013,317.0,,,,
205.462347556,371,2931,238900,42.2730275,-83.7135086111,51.8299980164,0.709999978542,0.0,,13.0,,,0.0,,-41.200012207,71.7468338013,317.0,,,,
205.462347556,371,2931,239900,42.2730275,-83.7135086111,51.8899993896,0.709999978542,0.0,,13.0,,,0.0,,-55.8500366211,71.7468338013,317.0,,,,
205.462347556,371,2931,241000,42.2731052778,-83.7140411111,51.8999977112,0.709999978542,0.0,,13.0,,,0.0,,-65.950012207,71.7468338013,317.0,,,,
205.462347556,371,2931,241400,42.2731052778,-83.7140411111,51.8999977112,0.709999978542,0.0,,13.0,,,0.0,,-65.950012207,71.7468338013,310.0,,,,
205.462347556,371,2931,242000,42.2731052778,-83.7140411111,51.719997406,0.709999978542,0.0,,13.0,,,0.0,,-74.299987793,71.7468338013,310.0,,,,
205.462347556,371,2931,243000,42.2731052778,-83.7140411111,51.1800003052,0.709999978542,0.0,,13.0,,,0.0,,-74.299987793,71.7468338013,310.0,,,,
205.462347556,371,2931,243900,42.2732797222,-83.7145427778,51.1800003052,0.709999978542,0.0,,13.0,,,0.0,,-74.299987793,71.7468338013,310.0,,,,
205.462347556,371,2931,244100,42.2732797222,-83.7145427778,50.469997406,0.709999978542,0.0,,13.0,,,0.0,,-78.450012207,71.7468338013,310.0,,,,
205.462347556,371,2931,245100,42.2732797222,-83.7145427778,49.9500007629,0.709999978542,0.0,,13.0,,,0.0,,-81.049987793,71.7468338013,310.0,,,,
205.462347556,371,2931,246200,42.2732797222,-83.7145427778,50.2799987793,0.709999978542,0.0,,13.0,,,0.0,,-81.6500244141,71.7468338013,310.0,,,,
205.462347556,371,2931,246400,42.2732797222,-83.7145427778,50.2799987793,0.709999978542,0.0,,13.0,,,0.0,,-81.6500244141,71.7468338013,308.0,,,,
205.462347556,371,2931,247000,42.2734630556,-83.7149769444,50.2799987793,0.709999978542,0.0,,13.0,,,0.0,,-81.6500244141,71.7468338013,308.0,,,,
205.462347556,371,2931,247200,42.2734630556,-83.7149769444,50.8299980164,0.709999978542,0.0,,13.0,,,0.0,,-81.799987793,71.7468338013,308.0,,,,
205.462347556,371,2931,248200,42.2734630556,-83.7149769444,51.2799987793,0.709999978542,0.0,,13.0,,,0.0,,-81.6500244141,71.7468338013,308.0,,,,
205.462347556,371,2931,249300,42.2734630556,-83.7149769444,51.3699989319,0.709999978542,0.0,,13.0,,,0.0,,-81.049987793,71.7468338013,308.0,,,,
205.462347556,371,2931,250000,42.2736544444,-83.7154266667,51.3699989319,0.709999978542,0.0,,13.0,,,0.0,,-81.049987793,71.7468338013,308.0,,,,
205.462347556,371,2931,250300,42.2736544444,-83.7154266667,51.6699981689,0.709999978542,0.0,,13.0,,,0.0,,-79.6500244141,71.7468338013,308.0,,,,
205.462347556,371,2931,251400,42.2736544444,-83.7154266667,50.9899978638,0.709999978542,0.0,,13.0,,,0.0,,-68.049987793,71.7468338013,308.5,,,,
205.462347556,371,2931,252400,42.2736544444,-83.7154266667,50.8499984741,0.709999978542,0.0,,13.0,,,0.0,,-57.049987793,71.7468338013,308.5,,,,
205.462347556,371,2931,252900,42.2738502778,-83.7158925,50.8499984741,0.709999978542,0.0,,13.0,,,0.0,,-57.049987793,71.7468338013,308.5,,,,
205.462347556,371,2931,253400,42.2738502778,-83.7158925,50.0599975586,0.709999978542,0.0,,13.0,,,0.0,,-46.1000366211,71.7468338013,308.5,,,,
205.462347556,371,2931,254500,42.2738502778,-83.7158925,49.75,0.709999978542,0.0,,13.0,,,0.0,,-25.1500244141,71.7468338013,308.5,,,,
205.462347556,371,2931,255500,42.2738502778,-83.7158925,48.7099990845,0.709999978542,0.0,,13.0,,,0.0,,8.39996337891,71.7468338013,308.5,,,,
205.462347556,371,2931,255900,42.2740394444,-83.7163263889,48.7099990845,0.709999978542,0.0,,13.0,,,0.0,,8.39996337891,71.7468338013,308.5,,,,
205.462347556,371,2931,256500,42.2740394444,-83.7163263889,48.7099990845,0.709999978542,0.0,,13.0,,,0.0,,8.39996337891,71.7468338013,318.0,,,,
205.462347556,371,2931,256600,42.2740394444,-83.7163263889,48.7799987793,0.709999978542,0.0,,13.0,,,0.0,,12.200012207,71.7468338013,318.0,,,,
205.462347556,371,2931,257700,42.2740394444,-83.7163263889,49.1199989319,0.709999978542,0.0,,13.0,,,0.0,,15.5999755859,71.7468338013,318.0,,,,
205.462347556,371,2931,258800,42.2740394444,-83.7163263889,50.1599998474,0.709999978542,0.0,,13.0,,,0.0,,14.799987793,71.7468338013,318.0,,,,
205.462347556,371,2931,259000,42.2741927778,-83.716775,50.1599998474,0.709999978542,0.0,,13.0,,,0.0,,14.799987793,71.7468338013,318.0,,,,
205.462347556,371,2931,259800,42.2741927778,-83.716775,50.4599990845,0.709999978542,0.0,,13.0,,,0.0,,14.6499633789,71.7468338013,318.0,,,,
205.462347556,371,2931,260700,42.2741927778,-83.716775,50.4599990845,0.709999978542,0.0,,13.0,,,0.0,,14.6499633789,71.7468338013,318.0,,,,
205.462347556,371,2931,260800,42.2741927778,-83.716775,50.1899986267,0.709999978542,0.0,,13.0,,,0.0,,13.8999633789,71.7468338013,318.0,,,,
205.462347556,371,2931,261500,42.2741927778,-83.716775,50.1899986267,0.709999978542,0.0,,13.0,,,0.0,,13.8999633789,71.7468338013,319.5,,,,
205.462347556,371,2931,261900,42.2741927778,-83.716775,49.5799980164,0.709999978542,0.0,,13.0,,,0.0,,13.75,71.7468338013,319.5,,,,
205.462347556,371,2931,262000,42.2742908333,-83.7172291667,49.5799980164,0.709999978542,0.0,,13.0,,,0.0,,13.75,71.7468338013,319.5,,,,
205.462347556,371,2931,262900,42.2742908333,-83.7172291667,48.9300003052,0.709999978542,0.0,,13.0,,,0.0,,3.5,71.7468338013,319.5,,,,
205.462347556,371,2931,264000,42.2742908333,-83.7172291667,48.75,0.709999978542,0.0,,13.0,,,0.0,,-2.60003662109,71.7468338013,319.5,,,,
205.462347556,371,2931,265000,42.2743547222,-83.7176758333,48.25,0.709999978542,0.0,,13.0,,,0.0,,-18.6000366211,71.7468338013,319.5,,,,
205.462347556,371,2931,266000,42.2743547222,-83.7176758333,47.9899978638,0.709999978542,0.0,,13.0,,,0.0,,-36.6000366211,71.7468338013,319.5,,,,
205.462347556,371,2931,266500,42.2743547222,-83.7176758333,47.9899978638,0.709999978542,0.0,,13.0,,,0.0,,-36.6000366211,71.7468338013,314.0,,,,
205.462347556,371,2931,267100,42.2743547222,-83.7176758333,48.219997406,0.709999978542,0.0,,13.0,,,0.0,,-36.0,71.7468338013,314.0,,,,
205.462347556,371,2931,268100,42.2743547222,-83.7176758333,48.3600006104,0.709999978542,0.0,,13.0,,,0.0,,-31.9000244141,71.7468338013,314.0,,,,
205.462347556,371,2931,268900,42.2744588889,-83.7183052778,48.3600006104,0.709999978542,0.0,,13.0,,,0.0,,-31.9000244141,71.7468338013,314.0,,,,
205.462347556,371,2931,269200,42.2744588889,-83.7183052778,48.0399971008,0.709999978542,0.0,,13.0,,,0.0,,-26.549987793,71.7468338013,314.0,,,,
205.462347556,371,2931,270200,42.2744588889,-83.7183052778,47.6800003052,0.709999978542,0.0,,13.0,,,0.0,,-25.6500244141,71.7468338013,314.0,,,,
205.462347556,371,2931,271200,42.2744588889,-83.7183052778,47.2799987793,0.709999978542,0.0,,13.0,,,0.0,,-25.950012207,71.7468338013,314.0,,,,
205.462347556,371,2931,271600,42.2744588889,-83.7183052778,47.2799987793,0.709999978542,0.0,,13.0,,,0.0,,-25.950012207,71.7468338013,314.5,,,,
205.462347556,371,2931,272000,42.2745577778,-83.7187344444,47.2799987793,0.709999978542,0.0,,13.0,,,0.0,,-25.950012207,71.7468338013,314.5,,,,
205.462347556,371,2931,272300,42.2745577778,-83.7187344444,46.8299980164,0.709999978542,0.0,,13.0,,,0.0,,-34.200012207,71.7468338013,314.5,,,,
205.462347556,371,2931,273300,42.2745577778,-83.7187344444,46.5399971008,0.709999978542,0.0,,13.0,,,0.0,,-42.549987793,71.7468338013,314.5,,,,
205.462347556,371,2931,274400,42.2745577778,-83.7187344444,46.3600006104,0.709999978542,0.0,,13.0,,,0.0,,-51.25,71.7468338013,314.5,,,,
205.462347556,371,2931,275000,42.2746316667,-83.7191758333,46.3600006104,0.709999978542,0.0,,13.0,,,0.0,,-51.25,71.7468338013,314.5,,,,
205.462347556,371,2931,275400,42.2746316667,-83.7191758333,46.1800003052,0.709999978542,0.0,,13.0,,,0.0,,-63.3500366211,71.7468338013,314.5,,,,
205.462347556,371,2931,276400,42.2746316667,-83.7191758333,46.25,0.709999978542,0.0,,13.0,,,0.0,,-72.799987793,71.7468338013,314.5,,,,
205.462347556,371,2931,276600,42.2746316667,-83.7191758333,46.25,0.709999978542,0.0,,13.0,,,0.0,,-72.799987793,71.7468338013,308.5,,,,
205.462347556,371,2931,277500,42.2746316667,-83.7191758333,46.2899971008,0.709999978542,0.0,,13.0,,,0.0,,-75.4000244141,71.7468338013,308.5,,,,
205.462347556,371,2931,277900,42.2747269444,-83.7196094444,46.2899971008,0.709999978542,0.0,,13.0,,,0.0,,-75.4000244141,71.7468338013,308.5,,,,
205.462347556,371,2931,278500,42.2747269444,-83.7196094444,46.75,0.709999978542,0.0,,13.0,,,0.0,,-79.799987793,71.7468338013,308.5,,,,
205.462347556,371,2931,279600,42.2747269444,-83.7196094444,47.1100006104,0.709999978542,0.0,,13.0,,,0.0,,-81.049987793,71.7468338013,308.5,,,,
205.462347556,371,2931,280600,42.2747269444,-83.7196094444,47.4500007629,0.709999978542,0.0,,13.0,,,0.0,,-81.200012207,71.7468338013,308.5,,,,
205.462347556,371,2931,280900,42.2748452778,-83.7200327778,47.4500007629,0.709999978542,0.0,,13.0,,,0.0,,-81.200012207,71.7468338013,308.5,,,,
205.462347556,371,2931,281600,42.2748452778,-83.7200327778,47.75,0.709999978542,0.0,,13.0,,,0.0,,-82.4000244141,71.7468338013,306.0,,,,
205.462347556,371,2931,282700,42.2748452778,-83.7200327778,47.9899978638,0.709999978542,0.0,,13.0,,,0.0,,-81.950012207,71.7468338013,306.0,,,,
205.462347556,371,2931,283700,42.2748452778,-83.7200327778,48.3699989319,0.709999978542,0.0,,13.0,,,0.0,,-81.5,71.7468338013,306.0,,,,
205.462347556,371,2931,284000,42.2748969444,-83.7205113889,48.3699989319,0.709999978542,0.0,,13.0,,,0.0,,-81.5,71.7468338013,306.0,,,,
205.462347556,371,2931,284800,42.2748969444,-83.7205113889,48.7599983215,0.709999978542,0.0,,13.0,,,0.0,,-82.1000366211,71.7468338013,306.0,,,,
205.462347556,371,2931,285800,42.2748969444,-83.7205113889,49.0399971008,0.709999978542,0.0,,13.0,,,0.0,,-86.8500366211,71.7468338013,306.0,,,,
205.462347556,371,2931,286700,42.2748969444,-83.7205113889,49.0399971008,0.709999978542,0.0,,13.0,,,0.0,,-86.8500366211,71.7468338013,304.0,,,,
205.462347556,371,2931,286800,42.2748969444,-83.7205113889,48.8499984741,0.709999978542,0.0,,13.0,,,0.0,,-88.3500366211,71.7468338013,304.0,,,,
205.462347556,371,2931,287000,42.2749613889,-83.7210005556,48.8499984741,0.709999978542,0.0,,13.0,,,0.0,,-88.3500366211,71.7468338013,304.0,,,,
205.462347556,371,2931,287900,42.2749613889,-83.7210005556,48.5699996948,0.709999978542,0.0,,13.0,,,0.0,,-89.299987793,71.7468338013,304.0,,,,
205.462347556,371,2931,288900,42.2749613889,-83.7210005556,47.8899993896,0.709999978542,0.0,,13.0,,,0.0,,-77.049987793,71.7468338013,304.0,,,,
205.462347556,371,2931,289900,42.2750527778,-83.7214641667,47.8899993896,0.709999978542,0.0,,13.0,,,0.0,,-77.049987793,71.7468338013,304.0,,,,
205.462347556,371,2931,290000,42.2750527778,-83.7214641667,46.3600006104,0.709999978542,0.0,,13.0,,,0.0,,-67.75,71.7468338013,304.0,,,,
205.462347556,371,2931,290600,42.2750527778,-83.7214641667,46.3600006104,0.709999978542,0.0,,12.75,,,0.0,,-67.75,71.7468338013,304.0,,,,
205.462347556,371,2931,291000,42.2750527778,-83.7214641667,45.5399971008,0.709999978542,0.0,,12.75,,,0.0,,-73.8500366211,71.7468338013,304.0,,,,
205.462347556,371,2931,291200,42.2750527778,-83.7214641667,45.5399971008,0.709999978542,0.0,,12.75,,,0.0,,-73.8500366211,66.3291168213,304.0,,,,
205.462347556,371,2931,291800,42.2750527778,-83.7214641667,45.5399971008,0.709999978542,0.0,,12.75,,,0.0,,-73.8500366211,66.3291168213,305.0,,,,
205.462347556,371,2931,292100,42.2750527778,-83.7214641667,45.4799995422,0.709999978542,0.0,,12.75,,,0.0,,-72.799987793,66.3291168213,305.0,,,,
205.462347556,371,2931,292900,42.2751291667,-83.7218963889,45.4799995422,0.709999978542,0.0,,12.75,,,0.0,,-72.799987793,66.3291168213,305.0,,,,
205.462347556,371,2931,293200,42.2751291667,-83.7218963889,45.9599990845,0.709999978542,0.0,,12.75,,,0.0,,-64.700012207,66.3291168213,305.0,,,,
205.462347556,371,2931,294200,42.2751291667,-83.7218963889,45.7999992371,0.709999978542,0.0,,12.75,,,0.0,,-42.25,66.3291168213,305.0,,,,
205.462347556,371,2931,295300,42.2751291667,-83.7218963889,46.2999992371,0.709999978542,0.0,,12.75,,,0.0,,-34.3500366211,66.3291168213,305.0,,,,
205.462347556,371,2931,296000,42.2752191667,-83.7223252778,46.2999992371,0.709999978542,0.0,,12.75,,,0.0,,-34.3500366211,66.3291168213,305.0,,,,
205.462347556,371,2931,296300,42.2752191667,-83.7223252778,46.0699996948,0.709999978542,0.0,,12.75,,,0.0,,-35.1000366211,66.3291168213,305.0,,,,
205.462347556,371,2931,296800,42.2752191667,-83.7223252778,46.0699996948,0.709999978542,0.0,,12.75,,,0.0,,-35.1000366211,66.3291168213,309.5,,,,
205.462347556,371,2931,297400,42.2752191667,-83.7223252778,46.3199996948,0.709999978542,0.0,,12.75,,,0.0,,-46.25,66.3291168213,309.5,,,,
205.462347556,371,2931,298400,42.2752191667,-83.7223252778,46.5900001526,0.709999978542,0.0,,12.75,,,0.0,,-52.6500244141,66.3291168213,309.5,,,,
205.462347556,371,2931,299000,42.2753016667,-83.7227752778,46.5900001526,0.709999978542,0.0,,12.75,,,0.0,,-52.6500244141,66.3291168213,309.5,,,,
205.462347556,371,2931,299400,42.2753016667,-83.7227752778,47.1199989319,0.709999978542,0.0,,12.75,,,0.0,,-49.75,66.3291168213,309.5,,,,
205.462347556,371,2931,300500,42.2753016667,-83.7227752778,47.3499984741,0.709999978542,0.0,,12.75,,,0.0,,-47.299987793,66.3291168213,309.5,,,,
205.462347556,371,2931,301500,42.2753016667,-83.7227752778,47.9300003052,0.709999978542,0.0,,12.75,,,0.0,,-26.700012207,66.3291168213,309.5,,,,
205.462347556,371,2931,301800,42.2753016667,-83.7227752778,47.9300003052,0.709999978542,0.0,,12.75,,,0.0,,-26.700012207,66.3291168213,310.5,,,,
205.462347556,371,2931,301900,42.27538,-83.7232194444,47.9300003052,0.709999978542,0.0,,12.75,,,0.0,,-26.700012207,66.3291168213,310.5,,,,
205.462347556,371,2931,302600,42.27538,-83.7232194444,48.0399971008,0.709999978542,0.0,,12.75,,,0.0,,-13.75,66.3291168213,310.5,,,,
205.462347556,371,2931,303600,42.27538,-83.7232194444,47.9799995422,0.709999978542,0.0,,12.75,,,0.0,,-9.29998779297,66.3291168213,310.5,,,,
205.462347556,371,2931,304600,42.27538,-83.7232194444,47.8999977112,0.709999978542,0.0,,12.75,,,0.0,,-9.75,66.3291168213,310.5,,,,
205.462347556,371,2931,304900,42.2754577778,-83.7237108333,47.8999977112,0.709999978542,0.0,,12.75,,,0.0,,-9.75,66.3291168213,310.5,,,,
205.462347556,371,2931,305700,42.2754577778,-83.7237108333,47.4899978638,0.709999978542,0.0,,12.75,,,0.0,,-10.049987793,66.3291168213,310.5,,,,
205.462347556,371,2931,306700,42.2754577778,-83.7237108333,47.6699981689,0.709999978542,0.0,,12.75,,,0.0,,-15.549987793,66.3291168213,310.5,,,,
205.462347556,371,2931,306900,42.2754577778,-83.7237108333,47.6699981689,0.709999978542,0.0,,12.75,,,0.0,,-15.549987793,66.3291168213,312.5,,,,
205.462347556,371,2931,307800,42.2754577778,-83.7237108333,47.6899986267,0.709999978542,0.0,,12.75,,,0.0,,-15.8500366211,66.3291168213,312.5,,,,
205.462347556,371,2931,308000,42.2755416667,-83.7241811111,47.6899986267,0.709999978542,0.0,,12.75,,,0.0,,-15.8500366211,66.3291168213,312.5,,,,
205.462347556,371,2931,308800,42.2755416667,-83.7241811111,48.2000007629,0.709999978542,0.0,,12.75,,,0.0,,-23.3500366211,66.3291168213,312.5,,,,
205.462347556,371,2931,309800,42.2755416667,-83.7241811111,48.5099983215,0.709999978542,0.0,,12.75,,,0.0,,-25.3500366211,66.3291168213,312.5,,,,
205.462347556,371,2931,310900,42.2755416667,-83.7241811111,48.8799972534,0.709999978542,0.0,,12.75,,,0.0,,-24.8500366211,66.3291168213,312.5,,,,
205.462347556,371,2931,311000,42.2756158333,-83.7246675,48.8799972534,0.709999978542,0.0,,12.75,,,0.0,,-24.8500366211,66.3291168213,312.5,,,,
205.462347556,371,2931,311900,42.2756158333,-83.7246675,49.3999977112,0.709999978542,0.0,,12.75,,,0.0,,-20.450012207,66.3291168213,312.0,,,,
205.462347556,371,2931,313000,42.2756158333,-83.7246675,49.5200004578,0.709999978542,0.0,,12.75,,,0.0,,-17.25,66.3291168213,312.0,,,,
205.462347556,371,2931,313900,42.2756886111,-83.7251477778,49.5200004578,0.709999978542,0.0,,12.75,,,0.0,,-17.25,66.3291168213,312.0,,,,
205.462347556,371,2931,314000,42.2756886111,-83.7251477778,48.7599983215,0.709999978542,0.0,,12.75,,,0.0,,5.95001220703,66.3291168213,312.0,,,,
205.462347556,371,2931,315000,42.2756886111,-83.7251477778,47.75,0.709999978542,0.0,,12.75,,,0.0,,12.200012207,66.3291168213,312.0,,,,
205.462347556,371,2931,316100,42.2756886111,-83.7251477778,47.7899971008,0.709999978542,0.0,,12.75,,,0.0,,12.049987793,66.3291168213,312.0,,,,
205.462347556,371,2931,316900,42.2757611111,-83.7256180556,47.7899971008,0.709999978542,0.0,,12.75,,,0.0,,12.049987793,66.3291168213,312.0,,,,
205.462347556,371,2931,317000,42.2757611111,-83.7256180556,47.7899971008,0.709999978542,0.0,,12.75,,,0.0,,12.049987793,66.3291168213,316.5,,,,
205.462347556,371,2931,317100,42.2757611111,-83.7256180556,48.2700004578,0.709999978542,0.0,,12.75,,,0.0,,15.3999633789,66.3291168213,316.5,,,,
205.462347556,371,2931,318200,42.2757611111,-83.7256180556,49.6399993896,0.709999978542,0.0,,12.75,,,0.0,,13.5999755859,66.3291168213,316.5,,,,
205.462347556,371,2931,319200,42.2757611111,-83.7256180556,50.5099983215,0.709999978542,0.0,,12.75,,,0.0,,15.75,66.3291168213,316.5,,,,
205.462347556,371,2931,320000,42.2758238889,-83.7261016667,50.5099983215,0.709999978542,0.0,,12.75,,,0.0,,15.75,66.3291168213,316.5,,,,
205.462347556,371,2931,320200,42.2758238889,-83.7261016667,51.2999992371,0.709999978542,0.0,,12.75,,,0.0,,16.200012207,66.3291168213,316.5,,,,
205.462347556,371,2931,320700,42.2758238889,-83.7261016667,51.2999992371,0.709999978542,0.0,,12.75,,,0.0,,16.200012207,66.3291168213,316.5,,,,
205.462347556,371,2931,321300,42.2758238889,-83.7261016667,52.1599998474,0.709999978542,0.0,,12.75,,,0.0,,15.0999755859,66.3291168213,316.5,,,,
205.462347556,371,2931,322000,42.2758238889,-83.7261016667,52.1599998474,0.709999978542,0.0,,12.75,,,0.0,,15.0999755859,66.3291168213,318.0,,,,
205.462347556,371,2931,322300,42.2758238889,-83.7261016667,53.5399971008,0.709999978542,0.0,,12.75,,,0.0,,15.8999633789,66.3291168213,318.0,,,,
205.462347556,371,2931,323000,42.2759630556,-83.7266086111,53.5399971008,0.709999978542,0.0,,12.75,,,0.0,,15.8999633789,66.3291168213,318.0,,,,
205.462347556,371,2931,323400,42.2759630556,-83.7266086111,54.0200004578,0.709999978542,0.0,,12.75,,,0.0,,16.6499633789,66.3291168213,318.0,,,,
205.462347556,371,2931,324400,42.2759630556,-83.7266086111,54.8199996948,0.709999978542,0.0,,12.75,,,0.0,,18.799987793,66.3291168213,318.0,,,,
205.462347556,371,2931,325500,42.2759630556,-83.7266086111,55.6399993896,0.709999978542,0.0,,12.75,,,0.0,,17.8499755859,66.3291168213,318.0,,,,
205.462347556,371,2931,325900,42.2761241667,-83.727125,55.6399993896,0.709999978542,0.0,,12.75,,,0.0,,17.8499755859,66.3291168213,318.0,,,,
205.462347556,371,2931,326000,42.2761241667,-83.727125,55.6399993896,0.709999978542,0.0,,12.75,,,0.0,,17.8499755859,66.3291168213,318.0,,,,
205.462347556,371,2931,326600,42.2761241667,-83.727125,55.8699989319,0.709999978542,0.0,,12.75,,,0.0,,17.0999755859,66.3291168213,318.0,,,,
205.462347556,371,2931,327000,42.2761241667,-83.727125,55.8699989319,0.709999978542,0.0,,12.75,,,0.0,,17.0999755859,66.3291168213,319.0,,,,
205.462347556,371,2931,327600,42.2761241667,-83.727125,56.1699981689,0.709999978542,0.0,,12.75,,,0.0,,17.3999633789,66.3291168213,319.0,,,,
205.462347556,371,2931,328700,42.2761241667,-83.727125,55.8899993896,0.709999978542,0.0,,12.75,,,0.0,,17.549987793,66.3291168213,319.0,,,,
205.462347556,371,2931,329000,42.2762941667,-83.7276311111,55.8899993896,0.709999978542,0.0,,12.75,,,0.0,,17.549987793,66.3291168213,319.0,,,,
205.462347556,371,2931,329700,42.2762941667,-83.7276311111,55.3699989319,0.709999978542,0.0,,12.75,,,0.0,,18.1499633789,66.3291168213,319.0,,,,
205.462347556,371,2931,330800,42.2762941667,-83.7276311111,54.7399978638,0.709999978542,0.0,,12.75,,,0.0,,8.84997558594,66.3291168213,319.0,,,,
205.462347556,371,2931,331800,42.2762941667,-83.7276311111,53.6899986267,0.709999978542,0.0,,12.75,,,0.0,,-0.150024414063,66.3291168213,319.0,,,,
205.462347556,371,2931,332000,42.2764441667,-83.7281602778,53.6899986267,0.709999978542,0.0,,12.75,,,0.0,,-0.150024414063,66.3291168213,316.5,,,,
205.462347556,371,2931,332800,42.2764441667,-83.7281602778,52.719997406,0.709999978542,0.0,,12.75,,,0.0,,-8.85003662109,66.3291168213,316.5,,,,
205.462347556,371,2931,333900,42.2764441667,-83.7281602778,51.9499969482,0.709999978542,0.0,,12.75,,,0.0,,-11.75,66.3291168213,316.5,,,,
205.462347556,371,2931,334900,42.2764441667,-83.7281602778,51.469997406,0.709999978542,0.0,,12.75,,,0.0,,-14.6500244141,66.3291168213,316.5,,,,
205.462347556,371,2931,336000,42.2766411111,-83.7288044444,51.0099983215,0.709999978542,0.0,,12.75,,,0.0,,-14.799987793,66.3291168213,316.5,,,,
205.462347556,371,2931,337000,42.2766411111,-83.7288044444,50.3600006104,0.709999978542,0.0,,12.75,,,0.0,,-14.950012207,66.3291168213,316.5,,,,
205.462347556,371,2931,337100,42.2766411111,-83.7288044444,50.3600006104,0.709999978542,0.0,,12.75,,,0.0,,-14.950012207,66.3291168213,315.0,,,,
205.462347556,371,2931,338000,42.2766411111,-83.7288044444,49.6599998474,0.709999978542,0.0,,12.75,,,0.0,,-18.450012207,66.3291168213,315.0,,,,
205.462347556,371,2931,339000,42.2767763889,-83.7292708333,49.6599998474,0.709999978542,0.0,,12.75,,,0.0,,-18.450012207,66.3291168213,315.0,,,,
205.462347556,371,2931,339100,42.2767763889,-83.7292708333,49.3899993896,0.709999978542,0.0,,12.75,,,0.0,,-20.450012207,66.3291168213,315.0,,,,
205.462347556,371,2931,340100,42.2767763889,-83.7292708333,48.9500007629,0.709999978542,0.0,,12.75,,,0.0,,-21.3500366211,66.3291168213,315.0,,,,
205.462347556,371,2931,341200,42.2767763889,-83.7292708333,48.6399993896,0.709999978542,0.0,,12.75,,,0.0,,-24.1000366211,66.3291168213,315.0,,,,
205.462347556,371,2931,341900,42.2769119444,-83.72972,48.6399993896,0.709999978542,0.0,,12.75,,,0.0,,-24.1000366211,66.3291168213,315.0,,,,
205.462347556,371,2931,342100,42.2769119444,-83.72972,48.6399993896,0.709999978542,0.0,,12.75,,,0.0,,-24.1000366211,66.3291168213,314.0,,,,
205.462347556,371,2931,342200,42.2769119444,-83.72972,48.6800003052,0.709999978542,0.0,,12.75,,,0.0,,-23.799987793,66.3291168213,314.0,,,,
205.462347556,371,2931,343200,42.2769119444,-83.72972,48.7399978638,0.709999978542,0.0,,12.75,,,0.0,,-23.6500244141,66.3291168213,314.0,,,,
205.462347556,371,2931,344300,42.2769119444,-83.72972,48.7299995422,0.709999978542,0.0,,12.75,,,0.0,,-24.549987793,66.3291168213,314.0,,,,
205.462347556,371,2931,344900,42.2770480556,-83.7301694444,48.7299995422,0.709999978542,0.0,,12.75,,,0.0,,-24.549987793,66.3291168213,314.0,,,,
205.462347556,371,2931,345300,42.2770480556,-83.7301694444,48.6399993896,0.709999978542,0.0,,12.75,,,0.0,,-18.0,66.3291168213,314.0,,,,
205.462347556,371,2931,346400,42.2770480556,-83.7301694444,47.6100006104,0.709999978542,0.0,,12.75,,,0.0,,6.39996337891,66.3291168213,314.0,,,,
205.462347556,371,2931,347200,42.2770480556,-83.7301694444,47.6100006104,0.709999978542,0.0,,12.75,,,0.0,,6.39996337891,66.3291168213,318.0,,,,
205.462347556,371,2931,347400,42.2770480556,-83.7301694444,46.2299995422,0.709999978542,0.0,,12.75,,,0.0,,11.5999755859,66.3291168213,318.0,,,,
205.462347556,371,2931,347900,42.2771752778,-83.7306075,46.2299995422,0.709999978542,0.0,,12.75,,,0.0,,11.5999755859,66.3291168213,318.0,,,,
205.462347556,371,2931,348400,42.2771752778,-83.7306075,44.8799972534,0.709999978542,0.0,,12.75,,,0.0,,-3.20001220703,66.3291168213,318.0,,,,
205.462347556,371,2931,349500,42.2771752778,-83.7306075,44.8299980164,0.709999978542,0.0,,12.75,,,0.0,,-29.299987793,66.3291168213,318.0,,,,
205.462347556,371,2931,350500,42.2771752778,-83.7306075,45.1899986267,0.709999978542,0.0,,12.75,,,0.0,,-30.3500366211,66.3291168213,318.0,,,,
205.462347556,371,2931,350600,42.2771752778,-83.7306075,45.1899986267,0.709999978542,0.0,,12.5,,,0.0,,-30.3500366211,66.3291168213,318.0,,,,
205.462347556,371,2931,350900,42.277285,-83.7310261111,45.1899986267,0.709999978542,0.0,,12.5,,,0.0,,-30.3500366211,66.3291168213,318.0,,,,
205.462347556,371,2931,351200,42.277285,-83.7310261111,45.1899986267,0.709999978542,0.0,,12.5,,,0.0,,-30.3500366211,64.9113922119,318.0,,,,
205.462347556,371,2931,351600,42.277285,-83.7310261111,45.2799987793,0.709999978542,0.0,,12.5,,,0.0,,-19.3500366211,64.9113922119,318.0,,,,
205.462347556,371,2931,352200,42.277285,-83.7310261111,45.2799987793,0.709999978542,0.0,,12.5,,,0.0,,-19.3500366211,64.9113922119,316.5,,,,
205.462347556,371,2931,352600,42.277285,-83.7310261111,45.5299987793,0.709999978542,0.0,,12.5,,,0.0,,-3.35003662109,64.9113922119,316.5,,,,
205.462347556,371,2931,353600,42.277285,-83.7310261111,45.9399986267,0.709999978542,0.0,,12.5,,,0.0,,4.45001220703,64.9113922119,316.5,,,,
205.462347556,371,2931,354000,42.2774213889,-83.7314336111,45.9399986267,0.709999978542,0.0,,12.5,,,0.0,,4.45001220703,64.9113922119,316.5,,,,
205.462347556,371,2931,354700,42.2774213889,-83.7314336111,44.9500007629,0.709999978542,0.0,,12.5,,,0.0,,37.700012207,64.9113922119,316.5,,,,
205.462347556,371,2931,355700,42.2774213889,-83.7314336111,42.5,0.709999978542,0.0,,12.5,,,0.0,,59.049987793,64.9113922119,316.5,,,,
205.462347556,371,2931,356800,42.2774213889,-83.7314336111,39.6599998474,0.709999978542,0.0,,12.5,,,0.0,,55.0999755859,64.9113922119,316.5,,,,
205.462347556,371,2931,357000,42.2774927778,-83.7318175,39.6599998474,0.709999978542,0.0,,12.5,,,0.0,,55.0999755859,64.9113922119,316.5,,,,
205.462347556,371,2931,357200,42.2774927778,-83.7318175,39.6599998474,0.709999978542,0.0,,12.5,,,0.0,,55.0999755859,64.9113922119,324.0,,,,
205.462347556,371,2931,357800,42.2774927778,-83.7318175,36.6100006104,0.709999978542,0.0,,12.5,,,0.0,,50.3999633789,64.9113922119,324.0,,,,
205.462347556,371,2931,358800,42.2774927778,-83.7318175,33.5599975586,0.709999978542,0.0,,12.5,,,0.0,,45.200012207,64.9113922119,324.0,,,,
205.462347556,371,2931,359900,42.2774927778,-83.7318175,30.5699996948,0.709999978542,0.0,,12.5,,,0.0,,39.549987793,64.9113922119,324.0,,,,
205.462347556,371,2931,360000,42.2775238889,-83.7321580556,30.5699996948,0.709999978542,0.0,,12.5,,,0.0,,39.549987793,64.9113922119,324.0,,,,
205.462347556,371,2931,361000,42.2775238889,-83.7321580556,24.3999996185,0.709999978542,0.0,,12.5,,,0.0,,34.950012207,64.9113922119,324.0,,,,
205.462347556,371,2931,362100,42.2775238889,-83.7321580556,21.8299999237,0.709999978542,0.0,,12.5,,,0.0,,25.6499633789,64.9113922119,324.0,,,,
205.462347556,371,2931,362300,42.2775238889,-83.7321580556,21.8299999237,0.709999978542,0.0,,12.5,,,0.0,,25.6499633789,64.9113922119,322.0,,,,
205.462347556,371,2931,363000,42.2775430556,-83.7324163889,21.8299999237,0.709999978542,0.0,,12.5,,,0.0,,25.6499633789,64.9113922119,322.0,,,,
205.462347556,371,2931,363100,42.2775430556,-83.7324163889,18.4300003052,0.709999978542,0.0,,12.5,,,0.0,,29.0,64.9113922119,322.0,,,,
205.462347556,371,2931,364200,42.2775430556,-83.7324163889,14.4600000381,0.709999978542,0.0,,12.5,,,0.0,,20.450012207,64.9113922119,322.0,,,,
205.462347556,371,2931,365200,42.2775430556,-83.7324163889,13.1999998093,0.709999978542,0.0,,12.5,,,0.0,,-0.150024414063,64.9113922119,322.0,,,,
205.462347556,371,2931,366000,42.2775558333,-83.7325594444,13.1999998093,0.709999978542,0.0,,12.5,,,0.0,,-0.150024414063,64.9113922119,322.0,,,,
205.462347556,371,2931,366200,42.2775558333,-83.7325594444,13.0699996948,0.709999978542,0.0,,12.5,,,0.0,,0.149963378906,64.9113922119,322.0,,,,
205.462347556,371,2931,367300,42.2775558333,-83.7325594444,12.9200000763,0.709999978542,0.0,,12.5,,,0.0,,1.25,64.9113922119,322.0,,,,
205.462347556,371,2931,367400,42.2775558333,-83.7325594444,12.9200000763,0.709999978542,0.0,,12.5,,,0.0,,1.25,64.9113922119,319.0,,,,
205.462347556,371,2931,368300,42.2775558333,-83.7325594444,12.5500001907,0.709999978542,0.0,,12.5,,,0.0,,1.25,64.9113922119,319.0,,,,
205.462347556,371,2931,368900,42.2775455556,-83.7326755556,12.5500001907,0.709999978542,0.0,,12.5,,,0.0,,1.25,64.9113922119,319.0,,,,
205.462347556,371,2931,369400,42.2775455556,-83.7326755556,12.2599992752,0.709999978542,0.0,,12.5,,,0.0,,1.09997558594,64.9113922119,319.0,,,,
205.462347556,371,2931,370400,42.2775455556,-83.7326755556,11.9299993515,0.709999978542,0.0,,12.5,,,0.0,,1.25,64.9113922119,319.0,,,,
205.462347556,371,2931,371400,42.2775455556,-83.7326755556,11.7100000381,0.709999978542,0.0,,12.5,,,0.0,,-0.299987792969,64.9113922119,319.0,,,,
205.462347556,371,2931,372000,42.2775319444,-83.7327788889,11.7100000381,0.709999978542,0.0,,12.5,,,0.0,,-0.299987792969,64.9113922119,319.0,,,,
205.462347556,371,2931,372400,42.2775319444,-83.7327788889,11.7100000381,0.709999978542,0.0,,12.5,,,0.0,,-0.299987792969,64.9113922119,315.5,,,,
205.462347556,371,2931,372500,42.2775319444,-83.7327788889,12.6700000763,0.709999978542,0.0,,12.5,,,0.0,,-27.75,64.9113922119,315.5,,,,
205.462347556,371,2931,373500,42.2775319444,-83.7327788889,16.75,0.709999978542,0.0,,12.5,,,0.0,,-36.6000366211,64.9113922119,315.5,,,,
205.462347556,371,2931,374600,42.2775319444,-83.7327788889,19.7700004578,0.709999978542,0.0,,12.5,,,0.0,,-34.049987793,64.9113922119,315.5,,,,
205.462347556,371,2931,374900,42.2775208333,-83.7329513889,19.7700004578,0.709999978542,0.0,,12.5,,,0.0,,-34.049987793,64.9113922119,315.5,,,,
205.462347556,371,2931,375600,42.2775208333,-83.7329513889,21.6999988556,0.709999978542,0.0,,12.5,,,0.0,,-7.75,64.9113922119,315.5,,,,
205.462347556,371,2931,376600,42.2775208333,-83.7329513889,22.0399990082,0.709999978542,0.0,,12.5,,,0.0,,0.599975585938,64.9113922119,315.5,,,,
205.462347556,371,2931,377400,42.2775208333,-83.7329513889,22.0399990082,0.709999978542,0.0,,12.5,,,0.0,,0.599975585938,64.9113922119,322.0,,,,
205.462347556,371,2931,377700,42.2775208333,-83.7329513889,20.3899993896,0.709999978542,0.0,,12.5,,,0.0,,33.5999755859,64.9113922119,322.0,,,,
205.462347556,371,2931,377900,42.2775225,-83.7331461111,20.3899993896,0.709999978542,0.0,,12.5,,,0.0,,33.5999755859,64.9113922119,322.0,,,,
205.462347556,371,2931,378700,42.2775225,-83.7331461111,18.2299995422,0.709999978542,0.0,,12.5,,,0.0,,0.899963378906,64.9113922119,322.0,,,,
205.462347556,371,2931,379800,42.2775225,-83.7331461111,18.4699993134,0.709999978542,0.0,,12.5,,,0.0,,3.20001220703,64.9113922119,322.0,,,,
205.462347556,371,2931,380800,42.2775225,-83.7331461111,20.0699996948,0.709999978542,0.0,,12.5,,,0.0,,-43.049987793,64.9113922119,322.0,,,,
205.462347556,371,2931,381000,42.2776052778,-83.7332861111,20.0699996948,0.709999978542,0.0,,12.5,,,0.0,,-43.049987793,64.9113922119,322.0,,,,
205.462347556,371,2931,381800,42.2776052778,-83.7332861111,25.0499992371,0.709999978542,0.0,,12.5,,,0.0,,-80.75,64.9113922119,322.0,,,,
205.462347556,371,2931,382500,42.2776052778,-83.7332861111,25.0499992371,0.709999978542,0.0,,12.5,,,0.0,,-80.75,64.9113922119,307.5,,,,
205.462347556,371,2931,382900,42.2776052778,-83.7332861111,30.7600002289,0.709999978542,0.0,,12.5,,,0.0,,-87.299987793,64.9113922119,307.5,,,,
205.462347556,371,2931,383900,42.2776052778,-83.7332861111,35.6800003052,0.709999978542,0.0,,12.5,,,0.0,,-84.4000244141,64.9113922119,307.5,,,,
205.462347556,371,2931,384000,42.2777858333,-83.7333144444,35.6800003052,0.709999978542,0.0,,12.5,,,0.0,,-84.4000244141,64.9113922119,307.5,,,,
205.462347556,371,2931,385000,42.2777858333,-83.7333144444,40.2000007629,0.709999978542,0.0,,12.5,,,0.0,,-81.3500366211,64.9113922119,307.5,,,,
205.462347556,371,2931,386000,42.2777858333,-83.7333144444,47.2700004578,0.709999978542,0.0,,12.5,,,0.0,,-73.8500366211,64.9113922119,307.5,,,,
205.462347556,371,2931,387000,42.2780586111,-83.7333191667,50.2399978638,0.709999978542,0.0,,12.5,,,0.0,,-65.950012207,64.9113922119,307.5,,,,
205.462347556,371,2931,387500,42.2780586111,-83.7333191667,50.2399978638,0.709999978542,0.0,,12.5,,,0.0,,-65.950012207,64.9113922119,309.0,,,,
205.462347556,371,2931,388100,42.2780586111,-83.7333191667,52.5299987793,0.709999978542,0.0,,12.5,,,0.0,,-44.8500366211,64.9113922119,309.0,,,,
205.462347556,371,2931,389100,42.2780586111,-83.7333191667,54.0900001526,0.709999978542,0.0,,12.5,,,0.0,,-32.6500244141,64.9113922119,309.0,,,,
205.462347556,371,2931,390000,42.2784472222,-83.7333144444,54.0900001526,0.709999978542,0.0,,12.5,,,0.0,,-32.6500244141,64.9113922119,309.0,,,,
205.462347556,371,2931,390200,42.2784472222,-83.7333144444,55.25,0.709999978542,0.0,,12.5,,,0.0,,-24.4000244141,64.9113922119,309.0,,,,
205.462347556,371,2931,391200,42.2784472222,-83.7333144444,56.25,0.709999978542,0.0,,12.5,,,0.0,,-17.700012207,64.9113922119,309.0,,,,
205.462347556,371,2931,392200,42.2784472222,-83.7333144444,56.8899993896,0.709999978542,0.0,,12.5,,,0.0,,-15.549987793,64.9113922119,309.0,,,,
205.462347556,371,2931,392600,42.2784472222,-83.7333144444,56.8899993896,0.709999978542,0.0,,12.5,,,0.0,,-15.549987793,64.9113922119,314.0,,,,
205.462347556,371,2931,393000,42.2788541667,-83.7333305556,56.8899993896,0.709999978542,0.0,,12.5,,,0.0,,-15.549987793,64.9113922119,314.0,,,,
205.462347556,371,2931,393300,42.2788541667,-83.7333305556,57.7700004578,0.709999978542,0.0,,12.5,,,0.0,,-11.9000244141,64.9113922119,314.0,,,,
205.462347556,371,2931,394400,42.2788541667,-83.7333305556,58.25,0.709999978542,0.0,,12.5,,,0.0,,-9.60003662109,64.9113922119,314.0,,,,
205.462347556,371,2931,395400,42.2788541667,-83.7333305556,58.6800003052,0.709999978542,0.0,,12.5,,,0.0,,-0.150024414063,64.9113922119,314.0,,,,
205.462347556,371,2931,396000,42.2793,-83.7333527778,58.6800003052,0.709999978542,0.0,,12.5,,,0.0,,-0.150024414063,64.9113922119,314.0,,,,
205.462347556,371,2931,396500,42.2793,-83.7333527778,58.6999969482,0.709999978542,0.0,,12.5,,,0.0,,-0.299987792969,64.9113922119,314.0,,,,
205.462347556,371,2931,397600,42.2793,-83.7333527778,58.5599975586,0.709999978542,0.0,,12.5,,,0.0,,-0.75,64.9113922119,316.0,,,,
205.462347556,371,2931,398600,42.2793,-83.7333527778,58.1499977112,0.709999978542,0.0,,12.5,,,0.0,,1.09997558594,64.9113922119,316.0,,,,
205.462347556,371,2931,399600,42.2793,-83.7333527778,57.7299995422,0.709999978542,0.0,,12.5,,,0.0,,-0.900024414063,64.9113922119,316.0,,,,
205.462347556,371,2931,399900,42.2798977778,-83.7333852778,57.7299995422,0.709999978542,0.0,,12.5,,,0.0,,-0.900024414063,64.9113922119,316.0,,,,
205.462347556,371,2931,400700,42.2798977778,-83.7333852778,57.1699981689,0.709999978542,0.0,,12.5,,,0.0,,0.899963378906,64.9113922119,316.0,,,,
205.462347556,371,2931,401700,42.2798977778,-83.7333852778,56.3699989319,0.709999978542,0.0,,12.5,,,0.0,,-0.600036621094,64.9113922119,316.0,,,,
205.462347556,371,2931,402600,42.2798977778,-83.7333852778,56.3699989319,0.709999978542,0.0,,12.5,,,0.0,,-0.600036621094,64.9113922119,316.5,,,,
205.462347556,371,2931,402800,42.2798977778,-83.7333852778,55.5699996948,0.709999978542,0.0,,12.5,,,0.0,,0.450012207031,64.9113922119,316.5,,,,
205.462347556,371,2931,402900,42.2803486111,-83.7334041667,55.5699996948,0.709999978542,0.0,,12.5,,,0.0,,0.450012207031,64.9113922119,316.5,,,,
205.462347556,371,2931,403800,42.2803486111,-83.7334041667,53.9499969482,0.709999978542,0.0,,12.5,,,0.0,,12.3499755859,64.9113922119,316.5,,,,
205.462347556,371,2931,404800,42.2803486111,-83.7334041667,51.9599990845,0.709999978542,0.0,,12.5,,,0.0,,14.049987793,64.9113922119,316.5,,,,
205.462347556,371,2931,405900,42.2807475,-83.7334416667,49.7000007629,0.709999978542,0.0,,12.5,,,0.0,,13.299987793,64.9113922119,316.5,,,,
205.462347556,371,2931,406900,42.2807475,-83.7334416667,47.0399971008,0.709999978542,0.0,,12.5,,,0.0,,16.3499755859,64.9113922119,316.5,,,,
205.462347556,371,2931,407600,42.2807475,-83.7334416667,47.0399971008,0.709999978542,0.0,,12.5,,,0.0,,16.3499755859,64.9113922119,319.0,,,,
205.462347556,371,2931,408000,42.2807475,-83.7334416667,44.3799972534,0.709999978542,0.0,,12.5,,,0.0,,16.3499755859,64.9113922119,319.0,,,,
205.462347556,371,2931,408900,42.2810936111,-83.7335338889,44.3799972534,0.709999978542,0.0,,12.5,,,0.0,,16.3499755859,64.9113922119,319.0,,,,
205.462347556,371,2931,409000,42.2810936111,-83.7335338889,37.7700004578,0.709999978542,0.0,,12.5,,,0.0,,15.3999633789,64.9113922119,319.0,,,,
205.462347556,371,2931,410000,42.2810936111,-83.7335338889,33.7399978638,0.709999978542,0.0,,12.5,,,0.0,,4.45001220703,64.9113922119,319.0,,,,
205.462347556,371,2931,410800,42.2810936111,-83.7335338889,33.7399978638,0.709999978542,0.0,,12.5,,,0.0,,4.45001220703,64.9113922119,319.0,,,,
205.462347556,371,2931,411100,42.2810936111,-83.7335338889,32.7799987793,0.709999978542,0.0,,12.5,,,0.0,,-93.25,64.9113922119,319.0,,,,
205.462347556,371,2931,411200,42.2810936111,-83.7335338889,32.7799987793,0.709999978542,0.0,,12.5,,,0.0,,-93.25,64.443031311,319.0,,,,
205.462347556,371,2931,412000,42.2813461111,-83.7335327778,32.7799987793,0.709999978542,0.0,,12.5,,,0.0,,-93.25,64.443031311,319.0,,,,
205.462347556,371,2931,412100,42.2813461111,-83.7335327778,35.6699981689,0.709999978542,0.0,,12.5,,,0.0,,-118.450012207,64.443031311,319.0,,,,
205.462347556,371,2931,412700,42.2813461111,-83.7335327778,35.6699981689,0.709999978542,0.0,,12.5,,,0.0,,-118.450012207,64.443031311,303.5,,,,
205.462347556,371,2931,413200,42.2813461111,-83.7335327778,39.2299995422,0.709999978542,0.0,,12.5,,,0.0,,-120.400024414,64.443031311,303.5,,,,
205.462347556,371,2931,414200,42.2813461111,-83.7335327778,41.2999992371,0.709999978542,0.0,,12.5,,,0.0,,-93.4000244141,64.443031311,303.5,,,,
205.462347556,371,2931,415000,42.2816355556,-83.7334497222,41.2999992371,0.709999978542,0.0,,12.5,,,0.0,,-93.4000244141,64.443031311,303.5,,,,
205.462347556,371,2931,415200,42.2816355556,-83.7334497222,42.9300003052,0.709999978542,0.0,,12.5,,,0.0,,-65.6000366211,64.443031311,303.5,,,,
205.462347556,371,2931,416300,42.2816355556,-83.7334497222,44.0400009155,0.709999978542,0.0,,12.5,,,0.0,,-48.8500366211,64.443031311,303.5,,,,
205.462347556,371,2931,417300,42.2816355556,-83.7334497222,44.6699981689,0.709999978542,0.0,,12.5,,,0.0,,-9.45001220703,64.443031311,303.5,,,,
205.462347556,371,2931,417700,42.2816355556,-83.7334497222,44.6699981689,0.709999978542,0.0,,12.5,,,0.0,,-9.45001220703,64.443031311,314.0,,,,
205.462347556,371,2931,418000,42.2819661111,-83.7334511111,44.6699981689,0.709999978542,0.0,,12.5,,,0.0,,-9.45001220703,64.443031311,314.0,,,,
205.462347556,371,2931,418400,42.2819661111,-83.7334511111,36.7999992371,0.709999978542,0.0,,12.5,,,0.0,,101.349975586,64.443031311,314.0,,,,
205.462347556,371,2931,419400,42.2819661111,-83.7334511111,27.4499988556,0.709999978542,0.0,,12.5,,,0.0,,85.950012207,64.443031311,314.0,,,,
205.462347556,371,2931,420400,42.2819661111,-83.7334511111,17.6299991608,0.709999978542,0.0,,12.5,,,0.0,,25.200012207,64.443031311,314.0,,,,
