DayNum,VehId,Trip,Timestamp(ms),Latitude[deg],Longitude[deg],Vehicle Speed[km/h],MAF[g/sec],Engine RPM[RPM],Absolute Load[%],OAT[DegC],Fuel Rate[L/hr],Air Conditioning Power[kW],Air Conditioning Power[Watts],Heater Power[Watts],HV Battery Current[A],HV Battery SOC[%],HV Battery Voltage[V],Short Term Fuel Trim Bank 1[%],Short Term Fuel Trim Bank 2[%],Long Term Fuel Trim Bank 1[%],Long Term Fuel Trim Bank 2[%]
139.199214009,123,1884,0,42.2745522222,-83.6740025,45.0,24.5699996948,2238.0,18.0392150879,,,,,,,,,-5.46875,,-3.90625,
139.199214009,123,1884,600,42.2745522222,-83.6740025,46.0,26.6299991608,2244.0,62.3529434204,,,,,,,,,-5.46875,,-3.90625,
139.199214009,123,1884,1400,42.2745522222,-83.6740025,46.0,26.6299991608,2244.0,62.3529434204,,,,,,,,,-5.46875,,-3.125,
139.199214009,123,1884,2000,42.2745522222,-83.6740025,49.0,26.6299991608,2244.0,62.3529434204,,,,,,,,,-5.46875,,-3.125,
139.199214009,123,1884,2200,42.2745522222,-83.6740025,49.0,26.6299991608,2244.0,62.3529434204,,,,,,,,,3.90625,,-3.125,
139.199214009,123,1884,2800,42.2745522222,-83.6740025,49.0,31.4400005341,2471.0,62.3529434204,,,,,,,,,3.90625,,-3.125,
139.199214009,123,1884,2900,42.2748741667,-83.6742713889,49.0,31.4400005341,2471.0,62.3529434204,,,,,,,,,3.90625,,-3.125,
139.199214009,123,1884,3000,42.2748741667,-83.6742713889,54.0,31.4400005341,2471.0,62.3529434204,,,,,,,,,3.90625,,-3.125,
139.199214009,123,1884,4000,42.2748741667,-83.6742713889,57.0,31.4400005341,2471.0,62.3529434204,,,,,,,,,3.90625,,-3.125,
139.199214009,123,1884,4800,42.2748741667,-83.6742713889,57.0,32.0699996948,2561.0,62.3529434204,,,,,,,,,3.90625,,-3.125,
139.199214009,123,1884,5100,42.2748741667,-83.6742713889,61.0,32.0699996948,2561.0,62.3529434204,,,,,,,,,3.90625,,-3.125,
139.199214009,123,1884,5600,42.2748741667,-83.6742713889,61.0,32.0699996948,2561.0,74.1176452637,,,,,,,,,3.90625,,-3.125,
139.199214009,123,1884,5900,42.2752877778,-83.6745588889,61.0,32.0699996948,2561.0,74.1176452637,,,,,,,,,3.90625,,-3.125,
139.199214009,123,1884,6400,42.2752877778,-83.6745588889,66.0,32.0699996948,2561.0,74.1176452637,,,,,,,,,3.90625,,-3.125,
139.199214009,123,1884,6800,42.2752877778,-83.6745588889,66.0,39.6899986267,2704.0,74.1176452637,,,,,,,,,3.90625,,-3.125,
139.199214009,123,1884,7500,42.2752877778,-83.6745588889,69.0,39.6899986267,2704.0,74.1176452637,,,,,,,,,3.90625,,-3.125,
139.199214009,123,1884,8500,42.2752877778,-83.6745588889,72.0,39.6899986267,2704.0,74.1176452637,,,,,,,,,3.90625,,-3.125,
139.199214009,123,1884,8800,42.2752877778,-83.6745588889,72.0,35.9900016785,2784.0,74.1176452637,,,,,,,,,3.90625,,-3.125,
139.199214009,123,1884,9000,42.2757602778,-83.6748841667,72.0,35.9900016785,2784.0,74.1176452637,,,,,,,,,3.90625,,-3.125,
139.199214009,123,1884,9600,42.2757602778,-83.6748841667,74.0,35.9900016785,2784.0,74.1176452637,,,,,,,,,3.90625,,-3.125,
139.199214009,123,1884,10600,42.2757602778,-83.6748841667,77.0,35.9900016785,2784.0,74.1176452637,,,,,,,,,3.90625,,-3.125,
139.199214009,123,1884,11200,42.2757602778,-83.6748841667,77.0,41.5400009155,2845.0,80.3921585083,,,,,,,,,3.90625,,-3.125,
139.199214009,123,1884,12000,42.2757602778,-83.6748841667,81.0,41.5400009155,2845.0,80.3921585083,,,,,,,,,3.90625,,-3.125,
139.199214009,123,1884,13000,42.2764852778,-83.6753544444,85.0,41.5400009155,2845.0,80.3921585083,,,,,,,,,2.34375,,-3.125,
139.199214009,123,1884,13100,42.2764852778,-83.6753544444,85.0,4.0,1956.0,80.3921585083,,,,,,,,,2.34375,,-3.125,
139.199214009,123,1884,14000,42.2764852778,-83.6753544444,80.0,4.0,1956.0,80.3921585083,,,,,,,,,2.34375,,-3.125,
139.199214009,123,1884,15100,42.2764852778,-83.6753544444,80.0,21.6499996185,1864.0,80.3921585083,,,,,,,,,2.34375,,-3.125,
139.199214009,123,1884,16000,42.2770430556,-83.675695,80.0,21.6499996185,1864.0,80.3921585083,,,,,,,,,2.34375,,-3.125,
139.199214009,123,1884,16100,42.2770430556,-83.675695,81.0,21.6499996185,1864.0,80.3921585083,,,,,,,,,2.34375,,-3.125,
139.199214009,123,1884,16200,42.2770430556,-83.675695,81.0,21.6499996185,1864.0,72.1568603516,,,,,,,,,2.34375,,-3.125,
139.199214009,123,1884,17500,42.2770430556,-83.675695,82.0,37.2799987793,2482.0,72.1568603516,,,,,,,,,2.34375,,-3.125,
139.199214009,123,1884,18500,42.2770430556,-83.675695,83.0,37.2799987793,2482.0,72.1568603516,,,,,,,,,3.90625,,-3.125,
139.199214009,123,1884,18900,42.2776591667,-83.6758827778,83.0,37.2799987793,2482.0,72.1568603516,,,,,,,,,3.90625,,-3.125,
139.199214009,123,1884,19600,42.2776591667,-83.6758827778,84.0,35.6300010681,2641.0,72.1568603516,,,,,,,,,3.90625,,-3.125,
139.199214009,123,1884,20600,42.2776591667,-83.6758827778,86.0,35.6300010681,2641.0,72.1568603516,,,,,,,,,3.90625,,-3.125,
139.199214009,123,1884,21600,42.2776591667,-83.6758827778,87.0,44.8199996948,2684.0,86.2745132446,,,,,,,,,3.90625,,-3.125,
139.199214009,123,1884,23000,42.2785383333,-83.6759444444,88.0,44.8199996948,2684.0,86.2745132446,,,,,,,,,3.90625,,-3.125,
139.199214009,123,1884,23500,42.2785383333,-83.6759444444,88.0,44.8199996948,2684.0,86.2745132446,,,,,,,,,0.0,,-3.125,
139.199214009,123,1884,23600,42.2785383333,-83.6759444444,88.0,45.0299987793,3050.0,86.2745132446,,,,,,,,,0.0,,-3.125,
139.199214009,123,1884,24200,42.2785383333,-83.6759444444,90.0,45.0299987793,3050.0,86.2745132446,,,,,,,,,0.0,,-3.125,
139.199214009,123,1884,25300,42.2785383333,-83.6759444444,91.0,45.0299987793,3050.0,86.2745132446,,,,,,,,,0.0,,-3.125,
139.199214009,123,1884,25700,42.2785383333,-83.6759444444,91.0,50.3499984741,3121.0,86.2745132446,,,,,,,,,0.0,,-3.125,
139.199214009,123,1884,26000,42.2792327778,-83.6759788889,91.0,50.3499984741,3121.0,86.2745132446,,,,,,,,,0.0,,-3.125,
139.199214009,123,1884,26400,42.2792327778,-83.6759788889,93.0,50.3499984741,3121.0,86.2745132446,,,,,,,,,0.0,,-3.125,
139.199214009,123,1884,26600,42.2792327778,-83.6759788889,93.0,50.3499984741,3121.0,85.0980377197,,,,,,,,,0.0,,-3.125,
139.199214009,123,1884,27500,42.2792327778,-83.6759788889,95.0,50.3499984741,3121.0,85.0980377197,,,,,,,,,0.0,,-3.125,
139.199214009,123,1884,28100,42.2792327778,-83.6759788889,95.0,47.3100013733,3138.0,85.0980377197,,,,,,,,,0.0,,-3.125,
139.199214009,123,1884,28900,42.2792327778,-83.6759788889,97.0,47.3100013733,3138.0,85.0980377197,,,,,,,,,-0.78125,,-3.125,
139.199214009,123,1884,29000,42.2799736111,-83.6760233333,97.0,47.3100013733,3138.0,85.0980377197,,,,,,,,,-0.78125,,-3.125,
139.199214009,123,1884,29900,42.2799736111,-83.6760233333,99.0,47.3100013733,3138.0,85.0980377197,,,,,,,,,-0.78125,,-3.125,
139.199214009,123,1884,30100,42.2799736111,-83.6760233333,99.0,53.8600006104,3229.0,85.0980377197,,,,,,,,,-0.78125,,-3.125,
139.199214009,123,1884,31000,42.2799736111,-83.6760233333,100.0,53.8600006104,3229.0,85.0980377197,,,,,,,,,-0.78125,,-3.125,
139.199214009,123,1884,31900,42.2807458333,-83.6760552778,100.0,53.8600006104,3229.0,85.0980377197,,,,,,,,,-0.78125,,-3.125,
139.199214009,123,1884,32000,42.2807458333,-83.6760552778,102.0,53.8600006104,3229.0,87.8431396484,,,,,,,,,-0.78125,,-3.125,
139.199214009,123,1884,32600,42.2807458333,-83.6760552778,102.0,53.8600006104,3293.0,87.8431396484,,,,,,,,,-0.78125,,-3.125,
139.199214009,123,1884,33400,42.2807458333,-83.6760552778,104.0,53.8600006104,3293.0,87.8431396484,,,,,,,,,-0.78125,,-3.125,
139.199214009,123,1884,34700,42.2807458333,-83.6760552778,106.0,52.4300003052,3369.0,87.8431396484,,,,,,,,,-0.78125,,-3.125,
139.199214009,123,1884,34900,42.2815508333,-83.6760852778,106.0,52.4300003052,3369.0,87.8431396484,,,,,,,,,-0.78125,,-3.125,
139.199214009,123,1884,35800,42.2815508333,-83.6760852778,107.0,52.4300003052,3369.0,87.8431396484,,,,,,,,,-0.78125,,-3.125,
139.199214009,123,1884,36800,42.2815508333,-83.6760852778,108.0,54.8100013733,3440.0,87.8431396484,,,,,,,,,-0.78125,,-3.125,
139.199214009,123,1884,37000,42.2815508333,-83.6760852778,108.0,54.8100013733,3440.0,86.6666717529,,,,,,,,,-0.78125,,-3.125,
139.199214009,123,1884,37800,42.2815508333,-83.6760852778,110.0,54.8100013733,3440.0,86.6666717529,,,,,,,,,-0.78125,,-3.125,
139.199214009,123,1884,38000,42.2823797222,-83.6761055556,110.0,54.8100013733,3440.0,86.6666717529,,,,,,,,,-0.78125,,-3.125,
139.199214009,123,1884,38900,42.2823797222,-83.6761055556,111.0,56.9399986267,3516.0,86.6666717529,,,,,,,,,-0.78125,,-3.125,
139.199214009,123,1884,39400,42.2823797222,-83.6761055556,111.0,56.9399986267,3516.0,86.6666717529,,,,,,,,,0.0,,-3.125,
139.199214009,123,1884,40200,42.2823797222,-83.6761055556,113.0,56.9399986267,3516.0,86.6666717529,,,,,,,,,0.0,,-3.125,
139.199214009,123,1884,41300,42.2823797222,-83.6761055556,114.0,41.1699981689,3349.0,86.6666717529,,,,,,,,,0.0,,-3.125,
139.199214009,123,1884,42000,42.2835202778,-83.6761366667,114.0,41.1699981689,3349.0,86.6666717529,,,,,,,,,0.0,,-3.125,
139.199214009,123,1884,42300,42.2835202778,-83.6761366667,113.0,41.1699981689,3349.0,60.3921585083,,,,,,,,,0.0,,-3.125,
139.199214009,123,1884,43400,42.2835202778,-83.6761366667,113.0,28.1599998474,2287.0,60.3921585083,,,,,,,,,0.0,,-3.125,
139.199214009,123,1884,44400,42.2835202778,-83.6761366667,112.0,28.1599998474,2287.0,60.3921585083,,,,,,,,,0.0,,-3.125,
139.199214009,123,1884,44900,42.2843788889,-83.6761594444,112.0,28.1599998474,2287.0,60.3921585083,,,,,,,,,0.0,,-3.125,
139.199214009,123,1884,45000,42.2843788889,-83.6761594444,112.0,28.1599998474,2287.0,60.3921585083,,,,,,,,,3.125,,-3.125,
139.199214009,123,1884,45800,42.2843788889,-83.6761594444,113.0,28.4699993134,2278.0,60.3921585083,,,,,,,,,3.125,,-3.125,
139.199214009,123,1884,47800,42.2843788889,-83.6761594444,113.0,26.0799999237,2290.0,63.1372566223,,,,,,,,,3.125,,-3.125,
139.199214009,123,1884,48000,42.2852375,-83.6761872222,113.0,26.0799999237,2290.0,63.1372566223,,,,,,,,,3.125,,-3.125,
139.199214009,123,1884,48900,42.2852375,-83.6761872222,113.0,26.0799999237,2290.0,63.1372566223,,,,,,,,,3.125,,-3.125,
139.199214009,123,1884,50600,42.2852375,-83.6761872222,113.0,26.2199993134,2286.0,63.1372566223,,,,,,,,,3.125,,-3.125,
139.199214009,123,1884,52000,42.2863811111,-83.6762944444,114.0,26.2199993134,2286.0,63.1372566223,,,,,,,,,3.125,,-3.125,
139.199214009,123,1884,53000,42.2863811111,-83.6762944444,114.0,28.6299991608,2328.0,69.4117660522,,,,,,,,,3.125,,-3.125,
139.199214009,123,1884,55000,42.2872441667,-83.6764766667,114.0,28.6299991608,2328.0,69.4117660522,,,,,,,,,3.125,,-3.125,
139.199214009,123,1884,55100,42.2872441667,-83.6764766667,114.0,23.8799991608,2307.0,69.4117660522,,,,,,,,,3.125,,-3.125,
139.199214009,123,1884,56200,42.2872441667,-83.6764766667,114.0,23.8799991608,2307.0,69.4117660522,,,,,,,,,2.34375,,-3.125,
139.199214009,123,1884,57500,42.2872441667,-83.6764766667,114.0,15.9399995804,2309.0,69.4117660522,,,,,,,,,2.34375,,-3.125,
139.199214009,123,1884,58000,42.2880877778,-83.676755,114.0,15.9399995804,2309.0,69.4117660522,,,,,,,,,2.34375,,-3.125,
139.199214009,123,1884,58100,42.2880877778,-83.676755,114.0,15.9399995804,2309.0,38.4313735962,,,,,,,,,2.34375,,-3.125,
139.199214009,123,1884,58700,42.2880877778,-83.676755,113.0,15.9399995804,2309.0,38.4313735962,,,,,,,,,2.34375,,-3.125,
139.199214009,123,1884,59800,42.2880877778,-83.676755,114.0,25.7999992371,2306.0,38.4313735962,,,,,,,,,2.34375,,-3.125,
139.199214009,123,1884,60900,42.2889061111,-83.6771316667,114.0,25.7999992371,2306.0,38.4313735962,,,,,,,,,2.34375,,-3.125,
139.199214009,123,1884,61900,42.2889061111,-83.6771316667,114.0,25.1200008392,2308.0,38.4313735962,,,,,,,,,2.34375,,-3.125,
139.199214009,123,1884,63300,42.2889061111,-83.6771316667,114.0,25.1200008392,2308.0,62.745098114,,,,,,,,,2.34375,,-3.125,
139.199214009,123,1884,64000,42.2897052778,-83.6775994444,114.0,25.1200008392,2308.0,62.745098114,,,,,,,,,2.34375,,-3.125,
139.199214009,123,1884,64100,42.2897052778,-83.6775994444,115.0,26.0799999237,2329.0,62.745098114,,,,,,,,,2.34375,,-3.125,
139.199214009,123,1884,66200,42.2897052778,-83.6775994444,115.0,24.2900009155,2335.0,62.745098114,,,,,,,,,2.34375,,-3.125,
139.199214009,123,1884,66900,42.2904866667,-83.6781486111,115.0,24.2900009155,2335.0,62.745098114,,,,,,,,,2.34375,,-3.125,
139.199214009,123,1884,68200,42.2904866667,-83.6781486111,115.0,24.8400001526,2342.0,62.745098114,,,,,,,,,2.34375,,-3.125,
139.199214009,123,1884,68800,42.2904866667,-83.6781486111,115.0,24.8400001526,2342.0,58.8235321045,,,,,,,,,2.34375,,-3.125,
139.199214009,123,1884,69900,42.2912177778,-83.67879,115.0,24.8400001526,2342.0,58.8235321045,,,,,,,,,2.34375,,-3.125,
139.199214009,123,1884,70200,42.2912177778,-83.67879,115.0,24.2900009155,2348.0,58.8235321045,,,,,,,,,2.34375,,-3.125,
139.199214009,123,1884,70800,42.2912177778,-83.67879,116.0,24.2900009155,2348.0,58.8235321045,,,,,,,,,2.34375,,-3.125,
139.199214009,123,1884,71900,42.2912177778,-83.67879,115.0,24.2900009155,2348.0,58.8235321045,,,,,,,,,1.5625,,-3.125,
139.199214009,123,1884,72400,42.2912177778,-83.67879,115.0,16.4799995422,2338.0,58.8235321045,,,,,,,,,1.5625,,-3.125,
139.199214009,123,1884,73900,42.2921275,-83.6797369444,115.0,16.4799995422,2338.0,58.8235321045,,,,,,,,,1.5625,,-3.125,
139.199214009,123,1884,74300,42.2921275,-83.6797369444,116.0,16.4799995422,2338.0,63.5294113159,,,,,,,,,1.5625,,-3.125,
139.199214009,123,1884,74400,42.2921275,-83.6797369444,116.0,26.8999996185,2345.0,63.5294113159,,,,,,,,,1.5625,,-3.125,
139.199214009,123,1884,76400,42.2921275,-83.6797369444,117.0,25.25,2367.0,63.5294113159,,,,,,,,,1.5625,,-3.125,
139.199214009,123,1884,77000,42.2927761111,-83.6805294444,117.0,25.25,2367.0,63.5294113159,,,,,,,,,1.5625,,-3.125,
139.199214009,123,1884,78800,42.2927761111,-83.6805294444,117.0,26.6299991608,2381.0,63.5294113159,,,,,,,,,1.5625,,-3.125,
139.199214009,123,1884,79800,42.2927761111,-83.6805294444,118.0,26.6299991608,2381.0,62.745098114,,,,,,,,,1.5625,,-3.125,
139.199214009,123,1884,80000,42.2934391667,-83.6813219444,118.0,26.6299991608,2381.0,62.745098114,,,,,,,,,1.5625,,-3.125,
139.199214009,123,1884,80800,42.2934391667,-83.6813219444,118.0,26.0799999237,2392.0,62.745098114,,,,,,,,,1.5625,,-3.125,
139.199214009,123,1884,82400,42.2934391667,-83.6813219444,118.0,26.0799999237,2392.0,62.745098114,,,,,,,,,2.34375,,-3.125,
139.199214009,123,1884,82900,42.2934391667,-83.6813219444,118.0,24.5699996948,2392.0,62.745098114,,,,,,,,,2.34375,,-3.125,
139.199214009,123,1884,84000,42.2943341667,-83.6823816667,118.0,24.5699996948,2392.0,62.745098114,,,,,,,,,2.34375,,-3.125,
139.199214009,123,1884,85300,42.2943341667,-83.6823816667,118.0,23.3400001526,2392.0,54.509803772,,,,,,,,,2.34375,,-3.125,
139.199214009,123,1884,86900,42.2949911111,-83.6831661111,118.0,23.3400001526,2392.0,54.509803772,,,,,,,,,2.34375,,-3.125,
139.199214009,123,1884,87400,42.2949911111,-83.6831661111,118.0,25.9400005341,2388.0,54.509803772,,,,,,,,,2.34375,,-3.125,
139.199214009,123,1884,87500,42.2949911111,-83.6831661111,118.0,25.9400005341,2388.0,54.509803772,,,,,,,,,1.5625,,-3.125,
139.199214009,123,1884,89800,42.2949911111,-83.6831661111,118.0,27.4500007629,2396.0,54.509803772,,,,,,,,,1.5625,,-3.125,
139.199214009,123,1884,89900,42.2956752778,-83.6839386111,118.0,27.4500007629,2396.0,54.509803772,,,,,,,,,1.5625,,-3.125,
139.199214009,123,1884,90800,42.2956752778,-83.6839386111,118.0,27.4500007629,2396.0,61.9607849121,,,,,,,,,1.5625,,-3.125,
139.199214009,123,1884,91900,42.2956752778,-83.6839386111,118.0,26.4899997711,2397.0,61.9607849121,,,,,,,,,1.5625,,-2.34375,
139.199214009,123,1884,93000,42.2964091667,-83.6846413889,118.0,26.4899997711,2397.0,61.9607849121,,,,,,,,,1.5625,,-2.34375,
139.199214009,123,1884,93900,42.2964091667,-83.6846413889,118.0,21.9099998474,2396.0,61.9607849121,,,,,,,,,1.5625,,-2.34375,
139.199214009,123,1884,96100,42.2964091667,-83.6846413889,118.0,22.1700000763,2393.0,52.1568641663,,,,,,,,,1.5625,,-2.34375,
139.199214009,123,1884,96900,42.2974563889,-83.6854316667,118.0,22.1700000763,2393.0,52.1568641663,,,,,,,,,1.5625,,-2.34375,
139.199214009,123,1884,98200,42.2974563889,-83.6854316667,116.0,16.9099998474,2354.0,52.1568641663,,,,,,,,,1.5625,,-2.34375,
139.199214009,123,1884,99300,42.2974563889,-83.6854316667,115.0,16.9099998474,2354.0,52.1568641663,,,,,,,,,1.5625,,-2.34375,
139.199214009,123,1884,100000,42.2982647222,-83.6859183333,115.0,16.9099998474,2354.0,52.1568641663,,,,,,,,,1.5625,,-2.34375,
139.199214009,123,1884,100300,42.2982647222,-83.6859183333,115.0,23.2099990845,2326.0,52.1568641663,,,,,,,,,1.5625,,-2.34375,
139.199214009,123,1884,101100,42.2982647222,-83.6859183333,115.0,23.2099990845,2326.0,57.6470603943,,,,,,,,,1.5625,,-2.34375,
139.199214009,123,1884,102300,42.2982647222,-83.6859183333,115.0,23.2099990845,2324.0,57.6470603943,,,,,,,,,1.5625,,-2.34375,
139.199214009,123,1884,102900,42.2982647222,-83.6859183333,115.0,23.2099990845,2324.0,57.6470603943,,,,,,,,,3.125,,-2.34375,
139.199214009,123,1884,103000,42.29909,-83.6862983333,115.0,23.2099990845,2324.0,57.6470603943,,,,,,,,,3.125,,-2.34375,
139.199214009,123,1884,104300,42.29909,-83.6862983333,115.0,20.0799999237,2327.0,57.6470603943,,,,,,,,,3.125,,-2.34375,
139.199214009,123,1884,106000,42.2999333333,-83.6865761111,115.0,20.0799999237,2327.0,57.6470603943,,,,,,,,,3.125,,-2.34375,
139.199214009,123,1884,106300,42.2999333333,-83.6865761111,115.0,17.3400001526,2316.0,43.1372566223,,,,,,,,,3.125,,-2.34375,
139.199214009,123,1884,106500,42.2999333333,-83.6865761111,114.0,17.3400001526,2316.0,43.1372566223,,,,,,,,,3.125,,-2.34375,
139.199214009,123,1884,107600,42.2999333333,-83.6865761111,112.0,17.3400001526,2316.0,43.1372566223,,,,,,,,,3.125,,-2.34375,
139.199214009,123,1884,107900,42.2999333333,-83.6865761111,112.0,17.3400001526,2316.0,43.1372566223,,,,,,,,,1.5625,,-2.34375,
139.199214009,123,1884,108400,42.2999333333,-83.6865761111,112.0,2.99000000954,2208.0,43.1372566223,,,,,,,,,1.5625,,-2.34375,
139.199214009,123,1884,108600,42.2999333333,-83.6865761111,110.0,2.99000000954,2208.0,43.1372566223,,,,,,,,,1.5625,,-2.34375,
139.199214009,123,1884,108900,42.2999333333,-83.6865761111,110.0,2.99000000954,2208.0,43.1372566223,,,,,,,,,1.5625,,-2.34375,
139.199214009,123,1884,109000,42.3007697222,-83.6867330556,110.0,2.99000000954,2208.0,43.1372566223,,,,,,,,,1.5625,,-2.34375,
139.199214009,123,1884,109700,42.3007697222,-83.6867330556,108.0,2.99000000954,2208.0,43.1372566223,,,,,,,,,1.5625,,-2.34375,
139.199214009,123,1884,110500,42.3007697222,-83.6867330556,108.0,2.75999999046,2124.0,43.1372566223,,,,,,,,,1.5625,,-2.34375,
139.199214009,123,1884,111700,42.3007697222,-83.6867330556,106.0,2.75999999046,2124.0,7.05882358551,,,,,,,,,1.5625,,-2.34375,
139.199214009,123,1884,111900,42.3015683333,-83.6867980556,106.0,2.75999999046,2124.0,7.05882358551,,,,,,,,,1.5625,,-2.34375,
139.199214009,123,1884,112600,42.3015683333,-83.6867980556,106.0,4.21999979019,2048.0,7.05882358551,,,,,,,,,1.5625,,-2.34375,
139.199214009,123,1884,112800,42.3015683333,-83.6867980556,102.0,4.21999979019,2048.0,7.05882358551,,,,,,,,,1.5625,,-2.34375,
139.199214009,123,1884,112900,42.3015683333,-83.6867980556,102.0,4.21999979019,2048.0,7.05882358551,,,,,,,,,0.0,,-2.34375,
139.199214009,123,1884,113800,42.3015683333,-83.6867980556,99.0,4.21999979019,2048.0,7.05882358551,,,,,,,,,0.0,,-2.34375,
139.199214009,123,1884,114600,42.3015683333,-83.6867980556,99.0,12.0,2014.0,7.05882358551,,,,,,,,,0.0,,-2.34375,
139.199214009,123,1884,114900,42.3023308333,-83.686795,99.0,12.0,2014.0,7.05882358551,,,,,,,,,0.0,,-2.34375,
139.199214009,123,1884,117000,42.3023308333,-83.686795,99.0,2.81999993324,1907.0,8.23529434204,,,,,,,,,0.0,,-2.34375,
139.199214009,123,1884,117300,42.3023308333,-83.686795,95.0,2.81999993324,1907.0,8.23529434204,,,,,,,,,0.0,,-2.34375,
139.199214009,123,1884,118300,42.3023308333,-83.686795,88.0,2.81999993324,1907.0,8.23529434204,,,,,,,,,0.0,,-2.34375,
139.199214009,123,1884,118900,42.3032708333,-83.6867313889,88.0,2.81999993324,1907.0,8.23529434204,,,,,,,,,0.0,,-2.34375,
139.199214009,123,1884,119100,42.3032708333,-83.6867313889,88.0,2.75999999046,1701.0,8.23529434204,,,,,,,,,0.0,,-2.34375,
139.199214009,123,1884,119300,42.3032708333,-83.6867313889,84.0,2.75999999046,1701.0,8.23529434204,,,,,,,,,0.0,,-2.34375,
139.199214009,123,1884,120700,42.3032708333,-83.6867313889,82.0,2.75999999046,1701.0,8.23529434204,,,,,,,,,0.0,,-2.34375,
139.199214009,123,1884,121300,42.3032708333,-83.6867313889,82.0,2.67000007629,1656.0,8.23529434204,,,,,,,,,0.0,,-2.34375,
139.199214009,123,1884,122000,42.30388,-83.6865366667,82.0,2.67000007629,1656.0,8.23529434204,,,,,,,,,0.0,,-2.34375,
139.199214009,123,1884,122100,42.30388,-83.6865366667,79.0,2.67000007629,1656.0,9.01960754395,,,,,,,,,0.0,,-2.34375,
139.199214009,123,1884,123100,42.30388,-83.6865366667,78.0,2.67000007629,1656.0,9.01960754395,,,,,,,,,0.0,,-2.34375,
139.199214009,123,1884,123700,42.30388,-83.6865366667,78.0,2.67000007629,1576.0,9.01960754395,,,,,,,,,0.0,,-2.34375,
139.199214009,123,1884,124500,42.30388,-83.6865366667,75.0,2.67000007629,1576.0,9.01960754395,,,,,,,,,0.0,,-2.34375,
139.199214009,123,1884,125000,42.3044311111,-83.6862261111,75.0,2.67000007629,1576.0,9.01960754395,,,,,,,,,0.0,,-2.34375,
139.199214009,123,1884,125500,42.3044311111,-83.6862261111,73.0,2.67000007629,1576.0,9.01960754395,,,,,,,,,0.0,,-2.34375,
139.199214009,123,1884,125700,42.3044311111,-83.6862261111,73.0,2.70000004768,1476.0,9.01960754395,,,,,,,,,0.0,,-2.34375,
139.199214009,123,1884,126600,42.3044311111,-83.6862261111,72.0,2.70000004768,1476.0,9.01960754395,,,,,,,,,0.0,,-2.34375,
139.199214009,123,1884,127200,42.3044311111,-83.6862261111,72.0,2.70000004768,1476.0,10.1960783005,,,,,,,,,0.0,,-2.34375,
139.199214009,123,1884,127500,42.3044311111,-83.6862261111,70.0,2.70000004768,1476.0,10.1960783005,,,,,,,,,0.0,,-2.34375,
139.199214009,123,1884,127900,42.3048863889,-83.6858111111,70.0,2.70000004768,1476.0,10.1960783005,,,,,,,,,0.0,,-2.34375,
139.199214009,123,1884,128200,42.3048863889,-83.6858111111,70.0,2.61999988556,1416.0,10.1960783005,,,,,,,,,0.0,,-2.34375,
139.199214009,123,1884,128600,42.3048863889,-83.6858111111,69.0,2.61999988556,1416.0,10.1960783005,,,,,,,,,0.0,,-2.34375,
139.199214009,123,1884,129700,42.3048863889,-83.6858111111,67.0,2.61999988556,1416.0,10.1960783005,,,,,,,,,0.0,,-2.34375,
139.199214009,123,1884,130300,42.3048863889,-83.6858111111,67.0,2.61999988556,1337.0,10.1960783005,,,,,,,,,0.0,,-2.34375,
139.199214009,123,1884,130800,42.3048863889,-83.6858111111,65.0,2.61999988556,1337.0,10.1960783005,,,,,,,,,0.0,,-2.34375,
139.199214009,123,1884,130900,42.3052966667,-83.6853902778,65.0,2.61999988556,1337.0,10.1960783005,,,,,,,,,0.0,,-2.34375,
139.199214009,123,1884,132200,42.3052966667,-83.6853902778,62.0,2.61999988556,1337.0,11.372549057,,,,,,,,,0.0,,-2.34375,
139.199214009,123,1884,132800,42.3052966667,-83.6853902778,62.0,2.67000007629,1184.0,11.372549057,,,,,,,,,0.0,,-2.34375,
139.199214009,123,1884,133200,42.3052966667,-83.6853902778,58.0,2.67000007629,1184.0,11.372549057,,,,,,,,,0.0,,-2.34375,
139.199214009,123,1884,133900,42.3056783333,-83.6850372222,58.0,2.67000007629,1184.0,11.372549057,,,,,,,,,0.0,,-2.34375,
139.199214009,123,1884,134300,42.3056783333,-83.6850372222,56.0,2.67000007629,1184.0,11.372549057,,,,,,,,,0.0,,-2.34375,
139.199214009,123,1884,134900,42.3056783333,-83.6850372222,56.0,6.28000020981,1144.0,11.372549057,,,,,,,,,0.0,,-2.34375,
139.199214009,123,1884,135300,42.3056783333,-83.6850372222,55.0,6.28000020981,1144.0,11.372549057,,,,,,,,,0.0,,-2.34375,
139.199214009,123,1884,136300,42.3056783333,-83.6850372222,54.0,6.28000020981,1144.0,11.372549057,,,,,,,,,0.0,,-2.34375,
139.199214009,123,1884,137000,42.3056783333,-83.6850372222,54.0,3.65000009537,1168.0,11.372549057,,,,,,,,,0.0,,-2.34375,
139.199214009,123,1884,137600,42.3056783333,-83.6850372222,54.0,3.65000009537,1168.0,17.6470584869,,,,,,,,,0.0,,-2.34375,
139.199214009,123,1884,137900,42.3062127778,-83.684915,54.0,3.65000009537,1168.0,17.6470584869,,,,,,,,,0.0,,-2.34375,
139.199214009,123,1884,138400,42.3062127778,-83.684915,54.0,3.65000009537,1168.0,17.6470584869,,,,,,,,,-11.71875,,-2.34375,
139.199214009,123,1884,138600,42.3062127778,-83.684915,52.0,3.65000009537,1168.0,17.6470584869,,,,,,,,,-11.71875,,-2.34375,
139.199214009,123,1884,139400,42.3062127778,-83.684915,52.0,3.81999993324,1049.0,17.6470584869,,,,,,,,,-11.71875,,-2.34375,
139.199214009,123,1884,139600,42.3062127778,-83.684915,49.0,3.81999993324,1049.0,17.6470584869,,,,,,,,,-11.71875,,-2.34375,
139.199214009,123,1884,140900,42.3065741667,-83.6850683333,49.0,3.81999993324,1049.0,17.6470584869,,,,,,,,,-11.71875,,-2.34375,
139.199214009,123,1884,141500,42.3065741667,-83.6850683333,49.0,3.3900001049,1014.0,17.6470584869,,,,,,,,,-11.71875,,-2.34375,
139.199214009,123,1884,141700,42.3065741667,-83.6850683333,45.0,3.3900001049,1014.0,17.6470584869,,,,,,,,,-11.71875,,-2.34375,
139.199214009,123,1884,143100,42.3065741667,-83.6850683333,41.0,3.3900001049,1014.0,19.607843399,,,,,,,,,-11.71875,,-2.34375,
139.199214009,123,1884,143900,42.3065741667,-83.6850683333,41.0,3.46000003815,973.0,19.607843399,,,,,,,,,-3.125,,-2.34375,
139.199214009,123,1884,144000,42.3068341667,-83.6851944444,41.0,3.46000003815,973.0,19.607843399,,,,,,,,,-3.125,,-2.34375,
139.199214009,123,1884,144100,42.3068341667,-83.6851944444,29.0,3.46000003815,973.0,19.607843399,,,,,,,,,-3.125,,-2.34375,
139.199214009,123,1884,145100,42.3068341667,-83.6851944444,19.0,3.46000003815,973.0,19.607843399,,,,,,,,,-3.125,,-2.34375,
139.199214009,123,1884,146000,42.3068341667,-83.6851944444,19.0,3.13000011444,711.0,19.607843399,,,,,,,,,-3.125,,-2.34375,
139.199214009,123,1884,146200,42.3068341667,-83.6851944444,6.0,3.13000011444,711.0,19.607843399,,,,,,,,,-3.125,,-2.34375,
139.199214009,123,1884,148000,42.3069236111,-83.6852491667,6.0,18.2900009155,2340.0,19.607843399,,,,,,,,,-3.125,,-2.34375,
139.199214009,123,1884,148600,42.3069236111,-83.6852491667,15.0,18.2900009155,2340.0,47.4509811401,,,,,,,,,-3.125,,-2.34375,
139.199214009,123,1884,149400,42.3069236111,-83.6852491667,15.0,18.2900009155,2340.0,47.4509811401,,,,,,,,,1.5625,,-2.34375,
139.199214009,123,1884,149600,42.3069236111,-83.6852491667,21.0,18.2900009155,2340.0,47.4509811401,,,,,,,,,1.5625,,-2.34375,
139.199214009,123,1884,150400,42.3069236111,-83.6852491667,21.0,31.4400005341,2466.0,47.4509811401,,,,,,,,,1.5625,,-2.34375,
139.199214009,123,1884,150700,42.3069236111,-83.6852491667,26.0,31.4400005341,2466.0,47.4509811401,,,,,,,,,1.5625,,-2.34375,
139.199214009,123,1884,151000,42.3069475,-83.6854802778,26.0,31.4400005341,2466.0,47.4509811401,,,,,,,,,1.5625,,-2.34375,
139.199214009,123,1884,151700,42.3069475,-83.6854802778,32.0,31.4400005341,2466.0,47.4509811401,,,,,,,,,1.5625,,-2.34375,
139.199214009,123,1884,152500,42.3069475,-83.6854802778,32.0,36.5400009155,2815.0,47.4509811401,,,,,,,,,1.5625,,-2.34375,
139.199214009,123,1884,152700,42.3069475,-83.6854802778,38.0,36.5400009155,2815.0,47.4509811401,,,,,,,,,1.5625,,-2.34375,
139.199214009,123,1884,153900,42.3068777778,-83.6858605556,38.0,36.5400009155,2815.0,47.4509811401,,,,,,,,,1.5625,,-2.34375,
139.199214009,123,1884,154100,42.3068777778,-83.6858605556,43.0,36.5400009155,2815.0,61.9607849121,,,,,,,,,1.5625,,-2.34375,
139.199214009,123,1884,154700,42.3068777778,-83.6858605556,43.0,32.0699996948,2922.0,61.9607849121,,,,,,,,,0.0,,-2.34375,
139.199214009,123,1884,155500,42.3068777778,-83.6858605556,49.0,32.0699996948,2922.0,61.9607849121,,,,,,,,,0.0,,-2.34375,
139.199214009,123,1884,156500,42.3068777778,-83.6858605556,50.0,32.0699996948,2922.0,61.9607849121,,,,,,,,,0.0,,-2.34375,
139.199214009,123,1884,156700,42.3068777778,-83.6858605556,50.0,27.8700008392,2371.0,61.9607849121,,,,,,,,,0.0,,-2.34375,
139.199214009,123,1884,156900,42.3067527778,-83.6863391667,50.0,27.8700008392,2371.0,61.9607849121,,,,,,,,,0.0,,-2.34375,
139.199214009,123,1884,157600,42.3067527778,-83.6863391667,52.0,27.8700008392,2371.0,61.9607849121,,,,,,,,,0.0,,-2.34375,
139.199214009,123,1884,158600,42.3067527778,-83.6863391667,54.0,27.8700008392,2371.0,61.9607849121,,,,,,,,,0.0,,-2.34375,
139.199214009,123,1884,159200,42.3067527778,-83.6863391667,54.0,11.4099998474,1684.0,37.254901886,,,,,,,,,0.0,,-2.34375,
139.199214009,123,1884,160000,42.3067527778,-83.6863391667,54.0,11.4099998474,1684.0,37.254901886,,,,,,,,,-7.03125,,-2.34375,
139.199214009,123,1884,160900,42.3065866667,-83.6870508333,54.0,11.4099998474,1684.0,37.254901886,,,,,,,,,-7.03125,,-2.34375,
139.199214009,123,1884,161100,42.3065866667,-83.6870508333,54.0,12.0799999237,1513.0,37.254901886,,,,,,,,,-7.03125,,-2.34375,
139.199214009,123,1884,162100,42.3065866667,-83.6870508333,55.0,12.0799999237,1513.0,37.254901886,,,,,,,,,-7.03125,,-2.34375,
139.199214009,123,1884,163200,42.3065866667,-83.6870508333,56.0,6.78999996185,1557.0,37.254901886,,,,,,,,,-7.03125,,-2.34375,
139.199214009,123,1884,163900,42.3064522222,-83.6876033333,56.0,6.78999996185,1557.0,37.254901886,,,,,,,,,-7.03125,,-2.34375,
139.199214009,123,1884,164300,42.3064522222,-83.6876033333,55.0,6.78999996185,1557.0,10.1960783005,,,,,,,,,-7.03125,,-2.34375,
139.199214009,123,1884,165000,42.3064522222,-83.6876033333,55.0,6.78999996185,1557.0,10.1960783005,,,,,,,,,0.0,,-2.34375,
139.199214009,123,1884,165200,42.3064522222,-83.6876033333,55.0,2.70000004768,1476.0,10.1960783005,,,,,,,,,0.0,,-2.34375,
139.199214009,123,1884,165800,42.3064522222,-83.6876033333,53.0,2.70000004768,1476.0,10.1960783005,,,,,,,,,0.0,,-2.34375,
139.199214009,123,1884,166900,42.30632,-83.6881319444,52.0,2.70000004768,1476.0,10.1960783005,,,,,,,,,0.0,,-2.34375,
139.199214009,123,1884,167300,42.30632,-83.6881319444,52.0,4.59999990463,1091.0,10.1960783005,,,,,,,,,0.0,,-2.34375,
139.199214009,123,1884,167900,42.30632,-83.6881319444,51.0,4.59999990463,1091.0,10.1960783005,,,,,,,,,0.0,,-2.34375,
139.199214009,123,1884,169000,42.30632,-83.6881319444,50.0,4.59999990463,1091.0,10.1960783005,,,,,,,,,0.0,,-2.34375,
139.199214009,123,1884,169300,42.30632,-83.6881319444,50.0,20.6800003052,2130.0,58.8235321045,,,,,,,,,0.0,,-2.34375,
139.199214009,123,1884,170000,42.3061930556,-83.6886411111,52.0,20.6800003052,2130.0,58.8235321045,,,,,,,,,2.34375,,-2.34375,
139.199214009,123,1884,171000,42.3061930556,-83.6886411111,53.0,20.6800003052,2130.0,58.8235321045,,,,,,,,,2.34375,,-2.34375,
139.199214009,123,1884,171500,42.3061930556,-83.6886411111,53.0,14.1800003052,1770.0,58.8235321045,,,,,,,,,2.34375,,-2.34375,
139.199214009,123,1884,172500,42.3061930556,-83.6886411111,54.0,14.1800003052,1770.0,58.8235321045,,,,,,,,,2.34375,,-2.34375,
139.199214009,123,1884,173500,42.3061930556,-83.6886411111,54.0,6.03999996185,1618.0,58.8235321045,,,,,,,,,2.34375,,-2.34375,
139.199214009,123,1884,174000,42.3060216667,-83.6893616667,54.0,6.03999996185,1618.0,58.8235321045,,,,,,,,,2.34375,,-2.34375,
139.199214009,123,1884,174300,42.3060216667,-83.6893616667,54.0,6.03999996185,1618.0,20.7843132019,,,,,,,,,2.34375,,-2.34375,
139.199214009,123,1884,175000,42.3060216667,-83.6893616667,54.0,6.03999996185,1618.0,20.7843132019,,,,,,,,,3.125,,-2.34375,
139.199214009,123,1884,175600,42.3060216667,-83.6893616667,54.0,13.9200000763,1827.0,20.7843132019,,,,,,,,,3.125,,-2.34375,
139.199214009,123,1884,177000,42.3058852778,-83.6898994444,54.0,13.9200000763,1827.0,20.7843132019,,,,,,,,,3.125,,-2.34375,
139.199214009,123,1884,177100,42.3058852778,-83.6898994444,52.0,13.9200000763,1827.0,20.7843132019,,,,,,,,,3.125,,-2.34375,
139.199214009,123,1884,177700,42.3058852778,-83.6898994444,52.0,2.75999999046,1468.0,20.7843132019,,,,,,,,,3.125,,-2.34375,
139.199214009,123,1884,178100,42.3058852778,-83.6898994444,51.0,2.75999999046,1468.0,20.7843132019,,,,,,,,,3.125,,-2.34375,
139.199214009,123,1884,179200,42.3058852778,-83.6898994444,48.0,2.75999999046,1468.0,20.7843132019,,,,,,,,,3.125,,-2.34375,
139.199214009,123,1884,179800,42.3058852778,-83.6898994444,48.0,2.67000007629,1336.0,11.764705658,,,,,,,,,3.125,,-2.34375,
139.199214009,123,1884,179900,42.3057377778,-83.6903716667,48.0,2.67000007629,1336.0,11.764705658,,,,,,,,,3.125,,-2.34375,
139.199214009,123,1884,180300,42.3057377778,-83.6903716667,48.0,2.67000007629,1336.0,11.764705658,,,,,,,,,0.0,,-2.34375,
139.199214009,123,1884,181700,42.3057377778,-83.6903716667,40.0,2.65000009537,977.0,11.764705658,,,,,,,,,0.0,,-2.34375,
139.199214009,123,1884,182700,42.3057377778,-83.6903716667,34.0,2.65000009537,977.0,11.764705658,,,,,,,,,0.0,,-2.34375,
139.199214009,123,1884,182900,42.3056175,-83.6907202778,34.0,2.65000009537,977.0,11.764705658,,,,,,,,,0.0,,-2.34375,
139.199214009,123,1884,183700,42.3056175,-83.6907202778,31.0,2.75999999046,1223.0,11.764705658,,,,,,,,,0.0,,-2.34375,
139.199214009,123,1884,185100,42.3056175,-83.6907202778,25.0,2.75999999046,1223.0,27.0588245392,,,,,,,,,0.0,,-2.34375,
139.199214009,123,1884,185900,42.3056175,-83.6907202778,25.0,3.43000006676,966.0,27.0588245392,,,,,,,,,0.0,,-2.34375,
139.199214009,123,1884,186000,42.3055358333,-83.6909677778,25.0,3.43000006676,966.0,27.0588245392,,,,,,,,,0.0,,-2.34375,
139.199214009,123,1884,186500,42.3055358333,-83.6909677778,24.0,3.43000006676,966.0,27.0588245392,,,,,,,,,0.0,,-2.34375,
139.199214009,123,1884,188300,42.3055358333,-83.6909677778,24.0,7.53000020981,1508.0,27.0588245392,,,,,,,,,0.0,,-2.34375,
139.199214009,123,1884,188500,42.3055358333,-83.6909677778,26.0,7.53000020981,1508.0,27.0588245392,,,,,,,,,0.0,,-2.34375,
139.199214009,123,1884,189000,42.3053833333,-83.6910802778,26.0,7.53000020981,1508.0,27.0588245392,,,,,,,,,0.0,,-2.34375,
139.199214009,123,1884,189600,42.3053833333,-83.6910802778,27.0,7.53000020981,1508.0,27.0588245392,,,,,,,,,0.0,,-2.34375,
139.199214009,123,1884,190400,42.3053833333,-83.6910802778,27.0,3.8599998951,947.0,22.3529415131,,,,,,,,,0.78125,,-2.34375,
139.199214009,123,1884,191900,42.3051855556,-83.6910411111,27.0,3.8599998951,947.0,22.3529415131,,,,,,,,,0.78125,,-2.34375,
139.199214009,123,1884,192000,42.3051855556,-83.6910411111,26.0,3.8599998951,947.0,22.3529415131,,,,,,,,,0.78125,,-2.34375,
139.199214009,123,1884,192800,42.3051855556,-83.6910411111,26.0,3.6099998951,1183.0,22.3529415131,,,,,,,,,0.78125,,-2.34375,
139.199214009,123,1884,193000,42.3051855556,-83.6910411111,27.0,3.6099998951,1183.0,22.3529415131,,,,,,,,,0.78125,,-2.34375,
139.199214009,123,1884,194900,42.3051855556,-83.6910411111,27.0,3.27999997139,861.0,22.3529415131,,,,,,,,,0.78125,,-2.34375,
139.199214009,123,1884,195100,42.3051855556,-83.6910411111,22.0,3.27999997139,861.0,22.3529415131,,,,,,,,,0.78125,,-2.34375,
139.199214009,123,1884,195400,42.3051855556,-83.6910411111,22.0,3.27999997139,861.0,23.5294113159,,,,,,,,,-1.5625,,-2.34375,
139.199214009,123,1884,195900,42.3049491667,-83.69094,22.0,3.27999997139,861.0,23.5294113159,,,,,,,,,-1.5625,,-2.34375,
139.199214009,123,1884,196100,42.3049491667,-83.69094,19.0,3.27999997139,861.0,23.5294113159,,,,,,,,,-1.5625,,-2.34375,
139.199214009,123,1884,197000,42.3049491667,-83.69094,19.0,4.40999984741,812.0,23.5294113159,,,,,,,,,-1.5625,,-2.34375,
139.199214009,123,1884,197600,42.3049491667,-83.69094,16.0,4.40999984741,812.0,23.5294113159,,,,,,,,,-1.5625,,-2.34375,
139.199214009,123,1884,198000,42.3048658333,-83.6909327778,16.0,4.40999984741,812.0,23.5294113159,,,,,,,,,-1.5625,,-2.34375,
139.199214009,123,1884,198700,42.3048658333,-83.6909327778,11.0,4.40999984741,812.0,23.5294113159,,,,,,,,,-1.5625,,-2.34375,
139.199214009,123,1884,199100,42.3048658333,-83.6909327778,11.0,11.0100002289,1284.0,23.5294113159,,,,,,,,,-1.5625,,-2.34375,
139.199214009,123,1884,199800,42.3048658333,-83.6909327778,10.0,11.0100002289,1284.0,23.5294113159,,,,,,,,,-1.5625,,-2.34375,
139.199214009,123,1884,200800,42.3048658333,-83.6909327778,13.0,11.0100002289,1284.0,36.4705886841,,,,,,,,,-0.78125,,-2.34375,
139.199214009,123,1884,201100,42.3048658333,-83.6909327778,13.0,9.02999973297,1130.0,36.4705886841,,,,,,,,,-0.78125,,-2.34375,
139.199214009,123,1884,201900,42.3047344444,-83.690925,16.0,9.02999973297,1130.0,36.4705886841,,,,,,,,,-0.78125,,-2.34375,
139.199214009,123,1884,203300,42.3047344444,-83.690925,17.0,5.01000022888,1083.0,36.4705886841,,,,,,,,,-0.78125,,-2.34375,
139.199214009,123,1884,204300,42.3047344444,-83.690925,18.0,5.01000022888,1083.0,36.4705886841,,,,,,,,,-0.78125,,-2.34375,
139.199214009,123,1884,205000,42.3046236111,-83.6910202778,18.0,5.01000022888,1083.0,36.4705886841,,,,,,,,,-0.78125,,-2.34375,
139.199214009,123,1884,205300,42.3046236111,-83.6910202778,18.0,9.93999958038,1544.0,36.4705886841,,,,,,,,,-0.78125,,-2.34375,
139.199214009,123,1884,205400,42.3046236111,-83.6910202778,20.0,9.93999958038,1544.0,36.4705886841,,,,,,,,,-0.78125,,-2.34375,
139.199214009,123,1884,205800,42.3046236111,-83.6910202778,20.0,9.93999958038,1544.0,40.0,,,,,,,,,-8.59375,,-2.34375,
139.199214009,123,1884,206400,42.3046236111,-83.6910202778,22.0,9.93999958038,1544.0,40.0,,,,,,,,,-8.59375,,-2.34375,
139.199214009,123,1884,207400,42.3046236111,-83.6910202778,22.0,12.0799999237,1744.0,40.0,,,,,,,,,-8.59375,,-2.34375,
139.199214009,123,1884,208000,42.3045733333,-83.6912544444,24.0,12.0799999237,1744.0,40.0,,,,,,,,,-8.59375,,-2.34375,
139.199214009,123,1884,209000,42.3045733333,-83.6912544444,26.0,12.0799999237,1744.0,40.0,,,,,,,,,-8.59375,,-2.34375,
139.199214009,123,1884,209800,42.3045733333,-83.6912544444,26.0,3.13000011444,922.0,40.0,,,,,,,,,-8.59375,,-2.34375,
139.199214009,123,1884,210000,42.3045733333,-83.6912544444,25.0,3.13000011444,922.0,40.0,,,,,,,,,-8.59375,,-2.34375,
139.199214009,123,1884,210800,42.3045733333,-83.6912544444,25.0,3.13000011444,922.0,20.392156601,,,,,,,,,-1.5625,,-2.34375,
139.199214009,123,1884,211000,42.3045116667,-83.691495,25.0,3.13000011444,922.0,20.392156601,,,,,,,,,-1.5625,,-2.34375,
139.199214009,123,1884,211100,42.3045116667,-83.691495,24.0,3.13000011444,922.0,20.392156601,,,,,,,,,-1.5625,,-2.34375,
139.199214009,123,1884,211900,42.3045116667,-83.691495,24.0,5.86000013351,913.0,20.392156601,,,,,,,,,-1.5625,,-2.34375,
139.199214009,123,1884,212100,42.3045116667,-83.691495,20.0,5.86000013351,913.0,20.392156601,,,,,,,,,-1.5625,,-2.34375,
139.199214009,123,1884,212900,42.3045116667,-83.691495,20.0,5.86000013351,913.0,20.392156601,,,,,,,,,-1.5625,,-1.5625,
139.199214009,123,1884,214300,42.3045116667,-83.691495,20.0,9.93999958038,1558.0,20.392156601,,,,,,,,,-1.5625,,-1.5625,
139.199214009,123,1884,214900,42.30457,-83.6917225,20.0,9.93999958038,1558.0,20.392156601,,,,,,,,,-1.5625,,-1.5625,
139.199214009,123,1884,215900,42.30457,-83.6917225,20.0,9.93999958038,1558.0,24.7058830261,,,,,,,,,0.78125,,-1.5625,
139.199214009,123,1884,216700,42.30457,-83.6917225,20.0,11.7100000381,1362.0,24.7058830261,,,,,,,,,0.78125,,-1.5625,
139.199214009,123,1884,216900,42.30457,-83.6917225,19.0,11.7100000381,1362.0,24.7058830261,,,,,,,,,0.78125,,-1.5625,
139.199214009,123,1884,217900,42.3046558333,-83.6918813889,20.0,11.7100000381,1362.0,24.7058830261,,,,,,,,,0.78125,,-1.5625,
139.199214009,123,1884,218700,42.3046558333,-83.6918813889,20.0,6.73000001907,1449.0,24.7058830261,,,,,,,,,0.78125,,-1.5625,
139.199214009,123,1884,219300,42.3046558333,-83.6918813889,21.0,6.73000001907,1449.0,24.7058830261,,,,,,,,,0.78125,,-1.5625,
139.199214009,123,1884,220700,42.3046558333,-83.6918813889,21.0,7.01999998093,1391.0,24.7058830261,,,,,,,,,0.78125,,-1.5625,
139.199214009,123,1884,221000,42.3046172222,-83.6920836111,21.0,7.01999998093,1391.0,24.7058830261,,,,,,,,,0.78125,,-1.5625,
139.199214009,123,1884,221400,42.3046172222,-83.6920836111,22.0,7.01999998093,1391.0,14.9019613266,,,,,,,,,-2.34375,,-1.5625,
139.199214009,123,1884,222400,42.3046172222,-83.6920836111,21.0,7.01999998093,1391.0,14.9019613266,,,,,,,,,-2.34375,,-1.5625,
139.199214009,123,1884,222700,42.3046172222,-83.6920836111,21.0,6.55999994278,1035.0,14.9019613266,,,,,,,,,-2.34375,,-1.5625,
139.199214009,123,1884,223500,42.3046172222,-83.6920836111,20.0,6.55999994278,1035.0,14.9019613266,,,,,,,,,-2.34375,,-1.5625,
139.199214009,123,1884,224000,42.304625,-83.6922758333,20.0,6.55999994278,1035.0,14.9019613266,,,,,,,,,-2.34375,,-1.5625,
139.199214009,123,1884,224800,42.304625,-83.6922758333,21.0,10.3699998856,1821.0,14.9019613266,,,,,,,,,-2.34375,,-1.5625,
139.199214009,123,1884,225900,42.304625,-83.6922758333,22.0,10.3699998856,1821.0,14.9019613266,,,,,,,,,-2.34375,,-1.5625,
139.199214009,123,1884,226400,42.304625,-83.6922758333,22.0,10.3699998856,1821.0,14.9019613266,,,,,,,,,-3.90625,,-1.5625,
139.199214009,123,1884,226900,42.3047763889,-83.6923461111,21.0,4.67000007629,1129.0,28.235294342,,,,,,,,,-3.90625,,-1.5625,
139.199214009,123,1884,228000,42.3047763889,-83.6923461111,19.0,4.67000007629,1129.0,28.235294342,,,,,,,,,-3.90625,,-1.5625,
139.199214009,123,1884,229000,42.3047763889,-83.6923461111,18.0,4.0,1219.0,28.235294342,,,,,,,,,-3.90625,,-1.5625,
139.199214009,123,1884,230400,42.3047763889,-83.6923461111,17.0,4.0,1219.0,28.235294342,,,,,,,,,-3.90625,,-1.5625,
139.199214009,123,1884,230900,42.3049186111,-83.6922291667,17.0,4.0,1219.0,28.235294342,,,,,,,,,-3.90625,,-1.5625,
139.199214009,123,1884,231500,42.3049186111,-83.6922291667,18.0,6.51000022888,1402.0,28.235294342,,,,,,,,,-2.34375,,-1.5625,
139.199214009,123,1884,231900,42.3049186111,-83.6922291667,18.0,6.51000022888,1402.0,18.0392150879,,,,,,,,,-2.34375,,-1.5625,
139.199214009,123,1884,233500,42.3049186111,-83.6922291667,18.0,3.93000006676,919.0,18.0392150879,,,,,,,,,-2.34375,,-1.5625,
139.199214009,123,1884,233900,42.3049691667,-83.6920641667,18.0,3.93000006676,919.0,18.0392150879,,,,,,,,,-2.34375,,-1.5625,
139.199214009,123,1884,234800,42.3049691667,-83.6920641667,17.0,3.93000006676,919.0,18.0392150879,,,,,,,,,-2.34375,,-1.5625,
139.199214009,123,1884,235800,42.3049691667,-83.6920641667,15.0,3.21000003815,863.0,18.0392150879,,,,,,,,,-2.34375,,-1.5625,
139.199214009,123,1884,236800,42.3049691667,-83.6920641667,15.0,3.21000003815,863.0,18.0392150879,,,,,,,,,-3.90625,,-1.5625,
139.199214009,123,1884,236900,42.3049722222,-83.6919125,15.0,3.21000003815,863.0,25.882352829,,,,,,,,,-3.90625,,-1.5625,
139.199214009,123,1884,237800,42.3049722222,-83.6919125,15.0,6.17999982834,916.0,25.882352829,,,,,,,,,-3.90625,,-1.5625,
139.199214009,123,1884,237900,42.3049722222,-83.6919125,14.0,6.17999982834,916.0,25.882352829,,,,,,,,,-3.90625,,-1.5625,
139.199214009,123,1884,238900,42.3049722222,-83.6919125,12.0,6.17999982834,916.0,25.882352829,,,,,,,,,-3.90625,,-1.5625,
139.199214009,123,1884,239800,42.3049722222,-83.6919125,12.0,3.72000002861,882.0,25.882352829,,,,,,,,,-3.90625,,-1.5625,
139.199214009,123,1884,240000,42.3049144444,-83.6918333333,12.0,3.72000002861,882.0,25.882352829,,,,,,,,,-3.90625,,-1.5625,
139.199214009,123,1884,240400,42.3049144444,-83.6918333333,10.0,3.72000002861,882.0,25.882352829,,,,,,,,,-3.90625,,-1.5625,
139.199214009,123,1884,241400,42.3049144444,-83.6918333333,7.0,3.72000002861,882.0,25.882352829,,,,,,,,,-3.90625,,-1.5625,
139.199214009,123,1884,242000,42.3049144444,-83.6918333333,7.0,3.6099998951,918.0,21.1764717102,,,,,,,,,-2.34375,,-1.5625,
139.199214009,123,1884,242800,42.3049144444,-83.6918333333,5.0,3.6099998951,918.0,21.1764717102,,,,,,,,,-2.34375,,-1.5625,
139.199214009,123,1884,242900,42.3049144444,-83.6918333333,5.0,3.6099998951,918.0,21.1764717102,,,,,,,,,-2.34375,,-2.34375,
139.199214009,123,1884,243000,42.3048702778,-83.6918152778,5.0,3.6099998951,918.0,21.1764717102,,,,,,,,,-2.34375,,-2.34375,
139.199214009,123,1884,243800,42.3048702778,-83.6918152778,4.0,3.6099998951,918.0,21.1764717102,,,,,,,,,-2.34375,,-2.34375,
139.199214009,123,1884,244000,42.3048702778,-83.6918152778,4.0,3.46000003815,735.0,21.1764717102,,,,,,,,,-2.34375,,-2.34375,
139.199214009,123,1884,246000,42.3048702778,-83.6918152778,4.0,6.34000015259,764.0,21.1764717102,,,,,,,,,-2.34375,,-2.34375,
139.199214009,123,1884,246100,42.3048702778,-83.6918152778,4.0,3.75,894.0,21.1764717102,,,,,,,,,-2.34375,,-2.34375,
139.199214009,123,1884,246200,42.3048702778,-83.6918152778,4.0,3.75,894.0,22.745098114,,,,,,,,,-2.34375,,-2.34375,
139.199214009,123,1884,247300,42.3048702778,-83.6918152778,4.0,3.75,894.0,22.745098114,,,,,,,,,1.5625,,-2.34375,
139.199214009,123,1884,248500,42.3048702778,-83.6918152778,0.0,3.75,894.0,22.745098114,,,,,,,,,1.5625,,-2.34375,
139.199214009,123,1884,250500,42.3048702778,-83.6918152778,0.0,3.75,841.0,22.745098114,,,,,,,,,1.5625,,-2.34375,
139.199214009,123,1884,251400,42.3048702778,-83.6918152778,0.0,3.21000003815,841.0,25.0980396271,,,,,,,,,1.5625,,-2.34375,
139.199214009,123,1884,252500,42.3048702778,-83.6918152778,0.0,3.21000003815,736.0,25.0980396271,,,,,,,,,1.5625,,-2.34375,
139.199214009,123,1884,254800,42.3048702778,-83.6918152778,0.0,3.21000003815,727.0,25.0980396271,,,,,,,,,1.5625,,-2.34375,
139.199214009,123,1884,256400,42.3048702778,-83.6918152778,0.0,3.01999998093,727.0,24.3137264252,,,,,,,,,1.5625,,-2.34375,
139.199214009,123,1884,256900,42.3048702778,-83.6918152778,0.0,3.01999998093,732.0,24.3137264252,,,,,,,,,1.5625,,-2.34375,
139.199214009,123,1884,257900,42.3048702778,-83.6918152778,0.0,3.01999998093,732.0,24.3137264252,,,,,,,,,-2.34375,,-2.34375,
139.199214009,123,1884,259300,42.3048702778,-83.6918152778,0.0,3.01999998093,725.0,24.3137264252,,,,,,,,,-2.34375,,-2.34375,
139.199214009,123,1884,261400,42.3048702778,-83.6918152778,0.0,3.13000011444,723.0,23.137254715,,,,,,,,,-2.34375,,-2.34375,
139.199214009,123,1884,263400,42.3048702778,-83.6918152778,0.0,3.13000011444,719.0,23.137254715,,,,,,,,,-2.34375,,-2.34375,
139.199214009,123,1884,265900,42.3048702778,-83.6918152778,0.0,3.13000011444,715.0,23.137254715,,,,,,,,,-2.34375,,-2.34375,
139.199214009,123,1884,267000,42.3048702778,-83.6918152778,0.0,3.17000007629,715.0,23.5294113159,,,,,,,,,-2.34375,,-2.34375,
139.199214009,123,1884,268100,42.3048702778,-83.6918152778,0.0,3.17000007629,718.0,23.5294113159,,,,,,,,,-2.34375,,-2.34375,
139.199214009,123,1884,268400,42.3048702778,-83.6918152778,0.0,3.17000007629,718.0,23.5294113159,,,,,,,,,-1.5625,,-2.34375,
139.199214009,123,1884,270100,42.3048702778,-83.6918152778,0.0,3.17000007629,712.0,23.5294113159,,,,,,,,,-1.5625,,-2.34375,
139.199214009,123,1884,272000,42.3048702778,-83.6918152778,0.0,3.05999994278,712.0,23.5294113159,,,,,,,,,-1.5625,,-2.34375,
139.199214009,123,1884,272100,42.3048702778,-83.6918152778,0.0,3.05999994278,709.0,23.5294113159,,,,,,,,,-1.5625,,-2.34375,
139.199214009,123,1884,273000,42.3048983333,-83.6917294444,0.0,3.05999994278,709.0,23.5294113159,,,,,,,,,-1.5625,,-2.34375,
139.199214009,123,1884,274100,42.3048983333,-83.6917294444,0.0,3.05999994278,708.0,23.5294113159,,,,,,,,,-1.5625,,-2.34375,
139.199214009,123,1884,276400,42.3048983333,-83.6917294444,0.0,3.05999994278,711.0,23.5294113159,,,,,,,,,-1.5625,,-2.34375,
139.199214009,123,1884,277400,42.3048983333,-83.6917294444,0.0,2.81999993324,711.0,23.137254715,,,,,,,,,-1.5625,,-2.34375,
139.199214009,123,1884,278400,42.3048983333,-83.6917294444,0.0,2.81999993324,710.0,23.137254715,,,,,,,,,-1.5625,,-2.34375,
139.199214009,123,1884,280400,42.3048983333,-83.6917294444,0.0,2.81999993324,709.0,23.137254715,,,,,,,,,-1.5625,,-2.34375,
139.199214009,123,1884,282400,42.3048983333,-83.6917294444,0.0,3.01999998093,712.0,23.137254715,,,,,,,,,-1.5625,,-2.34375,
139.199214009,123,1884,284400,42.3048983333,-83.6917294444,0.0,3.01999998093,710.0,23.137254715,,,,,,,,,-1.5625,,-2.34375,
139.199214009,123,1884,286700,42.3048983333,-83.6917294444,0.0,3.01999998093,711.0,23.137254715,,,,,,,,,-1.5625,,-2.34375,
139.199214009,123,1884,287700,42.3048983333,-83.6917294444,0.0,2.81999993324,711.0,23.5294113159,,,,,,,,,-1.5625,,-2.34375,
139.199214009,123,1884,288800,42.3048983333,-83.6917294444,0.0,2.81999993324,712.0,23.5294113159,,,,,,,,,-1.5625,,-2.34375,
139.199214009,123,1884,289000,42.3048983333,-83.6917294444,0.0,2.81999993324,712.0,23.5294113159,,,,,,,,,-1.5625,,-2.34375,
139.199214009,123,1884,290800,42.3048983333,-83.6917294444,0.0,2.81999993324,709.0,23.5294113159,,,,,,,,,-1.5625,,-2.34375,
139.199214009,123,1884,292700,42.3048983333,-83.6917294444,0.0,2.93000006676,709.0,23.137254715,,,,,,,,,-1.5625,,-2.34375,
139.199214009,123,1884,293200,42.3048983333,-83.6917294444,0.0,2.93000006676,714.0,23.137254715,,,,,,,,,-1.5625,,-2.34375,
139.199214009,123,1884,295200,42.3048983333,-83.6917294444,0.0,2.93000006676,713.0,23.137254715,,,,,,,,,-1.5625,,-2.34375,
139.199214009,123,1884,297200,42.3048983333,-83.6917294444,0.0,2.93000006676,714.0,23.137254715,,,,,,,,,-1.5625,,-2.34375,
139.199214009,123,1884,298300,42.3048983333,-83.6917294444,0.0,2.90000009537,714.0,23.137254715,,,,,,,,,-1.5625,,-2.34375,
139.199214009,123,1884,299300,42.3048983333,-83.6917294444,0.0,2.90000009537,710.0,23.137254715,,,,,,,,,-1.5625,,-2.34375,
139.199214009,123,1884,301600,42.3048983333,-83.6917294444,0.0,2.90000009537,715.0,23.137254715,,,,,,,,,-1.5625,,-2.34375,
139.199214009,123,1884,303300,42.3048983333,-83.6917294444,0.0,2.81999993324,715.0,23.5294113159,,,,,,,,,-1.5625,,-2.34375,
139.199214009,123,1884,303600,42.3048983333,-83.6917294444,0.0,2.81999993324,716.0,23.5294113159,,,,,,,,,-1.5625,,-2.34375,
139.199214009,123,1884,304100,42.3048866667,-83.6917283333,0.0,2.81999993324,716.0,23.5294113159,,,,,,,,,-1.5625,,-2.34375,
139.199214009,123,1884,305600,42.3048866667,-83.6917283333,0.0,2.81999993324,713.0,23.5294113159,,,,,,,,,-1.5625,,-2.34375,
139.199214009,123,1884,307800,42.3048866667,-83.6917283333,0.0,2.81999993324,704.0,23.5294113159,,,,,,,,,-1.5625,,-2.34375,
139.199214009,123,1884,308600,42.3048866667,-83.6917283333,0.0,2.83999991417,704.0,23.137254715,,,,,,,,,-1.5625,,-2.34375,
139.199214009,123,1884,310000,42.3048866667,-83.6917283333,0.0,2.83999991417,716.0,23.137254715,,,,,,,,,-1.5625,,-2.34375,
139.199214009,123,1884,312100,42.3048866667,-83.6917283333,0.0,2.83999991417,708.0,23.137254715,,,,,,,,,-1.5625,,-2.34375,
139.199214009,123,1884,313700,42.3048866667,-83.6917283333,0.0,2.81999993324,708.0,23.137254715,,,,,,,,,-1.5625,,-2.34375,
139.199214009,123,1884,314500,42.3048866667,-83.6917283333,0.0,2.81999993324,706.0,23.137254715,,,,,,,,,-1.5625,,-2.34375,
139.199214009,123,1884,316600,42.3048866667,-83.6917283333,0.0,2.81999993324,705.0,23.137254715,,,,,,,,,-1.5625,,-2.34375,
139.199214009,123,1884,318600,42.3048866667,-83.6917283333,0.0,2.81999993324,709.0,23.137254715,,,,,,,,,-1.5625,,-2.34375,
139.199214009,123,1884,319200,42.3048866667,-83.6917283333,0.0,2.93000006676,709.0,23.137254715,,,,,,,,,-1.5625,,-2.34375,
139.199214009,123,1884,321000,42.3048866667,-83.6917283333,0.0,2.93000006676,714.0,23.137254715,,,,,,,,,-1.5625,,-2.34375,
139.199214009,123,1884,323100,42.3048866667,-83.6917283333,0.0,2.93000006676,709.0,23.137254715,,,,,,,,,-1.5625,,-2.34375,
139.199214009,123,1884,324700,42.3048866667,-83.6917283333,0.0,3.05999994278,709.0,23.137254715,,,,,,,,,-1.5625,,-2.34375,
139.199214009,123,1884,325500,42.3048866667,-83.6917283333,0.0,3.05999994278,713.0,23.137254715,,,,,,,,,-1.5625,,-2.34375,
139.199214009,123,1884,327600,42.3048866667,-83.6917283333,0.0,3.05999994278,714.0,23.137254715,,,,,,,,,-1.5625,,-2.34375,
139.199214009,123,1884,329700,42.3048866667,-83.6917283333,0.0,3.05999994278,712.0,23.137254715,,,,,,,,,-1.5625,,-2.34375,
139.199214009,123,1884,330200,42.3048866667,-83.6917283333,0.0,2.90000009537,712.0,23.137254715,,,,,,,,,-1.5625,,-2.34375,
139.199214009,123,1884,333900,42.3048708333,-83.6917091667,0.0,2.90000009537,712.0,23.137254715,,,,,,,,,-1.5625,,-2.34375,
139.199214009,123,1884,335300,42.3048708333,-83.6917091667,0.0,2.81999993324,712.0,23.137254715,,,,,,,,,-1.5625,,-2.34375,
139.199214009,123,1884,336700,42.3048708333,-83.6917091667,0.0,2.81999993324,710.0,23.137254715,,,,,,,,,-1.5625,,-2.34375,
139.199214009,123,1884,338900,42.3048708333,-83.6917091667,0.0,2.81999993324,701.0,23.137254715,,,,,,,,,-1.5625,,-3.125,
139.199214009,123,1884,340300,42.3048708333,-83.6917091667,0.0,2.83999991417,701.0,23.137254715,,,,,,,,,-1.5625,,-3.125,
139.199214009,123,1884,340900,42.3048708333,-83.6917091667,0.0,2.83999991417,706.0,23.137254715,,,,,,,,,-1.5625,,-3.125,
139.199214009,123,1884,341100,42.3048708333,-83.6917091667,0.0,2.83999991417,706.0,23.137254715,,,,,,,,,-0.78125,,-3.125,
139.199214009,123,1884,342900,42.3048708333,-83.6917091667,0.0,2.83999991417,707.0,23.137254715,,,,,,,,,-0.78125,,-3.125,
139.199214009,123,1884,344900,42.3048708333,-83.6917091667,0.0,2.83999991417,709.0,23.137254715,,,,,,,,,-0.78125,,-3.125,
139.199214009,123,1884,347200,42.3048708333,-83.6917091667,0.0,2.83999991417,715.0,23.137254715,,,,,,,,,-0.78125,,-3.125,
139.199214009,123,1884,349200,42.3048708333,-83.6917091667,0.0,2.83999991417,710.0,23.137254715,,,,,,,,,-0.78125,,-3.125,
139.199214009,123,1884,350800,42.3048708333,-83.6917091667,0.0,3.01999998093,710.0,23.137254715,,,,,,,,,-0.78125,,-3.125,
139.199214009,123,1884,351300,42.3048708333,-83.6917091667,0.0,3.01999998093,707.0,23.137254715,,,,,,,,,-0.78125,,-3.125,
139.199214009,123,1884,353700,42.3048708333,-83.6917091667,0.0,3.01999998093,708.0,23.137254715,,,,,,,,,-0.78125,,-3.125,
139.199214009,123,1884,355700,42.3048708333,-83.6917091667,0.0,3.01999998093,715.0,23.137254715,,,,,,,,,-0.78125,,-3.125,
139.199214009,123,1884,355900,42.3048708333,-83.6917091667,0.0,2.81999993324,715.0,23.137254715,,,,,,,,,-0.78125,,-3.125,
139.199214009,123,1884,357800,42.3048708333,-83.6917091667,0.0,2.81999993324,712.0,23.137254715,,,,,,,,,-0.78125,,-3.125,
139.199214009,123,1884,359900,42.3048708333,-83.6917091667,0.0,2.81999993324,714.0,23.137254715,,,,,,,,,-0.78125,,-3.125,
139.199214009,123,1884,362000,42.3048708333,-83.6917091667,0.0,2.81999993324,712.0,23.137254715,,,,,,,,,-0.78125,,-3.125,
139.199214009,123,1884,364000,42.3049397222,-83.6916986111,0.0,2.81999993324,712.0,23.137254715,,,,,,,,,-0.78125,,-3.125,
139.199214009,123,1884,364400,42.3049397222,-83.6916986111,0.0,2.81999993324,708.0,23.137254715,,,,,,,,,-0.78125,,-3.125,
139.199214009,123,1884,366400,42.3049397222,-83.6916986111,0.0,2.83999991417,711.0,23.137254715,,,,,,,,,-0.78125,,-3.125,
139.199214009,123,1884,368600,42.3049397222,-83.6916986111,0.0,2.83999991417,716.0,23.137254715,,,,,,,,,-0.78125,,-3.125,
139.199214009,123,1884,370900,42.3049397222,-83.6916986111,0.0,2.83999991417,712.0,23.137254715,,,,,,,,,-0.78125,,-3.125,
139.199214009,123,1884,372000,42.3049397222,-83.6916986111,0.0,2.96000003815,712.0,23.137254715,,,,,,,,,-0.78125,,-3.125,
139.199214009,123,1884,373100,42.3049397222,-83.6916986111,0.0,2.96000003815,713.0,23.137254715,,,,,,,,,-0.78125,,-3.125,
139.199214009,123,1884,375100,42.3049397222,-83.6916986111,0.0,2.96000003815,702.0,23.137254715,,,,,,,,,-0.78125,,-3.125,
139.199214009,123,1884,377000,42.3049397222,-83.6916986111,0.0,3.09999990463,702.0,23.137254715,,,,,,,,,-0.78125,,-3.125,
139.199214009,123,1884,377100,42.3049397222,-83.6916986111,0.0,3.09999990463,710.0,23.137254715,,,,,,,,,-0.78125,,-3.125,
139.199214009,123,1884,379300,42.3049397222,-83.6916986111,0.0,3.09999990463,715.0,23.137254715,,,,,,,,,-0.78125,,-3.125,
139.199214009,123,1884,381400,42.3049397222,-83.6916986111,0.0,3.09999990463,713.0,23.137254715,,,,,,,,,-0.78125,,-3.125,
139.199214009,123,1884,382400,42.3049397222,-83.6916986111,0.0,2.81999993324,713.0,23.137254715,,,,,,,,,-0.78125,,-3.125,
139.199214009,123,1884,383400,42.3049397222,-83.6916986111,0.0,2.81999993324,710.0,23.137254715,,,,,,,,,-0.78125,,-3.125,
139.199214009,123,1884,385800,42.3049397222,-83.6916986111,0.0,2.81999993324,712.0,23.137254715,,,,,,,,,-0.78125,,-3.125,
139.199214009,123,1884,387900,42.3049397222,-83.6916986111,0.0,2.96000003815,714.0,23.137254715,,,,,,,,,-0.78125,,-3.125,
139.199214009,123,1884,390300,42.3049397222,-83.6916986111,0.0,2.96000003815,710.0,23.137254715,,,,,,,,,-0.78125,,-3.125,
139.199214009,123,1884,392400,42.3049397222,-83.6916986111,0.0,2.96000003815,706.0,23.137254715,,,,,,,,,-0.78125,,-3.125,
139.199214009,123,1884,392900,42.3049397222,-83.6916986111,0.0,3.09999990463,706.0,23.137254715,,,,,,,,,-0.78125,,-3.125,
139.199214009,123,1884,393900,42.3049366667,-83.6916911111,0.0,3.09999990463,706.0,23.137254715,,,,,,,,,-0.78125,,-3.125,
139.199214009,123,1884,394500,42.3049366667,-83.6916911111,0.0,3.09999990463,708.0,23.137254715,,,,,,,,,-0.78125,,-3.125,
139.199214009,123,1884,396900,42.3049366667,-83.6916911111,0.0,3.09999990463,710.0,23.137254715,,,,,,,,,-0.78125,,-3.125,
139.199214009,123,1884,398000,42.3049366667,-83.6916911111,0.0,3.17000007629,710.0,23.5294113159,,,,,,,,,-0.78125,,-3.125,
139.199214009,123,1884,399000,42.3049366667,-83.6916911111,0.0,3.17000007629,711.0,23.5294113159,,,,,,,,,-0.78125,,-3.125,
139.199214009,123,1884,401100,42.3049366667,-83.6916911111,0.0,3.17000007629,709.0,23.5294113159,,,,,,,,,-0.78125,,-3.125,
139.199214009,123,1884,403000,42.3049366667,-83.6916911111,0.0,2.81999993324,709.0,23.137254715,,,,,,,,,-0.78125,,-3.125,
139.199214009,123,1884,403100,42.3049366667,-83.6916911111,0.0,2.81999993324,706.0,23.137254715,,,,,,,,,-0.78125,,-3.125,
139.199214009,123,1884,407100,42.3049366667,-83.6916911111,0.0,2.81999993324,715.0,23.137254715,,,,,,,,,-0.78125,,-3.125,
139.199214009,123,1884,408100,42.3049366667,-83.6916911111,0.0,2.93000006676,715.0,23.137254715,,,,,,,,,-0.78125,,-3.125,
139.199214009,123,1884,409100,42.3049366667,-83.6916911111,0.0,2.93000006676,710.0,23.137254715,,,,,,,,,-0.78125,,-3.125,
139.199214009,123,1884,411400,42.3049366667,-83.6916911111,0.0,2.93000006676,713.0,23.137254715,,,,,,,,,-0.78125,,-3.125,
139.199214009,123,1884,413400,42.3049366667,-83.6916911111,0.0,3.01999998093,710.0,22.745098114,,,,,,,,,-0.78125,,-3.125,
139.199214009,123,1884,415500,42.3049366667,-83.6916911111,0.0,3.01999998093,706.0,22.745098114,,,,,,,,,-0.78125,,-3.125,
139.199214009,123,1884,417500,42.3049366667,-83.6916911111,0.0,3.01999998093,704.0,22.745098114,,,,,,,,,-0.78125,,-3.125,
139.199214009,123,1884,418400,42.3049366667,-83.6916911111,0.0,3.09999990463,704.0,23.5294113159,,,,,,,,,0.0,,-3.125,
139.199214009,123,1884,419500,42.3049366667,-83.6916911111,0.0,3.09999990463,710.0,23.5294113159,,,,,,,,,0.0,,-3.125,
139.199214009,123,1884,421500,42.3049366667,-83.6916911111,0.0,3.09999990463,711.0,23.5294113159,,,,,,,,,0.0,,-3.125,
139.199214009,123,1884,423900,42.3049366667,-83.6916911111,0.0,3.05999994278,708.0,23.137254715,,,,,,,,,0.0,,-3.125,
139.199214009,123,1884,424900,42.3049308333,-83.6917491667,0.0,3.05999994278,708.0,23.137254715,,,,,,,,,0.0,,-3.125,
139.199214009,123,1884,426000,42.3049308333,-83.6917491667,0.0,3.05999994278,709.0,23.137254715,,,,,,,,,0.0,,-3.125,
139.199214009,123,1884,428400,42.3049308333,-83.6917491667,0.0,3.05999994278,708.0,23.137254715,,,,,,,,,0.0,,-3.125,
139.199214009,123,1884,430800,42.3049308333,-83.6917491667,0.0,3.05999994278,707.0,23.137254715,,,,,,,,,0.0,,-3.125,
139.199214009,123,1884,432700,42.3049308333,-83.6917491667,0.0,3.05999994278,711.0,23.137254715,,,,,,,,,0.0,,-3.125,
139.199214009,123,1884,433900,42.3049308333,-83.6917491667,0.0,2.93000006676,711.0,23.137254715,,,,,,,,,0.0,,-3.125,
139.199214009,123,1884,436700,42.3049308333,-83.6917491667,0.0,2.93000006676,712.0,23.137254715,,,,,,,,,0.0,,-3.125,
139.199214009,123,1884,439000,42.3049308333,-83.6917491667,0.0,3.09999990463,713.0,23.137254715,,,,,,,,,0.0,,-3.125,
139.199214009,123,1884,441200,42.3049308333,-83.6917491667,0.0,3.09999990463,710.0,23.137254715,,,,,,,,,0.0,,-3.125,
139.199214009,123,1884,443400,42.3049308333,-83.6917491667,0.0,3.09999990463,711.0,23.137254715,,,,,,,,,0.0,,-3.125,
139.199214009,123,1884,444000,42.3049308333,-83.6917491667,0.0,2.81999993324,711.0,23.137254715,,,,,,,,,0.0,,-3.125,
139.199214009,123,1884,449000,42.3049308333,-83.6917491667,0.0,3.13000011444,711.0,23.137254715,,,,,,,,,0.0,,-3.125,
139.199214009,123,1884,450300,42.3049308333,-83.6917491667,0.0,3.13000011444,713.0,23.137254715,,,,,,,,,0.0,,-3.125,
139.199214009,123,1884,452400,42.3049308333,-83.6917491667,0.0,3.13000011444,715.0,23.137254715,,,,,,,,,0.0,,-3.125,
139.199214009,123,1884,454500,42.3049308333,-83.6917491667,0.0,2.90000009537,705.0,23.137254715,,,,,,,,,0.0,,-3.125,
139.199214009,123,1884,455000,42.3049377778,-83.6917052778,0.0,2.90000009537,705.0,23.137254715,,,,,,,,,0.0,,-3.125,
139.199214009,123,1884,456900,42.3049377778,-83.6917052778,0.0,2.90000009537,709.0,23.137254715,,,,,,,,,0.0,,-3.125,
139.199214009,123,1884,459000,42.3049377778,-83.6917052778,0.0,2.90000009537,710.0,23.137254715,,,,,,,,,0.0,,-3.125,
139.199214009,123,1884,460000,42.3049377778,-83.6917052778,0.0,2.93000006676,710.0,22.745098114,,,,,,,,,0.0,,-3.125,
139.199214009,123,1884,461400,42.3049377778,-83.6917052778,0.0,2.93000006676,724.0,22.745098114,,,,,,,,,0.0,,-3.125,
139.199214009,123,1884,463800,42.3049377778,-83.6917052778,0.0,2.93000006676,714.0,22.745098114,,,,,,,,,0.0,,-3.125,
139.199214009,123,1884,465000,42.3049377778,-83.6917052778,0.0,2.99000000954,714.0,22.745098114,,,,,,,,,0.0,,-3.125,
139.199214009,123,1884,465800,42.3049377778,-83.6917052778,0.0,2.99000000954,704.0,22.745098114,,,,,,,,,0.0,,-3.125,
139.199214009,123,1884,468200,42.3049377778,-83.6917052778,0.0,2.99000000954,705.0,22.745098114,,,,,,,,,0.0,,-3.125,
139.199214009,123,1884,469300,42.3049377778,-83.6917052778,0.0,2.99000000954,705.0,22.745098114,,,,,,,,,0.0,,-3.125,
139.199214009,123,1884,470300,42.3049377778,-83.6917052778,0.0,2.93000006676,708.0,22.745098114,,,,,,,,,-2.34375,,-3.125,
139.199214009,123,1884,472700,42.3049377778,-83.6917052778,0.0,2.93000006676,707.0,22.745098114,,,,,,,,,-2.34375,,-3.125,
139.199214009,123,1884,475000,42.3049377778,-83.6917052778,0.0,2.93000006676,705.0,22.745098114,,,,,,,,,-2.34375,,-3.125,
139.199214009,123,1884,475300,42.3049377778,-83.6917052778,0.0,2.93000006676,705.0,23.137254715,,,,,,,,,-3.125,,-3.125,
139.199214009,123,1884,477100,42.3048808333,-83.6917177778,0.0,2.93000006676,705.0,23.137254715,,,,,,,,,-3.125,,-3.125,
139.199214009,123,1884,477400,42.3048808333,-83.6917177778,0.0,2.93000006676,706.0,23.137254715,,,,,,,,,-3.125,,-3.125,
139.199214009,123,1884,477500,42.3048808333,-83.6917177778,0.0,2.93000006676,833.0,23.137254715,,,,,,,,,-3.125,,-3.125,
139.199214009,123,1884,477600,42.3048808333,-83.6917177778,0.0,3.46000003815,833.0,23.137254715,,,,,,,,,-3.125,,-3.125,
139.199214009,123,1884,477700,42.3048808333,-83.6917177778,0.0,3.46000003815,833.0,21.5686283112,,,,,,,,,-3.125,,-3.125,
139.199214009,123,1884,478800,42.3048808333,-83.6917177778,0.0,3.46000003815,833.0,21.5686283112,,,,,,,,,-1.5625,,-3.125,
139.199214009,123,1884,479900,42.3048686111,-83.6917277778,0.0,3.46000003815,833.0,21.5686283112,,,,,,,,,-1.5625,,-3.125,
139.199214009,123,1884,480000,42.3048686111,-83.6917277778,7.0,3.46000003815,833.0,21.5686283112,,,,,,,,,-1.5625,,-3.125,
139.199214009,123,1884,481900,42.3048686111,-83.6917277778,7.0,4.44999980927,1101.0,21.5686283112,,,,,,,,,-1.5625,,-3.125,
139.199214009,123,1884,482000,42.3048686111,-83.6917277778,8.0,4.44999980927,1101.0,21.5686283112,,,,,,,,,-1.5625,,-3.125,
139.199214009,123,1884,482800,42.3048686111,-83.6917277778,8.0,4.44999980927,1101.0,23.9215698242,,,,,,,,,-1.5625,,-3.125,
139.199214009,123,1884,483000,42.3047905556,-83.6917488889,8.0,4.44999980927,1101.0,23.9215698242,,,,,,,,,-1.5625,,-3.125,
139.199214009,123,1884,483100,42.3047905556,-83.6917488889,10.0,4.44999980927,1101.0,23.9215698242,,,,,,,,,-1.5625,,-3.125,
139.199214009,123,1884,484400,42.3047905556,-83.6917488889,12.0,3.57999992371,1410.0,23.9215698242,,,,,,,,,-1.5625,,-3.125,
139.199214009,123,1884,486400,42.3047905556,-83.6917488889,12.0,3.31999993324,958.0,23.9215698242,,,,,,,,,-1.5625,,-3.125,
139.199214009,123,1884,486500,42.3047905556,-83.6917488889,10.0,3.31999993324,958.0,23.9215698242,,,,,,,,,-1.5625,,-3.125,
139.199214009,123,1884,487000,42.3046602778,-83.6917880556,10.0,3.31999993324,958.0,23.9215698242,,,,,,,,,-1.5625,,-3.125,
139.199214009,123,1884,487500,42.3046602778,-83.6917880556,9.0,3.31999993324,958.0,23.9215698242,,,,,,,,,-1.5625,,-3.125,
139.199214009,123,1884,488400,42.3046602778,-83.6917880556,9.0,6.61999988556,1501.0,24.3137264252,,,,,,,,,-1.5625,,-3.125,
139.199214009,123,1884,488600,42.3046602778,-83.6917880556,11.0,6.61999988556,1501.0,24.3137264252,,,,,,,,,-1.5625,,-3.125,
139.199214009,123,1884,489400,42.3046602778,-83.6917880556,11.0,6.61999988556,1501.0,24.3137264252,,,,,,,,,0.0,,-3.125,
139.199214009,123,1884,489900,42.3045925,-83.6918758333,11.0,6.61999988556,1501.0,24.3137264252,,,,,,,,,0.0,,-3.125,
139.199214009,123,1884,490000,42.3045925,-83.6918758333,13.0,6.61999988556,1501.0,24.3137264252,,,,,,,,,0.0,,-3.125,
139.199214009,123,1884,490800,42.3045925,-83.6918758333,13.0,9.72999954224,1821.0,24.3137264252,,,,,,,,,0.0,,-3.125,
139.199214009,123,1884,491000,42.3045925,-83.6918758333,15.0,9.72999954224,1821.0,24.3137264252,,,,,,,,,0.0,,-3.125,
139.199214009,123,1884,492000,42.3045925,-83.6918758333,16.0,9.72999954224,1821.0,24.3137264252,,,,,,,,,0.0,,-3.125,
139.199214009,123,1884,492800,42.3045925,-83.6918758333,16.0,9.93999958038,1526.0,24.3137264252,,,,,,,,,0.0,,-3.125,
139.199214009,123,1884,493000,42.3045411111,-83.6920627778,16.0,9.93999958038,1526.0,24.3137264252,,,,,,,,,0.0,,-3.125,
139.199214009,123,1884,493100,42.3045411111,-83.6920627778,19.0,9.93999958038,1526.0,24.3137264252,,,,,,,,,0.0,,-3.125,
139.199214009,123,1884,493900,42.3045411111,-83.6920627778,19.0,9.93999958038,1526.0,35.6862754822,,,,,,,,,0.0,,-3.125,
139.199214009,123,1884,494100,42.3045411111,-83.6920627778,21.0,9.93999958038,1526.0,35.6862754822,,,,,,,,,0.0,,-3.125,
139.199214009,123,1884,494900,42.3045411111,-83.6920627778,21.0,3.53999996185,1313.0,35.6862754822,,,,,,,,,-1.5625,,-3.125,
139.199214009,123,1884,495500,42.3045411111,-83.6920627778,22.0,3.53999996185,1313.0,35.6862754822,,,,,,,,,-1.5625,,-3.125,
139.199214009,123,1884,496500,42.3045411111,-83.6920627778,20.0,3.53999996185,1313.0,35.6862754822,,,,,,,,,-1.5625,,-3.125,
139.199214009,123,1884,496900,42.3044711111,-83.6923475,20.0,3.53999996185,1313.0,35.6862754822,,,,,,,,,-1.5625,,-3.125,
139.199214009,123,1884,497300,42.3044711111,-83.6923475,20.0,5.36000013351,1398.0,35.6862754822,,,,,,,,,-1.5625,,-3.125,
139.199214009,123,1884,498600,42.3044711111,-83.6923475,19.0,5.36000013351,1398.0,35.6862754822,,,,,,,,,-1.5625,,-3.125,
139.199214009,123,1884,499400,42.3044711111,-83.6923475,19.0,3.09999990463,941.0,20.392156601,,,,,,,,,-1.5625,,-3.125,
139.199214009,123,1884,499600,42.3044711111,-83.6923475,17.0,3.09999990463,941.0,20.392156601,,,,,,,,,-1.5625,,-3.125,
139.199214009,123,1884,499900,42.3044358333,-83.692525,17.0,3.09999990463,941.0,20.392156601,,,,,,,,,-1.5625,,-3.125,
139.199214009,123,1884,500400,42.3044358333,-83.692525,17.0,3.09999990463,941.0,20.392156601,,,,,,,,,-9.375,,-3.125,
139.199214009,123,1884,501000,42.3044358333,-83.692525,11.0,3.09999990463,941.0,20.392156601,,,,,,,,,-9.375,,-3.125,
139.199214009,123,1884,501800,42.3044358333,-83.692525,11.0,6.73000001907,919.0,20.392156601,,,,,,,,,-9.375,,-3.125,
139.199214009,123,1884,502000,42.3044358333,-83.692525,8.0,6.73000001907,919.0,20.392156601,,,,,,,,,-9.375,,-3.125,
139.199214009,123,1884,503000,42.3044569444,-83.6926136111,8.0,6.73000001907,919.0,20.392156601,,,,,,,,,-9.375,,-3.125,
139.199214009,123,1884,503100,42.3044569444,-83.6926136111,11.0,6.73000001907,919.0,20.392156601,,,,,,,,,-9.375,,-3.125,
139.199214009,123,1884,503900,42.3044569444,-83.6926136111,11.0,12.1499996185,1825.0,20.392156601,,,,,,,,,-9.375,,-3.125,
139.199214009,123,1884,504100,42.3044569444,-83.6926136111,14.0,12.1499996185,1825.0,20.392156601,,,,,,,,,-9.375,,-3.125,
139.199214009,123,1884,504900,42.3044569444,-83.6926136111,14.0,12.1499996185,1825.0,32.9411773682,,,,,,,,,-9.375,,-3.125,
139.199214009,123,1884,505100,42.3044569444,-83.6926136111,18.0,12.1499996185,1825.0,32.9411773682,,,,,,,,,-9.375,,-3.125,
139.199214009,123,1884,505500,42.3044569444,-83.6926136111,18.0,12.1499996185,1825.0,32.9411773682,,,,,,,,,-6.25,,-3.125,
139.199214009,123,1884,506000,42.3044569444,-83.6926136111,18.0,6.73000001907,1600.0,32.9411773682,,,,,,,,,-6.25,,-3.125,
139.199214009,123,1884,506500,42.3044569444,-83.6926136111,21.0,6.73000001907,1600.0,32.9411773682,,,,,,,,,-6.25,,-3.125,
139.199214009,123,1884,507000,42.3046177778,-83.6927025,21.0,6.73000001907,1600.0,32.9411773682,,,,,,,,,-6.25,,-3.125,
139.199214009,123,1884,508400,42.3046177778,-83.6927025,21.0,3.31999993324,980.0,32.9411773682,,,,,,,,,-6.25,,-3.125,
139.199214009,123,1884,508500,42.3046177778,-83.6927025,18.0,3.31999993324,980.0,32.9411773682,,,,,,,,,-6.25,,-3.125,
139.199214009,123,1884,509600,42.3046177778,-83.6927025,13.0,3.31999993324,980.0,32.9411773682,,,,,,,,,-6.25,,-3.125,
139.199214009,123,1884,510000,42.3047186111,-83.69276,13.0,3.31999993324,980.0,32.9411773682,,,,,,,,,-6.25,,-3.125,
139.199214009,123,1884,510100,42.3047186111,-83.69276,13.0,3.31999993324,980.0,22.745098114,,,,,,,,,-6.25,,-3.125,
139.199214009,123,1884,510300,42.3047186111,-83.69276,13.0,3.27999997139,708.0,22.745098114,,,,,,,,,-6.25,,-3.125,
139.199214009,123,1884,510500,42.3047186111,-83.69276,13.0,3.27999997139,708.0,22.745098114,,,,,,,,,-7.03125,,-3.125,
139.199214009,123,1884,511100,42.3047186111,-83.69276,3.0,3.27999997139,708.0,22.745098114,,,,,,,,,-7.03125,,-3.125,
139.199214009,123,1884,511800,42.3047186111,-83.69276,3.0,3.27999997139,736.0,22.745098114,,,,,,,,,-7.03125,,-3.125,
139.199214009,123,1884,511900,42.3047186111,-83.69276,3.0,3.3900001049,736.0,22.745098114,,,,,,,,,-7.03125,,-3.125,
139.199214009,123,1884,512000,42.3047186111,-83.69276,3.0,3.3900001049,736.0,24.7058830261,,,,,,,,,-7.03125,,-3.125,
139.199214009,123,1884,513200,42.3047186111,-83.69276,3.0,3.3900001049,736.0,24.7058830261,,,,,,,,,-3.125,,-3.125,
139.199214009,123,1884,514300,42.3047186111,-83.69276,0.0,3.3900001049,736.0,24.7058830261,,,,,,,,,-3.125,,-3.125,
139.199214009,123,1884,516300,42.3047186111,-83.69276,0.0,3.3900001049,725.0,24.7058830261,,,,,,,,,-3.125,,-3.125,
139.199214009,123,1884,517200,42.3047186111,-83.69276,0.0,3.05999994278,725.0,23.9215698242,,,,,,,,,-3.125,,-3.125,
139.199214009,123,1884,518800,42.3047186111,-83.69276,0.0,3.05999994278,723.0,23.9215698242,,,,,,,,,-3.125,,-3.125,
139.199214009,123,1884,522700,42.3047186111,-83.69276,0.0,3.17000007629,723.0,23.137254715,,,,,,,,,-3.125,,-3.125,
139.199214009,123,1884,522800,42.3047186111,-83.69276,0.0,3.17000007629,714.0,23.137254715,,,,,,,,,-3.125,,-3.125,
139.199214009,123,1884,525100,42.3047186111,-83.69276,0.0,3.17000007629,715.0,23.137254715,,,,,,,,,-3.125,,-3.125,
139.199214009,123,1884,526900,42.3047372222,-83.6927547222,0.0,3.17000007629,715.0,23.137254715,,,,,,,,,-3.125,,-3.125,
139.199214009,123,1884,527200,42.3047372222,-83.6927547222,0.0,3.17000007629,730.0,23.137254715,,,,,,,,,-3.125,,-3.125,
139.199214009,123,1884,527500,42.3047372222,-83.6927547222,0.0,3.17000007629,1081.0,23.137254715,,,,,,,,,-3.125,,-3.125,
139.199214009,123,1884,527600,42.3047372222,-83.6927547222,0.0,9.93999958038,1081.0,23.137254715,,,,,,,,,-3.125,,-3.125,
139.199214009,123,1884,527700,42.3047372222,-83.6927547222,0.0,9.93999958038,1081.0,41.5686264038,,,,,,,,,-3.125,,-3.125,
139.199214009,123,1884,528800,42.3047372222,-83.6927547222,0.0,9.93999958038,1081.0,41.5686264038,,,,,,,,,5.46875,,-3.125,
139.199214009,123,1884,529400,42.3047372222,-83.6927547222,0.0,9.93999958038,1081.0,41.5686264038,,,,,,,,,5.46875,,-3.125,
139.199214009,123,1884,529900,42.304805,-83.6927772222,20.0,9.93999958038,1081.0,41.5686264038,,,,,,,,,5.46875,,-3.125,
139.199214009,123,1884,531900,42.304805,-83.6927772222,20.0,12.3699998856,1701.0,41.5686264038,,,,,,,,,5.46875,,-3.125,
139.199214009,123,1884,532000,42.304805,-83.6927772222,23.0,12.3699998856,1701.0,41.5686264038,,,,,,,,,5.46875,,-3.125,
139.199214009,123,1884,532800,42.304805,-83.6927772222,23.0,12.3699998856,1701.0,29.8039226532,,,,,,,,,5.46875,,-3.125,
139.199214009,123,1884,533000,42.3049461111,-83.6929011111,25.0,12.3699998856,1701.0,29.8039226532,,,,,,,,,5.46875,,-3.125,
139.199214009,123,1884,534400,42.3049461111,-83.6929011111,27.0,10.0799999237,1666.0,29.8039226532,,,,,,,,,5.46875,,-3.125,
139.199214009,123,1884,535400,42.3049461111,-83.6929011111,30.0,10.0799999237,1666.0,29.8039226532,,,,,,,,,5.46875,,-3.125,
139.199214009,123,1884,536400,42.3049461111,-83.6929011111,30.0,21.7800006866,1978.0,29.8039226532,,,,,,,,,5.46875,,-3.125,
139.199214009,123,1884,536500,42.3049461111,-83.6929011111,34.0,21.7800006866,1978.0,29.8039226532,,,,,,,,,5.46875,,-3.125,
139.199214009,123,1884,537900,42.3048994444,-83.6934405556,34.0,21.7800006866,1978.0,29.8039226532,,,,,,,,,5.46875,,-3.125,
139.199214009,123,1884,538000,42.3048994444,-83.6934405556,38.0,21.7800006866,1978.0,63.9215698242,,,,,,,,,5.46875,,-3.125,
139.199214009,123,1884,538800,42.3048994444,-83.6934405556,38.0,22.5599994659,2482.0,63.9215698242,,,,,,,,,5.46875,,-3.125,
139.199214009,123,1884,538900,42.3048994444,-83.6934405556,38.0,22.5599994659,2482.0,63.9215698242,,,,,,,,,-1.5625,,-3.125,
139.199214009,123,1884,539400,42.3048994444,-83.6934405556,45.0,22.5599994659,2482.0,63.9215698242,,,,,,,,,-1.5625,,-3.125,
139.199214009,123,1884,540500,42.3048994444,-83.6934405556,50.0,22.5599994659,2482.0,63.9215698242,,,,,,,,,-1.5625,,-3.125,
139.199214009,123,1884,541000,42.3047686111,-83.6939097222,50.0,22.5599994659,2482.0,63.9215698242,,,,,,,,,-1.5625,,-3.125,
139.199214009,123,1884,541300,42.3047686111,-83.6939097222,50.0,19.7299995422,1966.0,63.9215698242,,,,,,,,,-1.5625,,-3.125,
139.199214009,123,1884,541500,42.3047686111,-83.6939097222,52.0,19.7299995422,1966.0,63.9215698242,,,,,,,,,-1.5625,,-3.125,
139.199214009,123,1884,542500,42.3047686111,-83.6939097222,55.0,19.7299995422,1966.0,63.9215698242,,,,,,,,,-1.5625,,-3.125,
139.199214009,123,1884,543400,42.3047686111,-83.6939097222,55.0,17.1200008392,1781.0,54.509803772,,,,,,,,,-1.5625,,-3.125,
139.199214009,123,1884,543600,42.3047686111,-83.6939097222,57.0,17.1200008392,1781.0,54.509803772,,,,,,,,,-1.5625,,-3.125,
139.199214009,123,1884,543900,42.3047686111,-83.6939097222,57.0,17.1200008392,1781.0,54.509803772,,,,,,,,,0.78125,,-3.125,
139.199214009,123,1884,544100,42.3046158333,-83.6944577778,57.0,17.1200008392,1781.0,54.509803772,,,,,,,,,0.78125,,-3.125,
139.199214009,123,1884,545200,42.3046158333,-83.6944577778,58.0,17.1200008392,1781.0,54.509803772,,,,,,,,,0.78125,,-3.125,
139.199214009,123,1884,545400,42.3046158333,-83.6944577778,58.0,15.0900001526,1716.0,54.509803772,,,,,,,,,0.78125,,-3.125,
139.199214009,123,1884,546200,42.3046158333,-83.6944577778,59.0,15.0900001526,1716.0,54.509803772,,,,,,,,,0.78125,,-3.125,
139.199214009,123,1884,547100,42.3044522222,-83.6950436111,59.0,15.0900001526,1716.0,54.509803772,,,,,,,,,0.78125,,-3.125,
139.199214009,123,1884,547300,42.3044522222,-83.6950436111,60.0,15.0900001526,1716.0,54.509803772,,,,,,,,,0.78125,,-3.125,
139.199214009,123,1884,547400,42.3044522222,-83.6950436111,60.0,17.1200008392,1764.0,54.509803772,,,,,,,,,0.78125,,-3.125,
139.199214009,123,1884,548300,42.3044522222,-83.6950436111,61.0,17.1200008392,1764.0,49.4117660522,,,,,,,,,0.78125,,-3.125,
139.199214009,123,1884,549200,42.3044522222,-83.6950436111,61.0,17.1200008392,1764.0,49.4117660522,,,,,,,,,1.5625,,-3.125,
139.199214009,123,1884,549400,42.3044522222,-83.6950436111,62.0,17.1200008392,1764.0,49.4117660522,,,,,,,,,1.5625,,-3.125,
139.199214009,123,1884,549500,42.3044522222,-83.6950436111,62.0,15.7299995422,1772.0,49.4117660522,,,,,,,,,1.5625,,-3.125,
139.199214009,123,1884,550000,42.3042886111,-83.6956386111,62.0,15.7299995422,1772.0,49.4117660522,,,,,,,,,1.5625,,-3.125,
139.199214009,123,1884,551600,42.3042886111,-83.6956386111,62.0,3.68000006676,1784.0,49.4117660522,,,,,,,,,1.5625,,-3.125,
139.199214009,123,1884,552900,42.304125,-83.6962452778,61.0,3.68000006676,1784.0,49.4117660522,,,,,,,,,1.5625,,-3.125,
139.199214009,123,1884,553700,42.304125,-83.6962452778,61.0,9.72999954224,1449.0,36.4705886841,,,,,,,,,1.5625,,-3.125,
139.199214009,123,1884,553900,42.304125,-83.6962452778,60.0,9.72999954224,1449.0,36.4705886841,,,,,,,,,1.5625,,-3.125,
139.199214009,123,1884,555000,42.304125,-83.6962452778,59.0,9.72999954224,1449.0,36.4705886841,,,,,,,,,1.5625,,-3.125,
139.199214009,123,1884,555800,42.304125,-83.6962452778,59.0,12.1499996185,1469.0,36.4705886841,,,,,,,,,1.5625,,-3.125,
139.199214009,123,1884,556900,42.3039044444,-83.6970108333,59.0,12.1499996185,1469.0,36.4705886841,,,,,,,,,1.5625,,-3.125,
139.199214009,123,1884,558200,42.3039044444,-83.6970108333,59.0,10.4499998093,1322.0,36.4705886841,,,,,,,,,1.5625,,-3.125,
139.199214009,123,1884,559200,42.3039044444,-83.6970108333,59.0,10.4499998093,1322.0,24.7058830261,,,,,,,,,1.5625,,-3.125,
139.199214009,123,1884,559900,42.3037291667,-83.6975575,59.0,10.4499998093,1322.0,24.7058830261,,,,,,,,,1.5625,,-3.125,
139.199214009,123,1884,560000,42.3037291667,-83.6975575,59.0,10.4499998093,1322.0,24.7058830261,,,,,,,,,-0.78125,,-3.125,
139.199214009,123,1884,560200,42.3037291667,-83.6975575,59.0,5.53999996185,1265.0,24.7058830261,,,,,,,,,-0.78125,,-3.125,
139.199214009,123,1884,562200,42.3037291667,-83.6975575,59.0,9.36999988556,1342.0,24.7058830261,,,,,,,,,-0.78125,,-3.125,
139.199214009,123,1884,563000,42.3035652778,-83.6981219444,59.0,9.36999988556,1342.0,24.7058830261,,,,,,,,,-0.78125,,-3.125,
139.199214009,123,1884,563400,42.3035652778,-83.6981219444,61.0,9.36999988556,1342.0,24.7058830261,,,,,,,,,-0.78125,,-3.125,
139.199214009,123,1884,564200,42.3035652778,-83.6981219444,61.0,10.6899995804,1411.0,24.7058830261,,,,,,,,,-0.78125,,-3.125,
139.199214009,123,1884,564300,42.3035652778,-83.6981219444,61.0,10.6899995804,1411.0,43.5294113159,,,,,,,,,-0.78125,,-3.125,
139.199214009,123,1884,565200,42.3035652778,-83.6981219444,61.0,10.6899995804,1411.0,43.5294113159,,,,,,,,,-3.90625,,-3.125,
139.199214009,123,1884,565500,42.3035652778,-83.6981219444,62.0,10.6899995804,1411.0,43.5294113159,,,,,,,,,-3.90625,,-3.125,
139.199214009,123,1884,566000,42.3034002778,-83.6987083333,62.0,10.6899995804,1411.0,43.5294113159,,,,,,,,,-3.90625,,-3.125,
139.199214009,123,1884,566300,42.3034002778,-83.6987083333,62.0,5.26999998093,1271.0,43.5294113159,,,,,,,,,-3.90625,,-3.125,
139.199214009,123,1884,566800,42.3034002778,-83.6987083333,63.0,5.26999998093,1271.0,43.5294113159,,,,,,,,,-3.90625,,-3.125,
139.199214009,123,1884,568700,42.3034002778,-83.6987083333,63.0,7.63999986649,1388.0,43.5294113159,,,,,,,,,-3.90625,,-3.125,
139.199214009,123,1884,568900,42.3032294444,-83.6993102778,64.0,7.63999986649,1388.0,43.5294113159,,,,,,,,,-3.90625,,-3.125,
139.199214009,123,1884,569700,42.3032294444,-83.6993102778,64.0,7.63999986649,1388.0,29.8039226532,,,,,,,,,-3.90625,,-3.125,
139.199214009,123,1884,569900,42.3032294444,-83.6993102778,65.0,7.63999986649,1388.0,29.8039226532,,,,,,,,,-3.90625,,-3.125,
139.199214009,123,1884,570800,42.3032294444,-83.6993102778,65.0,6.03999996185,1386.0,29.8039226532,,,,,,,,,-4.6875,,-3.125,
139.199214009,123,1884,571000,42.3032294444,-83.6993102778,66.0,6.03999996185,1386.0,29.8039226532,,,,,,,,,-4.6875,,-3.125,
139.199214009,123,1884,573000,42.3029927778,-83.7001577778,66.0,6.03999996185,1386.0,29.8039226532,,,,,,,,,-4.6875,,-3.125,
139.199214009,123,1884,573200,42.3029927778,-83.7001577778,66.0,12.2899999619,1565.0,29.8039226532,,,,,,,,,-4.6875,,-3.125,
139.199214009,123,1884,573400,42.3029927778,-83.7001577778,67.0,12.2899999619,1565.0,29.8039226532,,,,,,,,,-4.6875,,-3.125,
139.199214009,123,1884,574400,42.3029927778,-83.7001577778,68.0,12.2899999619,1565.0,29.8039226532,,,,,,,,,-4.6875,,-3.125,
139.199214009,123,1884,575200,42.3029927778,-83.7001577778,68.0,5.90999984741,1424.0,24.3137264252,,,,,,,,,-4.6875,,-3.125,
139.199214009,123,1884,575500,42.3029927778,-83.7001577778,69.0,5.90999984741,1424.0,24.3137264252,,,,,,,,,-4.6875,,-3.125,
139.199214009,123,1884,575800,42.3029927778,-83.7001577778,69.0,5.90999984741,1424.0,24.3137264252,,,,,,,,,0.0,,-3.125,
139.199214009,123,1884,576000,42.3028136111,-83.7008152778,69.0,5.90999984741,1424.0,24.3137264252,,,,,,,,,0.0,,-3.125,
139.199214009,123,1884,577300,42.3028136111,-83.7008152778,69.0,6.61999988556,1431.0,24.3137264252,,,,,,,,,0.0,,-3.125,
139.199214009,123,1884,577900,42.3028136111,-83.7008152778,68.0,6.61999988556,1431.0,24.3137264252,,,,,,,,,0.0,,-3.125,
139.199214009,123,1884,579000,42.3026852778,-83.7014880556,66.0,6.61999988556,1431.0,24.3137264252,,,,,,,,,0.0,,-3.125,
139.199214009,123,1884,579300,42.3026852778,-83.7014880556,66.0,5.86000013351,1442.0,24.3137264252,,,,,,,,,0.0,,-3.125,
139.199214009,123,1884,580100,42.3026852778,-83.7014880556,63.0,5.86000013351,1442.0,24.3137264252,,,,,,,,,0.0,,-3.125,
139.199214009,123,1884,580300,42.3026852778,-83.7014880556,63.0,5.86000013351,1442.0,22.3529415131,,,,,,,,,0.0,,-3.125,
139.199214009,123,1884,581000,42.3026852778,-83.7014880556,63.0,5.86000013351,1442.0,22.3529415131,,,,,,,,,-0.78125,,-3.125,
139.199214009,123,1884,581400,42.3026852778,-83.7014880556,63.0,7.63999986649,1372.0,22.3529415131,,,,,,,,,-0.78125,,-3.125,
139.199214009,123,1884,582000,42.302635,-83.7021358333,63.0,7.63999986649,1372.0,22.3529415131,,,,,,,,,-0.78125,,-3.125,
139.199214009,123,1884,582200,42.302635,-83.7021358333,62.0,7.63999986649,1372.0,22.3529415131,,,,,,,,,-0.78125,,-3.125,
139.199214009,123,1884,583600,42.302635,-83.7021358333,62.0,6.09000015259,1335.0,22.3529415131,,,,,,,,,-0.78125,,-3.125,
139.199214009,123,1884,584600,42.302635,-83.7021358333,61.0,6.09000015259,1335.0,22.3529415131,,,,,,,,,-0.78125,,-3.125,
139.199214009,123,1884,584900,42.3026047222,-83.7027516667,61.0,6.09000015259,1335.0,22.3529415131,,,,,,,,,-0.78125,,-3.125,
139.199214009,123,1884,585700,42.3026047222,-83.7027516667,60.0,6.55999994278,1300.0,28.627450943,,,,,,,,,-0.78125,,-3.125,
139.199214009,123,1884,586100,42.3026047222,-83.7027516667,60.0,6.55999994278,1300.0,28.627450943,,,,,,,,,0.78125,,-3.125,
139.199214009,123,1884,586700,42.3026047222,-83.7027516667,59.0,6.55999994278,1300.0,28.627450943,,,,,,,,,0.78125,,-3.125,
139.199214009,123,1884,587800,42.3026047222,-83.7027516667,59.0,6.38999986649,1265.0,28.627450943,,,,,,,,,0.78125,,-3.125,
139.199214009,123,1884,589000,42.3025866667,-83.7035491667,59.0,6.38999986649,1265.0,28.627450943,,,,,,,,,0.78125,,-3.125,
139.199214009,123,1884,589100,42.3025866667,-83.7035491667,57.0,6.38999986649,1265.0,28.627450943,,,,,,,,,0.78125,,-3.125,
139.199214009,123,1884,589700,42.3025866667,-83.7035491667,57.0,6.38999986649,1265.0,28.627450943,,,,,,,,,0.78125,,-3.125,
139.199214009,123,1884,590200,42.3025866667,-83.7035491667,57.0,2.67000007629,1161.0,28.627450943,,,,,,,,,0.78125,,-3.125,
139.199214009,123,1884,591000,42.3025866667,-83.7035491667,57.0,2.67000007629,1161.0,21.9607849121,,,,,,,,,0.78125,,-3.125,
139.199214009,123,1884,591100,42.3025866667,-83.7035491667,57.0,2.67000007629,1161.0,21.9607849121,,,,,,,,,0.0,,-3.125,
139.199214009,123,1884,591300,42.3025866667,-83.7035491667,54.0,2.67000007629,1161.0,21.9607849121,,,,,,,,,0.0,,-3.125,
139.199214009,123,1884,591900,42.3025694444,-83.7041044444,54.0,2.67000007629,1161.0,21.9607849121,,,,,,,,,0.0,,-3.125,
139.199214009,123,1884,592200,42.3025694444,-83.7041044444,54.0,5.13999986649,1213.0,21.9607849121,,,,,,,,,0.0,,-3.125,
139.199214009,123,1884,592300,42.3025694444,-83.7041044444,53.0,5.13999986649,1213.0,21.9607849121,,,,,,,,,0.0,,-3.125,
139.199214009,123,1884,593700,42.3025694444,-83.7041044444,52.0,5.13999986649,1213.0,21.9607849121,,,,,,,,,0.0,,-3.125,
139.199214009,123,1884,594500,42.3025694444,-83.7041044444,52.0,7.80999994278,1200.0,21.9607849121,,,,,,,,,0.0,,-3.125,
139.199214009,123,1884,594700,42.3025694444,-83.7041044444,53.0,7.80999994278,1200.0,21.9607849121,,,,,,,,,0.0,,-3.125,
139.199214009,123,1884,595000,42.3025488889,-83.7046358333,53.0,7.80999994278,1200.0,21.9607849121,,,,,,,,,0.0,,-3.125,
139.199214009,123,1884,596600,42.3025488889,-83.7046358333,53.0,3.24000000954,1110.0,16.862745285,,,,,,,,,4.6875,,-3.125,
139.199214009,123,1884,596800,42.3025488889,-83.7046358333,51.0,3.24000000954,1110.0,16.862745285,,,,,,,,,4.6875,,-3.125,
139.199214009,123,1884,597800,42.3025488889,-83.7046358333,50.0,3.24000000954,1110.0,16.862745285,,,,,,,,,4.6875,,-3.125,
139.199214009,123,1884,597900,42.3025394444,-83.7051530556,50.0,3.24000000954,1110.0,16.862745285,,,,,,,,,4.6875,,-3.125,
139.199214009,123,1884,598700,42.3025394444,-83.7051530556,50.0,3.24000000954,1086.0,16.862745285,,,,,,,,,4.6875,,-3.125,
139.199214009,123,1884,599300,42.3025394444,-83.7051530556,49.0,3.24000000954,1086.0,16.862745285,,,,,,,,,4.6875,,-3.125,
139.199214009,123,1884,600600,42.3025394444,-83.7051530556,47.0,3.24000000954,1086.0,16.862745285,,,,,,,,,4.6875,,-3.125,
139.199214009,123,1884,600700,42.3025394444,-83.7051530556,47.0,3.24000000954,1064.0,16.862745285,,,,,,,,,4.6875,,-3.125,
139.199214009,123,1884,600900,42.3025294444,-83.7056441667,47.0,3.24000000954,1064.0,16.862745285,,,,,,,,,4.6875,,-3.125,
139.199214009,123,1884,601700,42.3025294444,-83.7056441667,46.0,3.24000000954,1064.0,16.862745285,,,,,,,,,-5.46875,,-3.125,
139.199214009,123,1884,602700,42.3025294444,-83.7056441667,46.0,3.27999997139,1032.0,16.862745285,,,,,,,,,-5.46875,,-3.125,
139.199214009,123,1884,603800,42.3025294444,-83.7056441667,44.0,3.27999997139,1032.0,16.862745285,,,,,,,,,-5.46875,,-3.125,
139.199214009,123,1884,603900,42.3025105556,-83.7061191667,44.0,3.27999997139,1032.0,16.862745285,,,,,,,,,-5.46875,,-3.125,
139.199214009,123,1884,604800,42.3025105556,-83.7061191667,42.0,3.3900001049,985.0,16.862745285,,,,,,,,,-5.46875,,-3.125,
139.199214009,123,1884,606200,42.3025105556,-83.7061191667,39.0,3.3900001049,985.0,16.862745285,,,,,,,,,-5.46875,,-3.125,
139.199214009,123,1884,607200,42.3025105556,-83.7061191667,37.0,3.3900001049,948.0,19.2156867981,,,,,,,,,-4.6875,,-3.125,
139.199214009,123,1884,607900,42.3024922222,-83.7066491667,37.0,3.3900001049,948.0,19.2156867981,,,,,,,,,-4.6875,,-3.125,
139.199214009,123,1884,608200,42.3024922222,-83.7066491667,34.0,3.3900001049,948.0,19.2156867981,,,,,,,,,-4.6875,,-3.125,
139.199214009,123,1884,609300,42.3024922222,-83.7066491667,29.0,3.31999993324,1041.0,19.2156867981,,,,,,,,,-4.6875,,-3.125,
139.199214009,123,1884,610300,42.3024922222,-83.7066491667,24.0,3.31999993324,1041.0,19.2156867981,,,,,,,,,-4.6875,,-3.125,
139.199214009,123,1884,610900,42.3024983333,-83.7069175,24.0,3.31999993324,1041.0,19.2156867981,,,,,,,,,-4.6875,,-3.125,
139.199214009,123,1884,611700,42.3024983333,-83.7069175,14.0,3.09999990463,708.0,19.2156867981,,,,,,,,,-4.6875,,-3.125,
139.199214009,123,1884,612700,42.3024983333,-83.7069175,6.0,3.09999990463,708.0,24.3137264252,,,,,,,,,-4.6875,,-3.125,
139.199214009,123,1884,613900,42.3024983333,-83.7069175,2.0,3.3900001049,722.0,24.3137264252,,,,,,,,,-4.6875,,-3.125,
139.199214009,123,1884,614100,42.3024983333,-83.7069175,2.0,3.3900001049,726.0,24.3137264252,,,,,,,,,-4.6875,,-3.125,
139.199214009,123,1884,614300,42.3024983333,-83.7069175,2.0,2.99000000954,726.0,24.3137264252,,,,,,,,,-4.6875,,-3.125,
139.199214009,123,1884,614400,42.3024983333,-83.7069175,2.0,2.99000000954,726.0,23.9215698242,,,,,,,,,-4.6875,,-3.125,
139.199214009,123,1884,615600,42.3024983333,-83.7069175,2.0,2.99000000954,726.0,23.9215698242,,,,,,,,,-3.125,,-3.125,
139.199214009,123,1884,616800,42.3024983333,-83.7069175,0.0,2.99000000954,726.0,23.9215698242,,,,,,,,,-3.125,,-3.125,
139.199214009,123,1884,618200,42.3024983333,-83.7069175,0.0,2.99000000954,722.0,23.9215698242,,,,,,,,,-3.125,,-3.125,
139.199214009,123,1884,619700,42.3024983333,-83.7069175,0.0,3.13000011444,722.0,23.5294113159,,,,,,,,,-3.125,,-3.125,
139.199214009,123,1884,622200,42.3024983333,-83.7069175,0.0,3.13000011444,720.0,23.5294113159,,,,,,,,,-3.125,,-3.125,
139.199214009,123,1884,624200,42.3024983333,-83.7069175,0.0,3.13000011444,718.0,23.5294113159,,,,,,,,,-3.125,,-3.125,
139.199214009,123,1884,625200,42.3024983333,-83.7069175,0.0,3.13000011444,718.0,23.137254715,,,,,,,,,-3.125,,-3.125,
139.199214009,123,1884,626300,42.3024983333,-83.7069175,0.0,3.13000011444,715.0,23.137254715,,,,,,,,,-3.125,,-3.125,
139.199214009,123,1884,628700,42.3024983333,-83.7069175,0.0,3.13000011444,716.0,23.137254715,,,,,,,,,-3.125,,-3.125,
139.199214009,123,1884,630800,42.3024983333,-83.7069175,0.0,2.93000006676,713.0,22.745098114,,,,,,,,,-3.125,,-3.125,
139.199214009,123,1884,631800,42.3024983333,-83.7069175,0.0,2.93000006676,713.0,22.745098114,,,,,,,,,-2.34375,,-3.125,
139.199214009,123,1884,635200,42.3024983333,-83.7069175,0.0,2.93000006676,710.0,22.745098114,,,,,,,,,-2.34375,,-3.125,
139.199214009,123,1884,635800,42.3024983333,-83.7069175,0.0,2.86999988556,710.0,22.3529415131,,,,,,,,,-2.34375,,-3.125,
139.199214009,123,1884,637300,42.3024983333,-83.7069175,0.0,2.86999988556,709.0,22.3529415131,,,,,,,,,-2.34375,,-3.125,
139.199214009,123,1884,639700,42.3024983333,-83.7069175,0.0,2.86999988556,721.0,22.3529415131,,,,,,,,,-2.34375,,-3.125,
139.199214009,123,1884,639900,42.3025202778,-83.7070086111,0.0,2.86999988556,721.0,22.3529415131,,,,,,,,,-2.34375,,-3.125,
139.199214009,123,1884,640000,42.3025202778,-83.7070086111,0.0,2.86999988556,1539.0,22.3529415131,,,,,,,,,-2.34375,,-3.125,
139.199214009,123,1884,640100,42.3025202778,-83.7070086111,0.0,13.2299995422,1539.0,22.3529415131,,,,,,,,,-2.34375,,-3.125,
139.199214009,123,1884,640200,42.3025202778,-83.7070086111,0.0,13.2299995422,1539.0,46.2745094299,,,,,,,,,-2.34375,,-3.125,
139.199214009,123,1884,641300,42.3025202778,-83.7070086111,0.0,13.2299995422,1539.0,46.2745094299,,,,,,,,,2.34375,,-3.125,
139.199214009,123,1884,642400,42.3025202778,-83.7070086111,20.0,13.2299995422,1539.0,46.2745094299,,,,,,,,,2.34375,,-3.125,
139.199214009,123,1884,643000,42.3025175,-83.7071361111,20.0,13.2299995422,1539.0,46.2745094299,,,,,,,,,2.34375,,-3.125,
139.199214009,123,1884,644400,42.3025175,-83.7071361111,20.0,20.2000007629,2050.0,46.2745094299,,,,,,,,,2.34375,,-3.125,
139.199214009,123,1884,644500,42.3025175,-83.7071361111,25.0,20.2000007629,2050.0,46.2745094299,,,,,,,,,2.34375,,-3.125,
139.199214009,123,1884,645300,42.3025175,-83.7071361111,25.0,20.2000007629,2050.0,58.4313735962,,,,,,,,,2.34375,,-3.125,
139.199214009,123,1884,645500,42.3025175,-83.7071361111,30.0,20.2000007629,2050.0,58.4313735962,,,,,,,,,2.34375,,-3.125,
139.199214009,123,1884,646000,42.3025208333,-83.7074330556,30.0,20.2000007629,2050.0,58.4313735962,,,,,,,,,2.34375,,-3.125,
139.199214009,123,1884,646400,42.3025208333,-83.7074330556,30.0,16.9099998474,2202.0,58.4313735962,,,,,,,,,2.34375,,-3.125,
139.199214009,123,1884,646900,42.3025208333,-83.7074330556,35.0,16.9099998474,2202.0,58.4313735962,,,,,,,,,2.34375,,-3.125,
139.199214009,123,1884,648000,42.3025208333,-83.7074330556,39.0,16.9099998474,2202.0,58.4313735962,,,,,,,,,2.34375,,-3.125,
139.199214009,123,1884,648900,42.3025133333,-83.7078466667,39.0,16.9099998474,2202.0,58.4313735962,,,,,,,,,2.34375,,-3.125,
139.199214009,123,1884,649000,42.3025133333,-83.7078466667,39.0,16.1599998474,1882.0,58.4313735962,,,,,,,,,2.34375,,-3.125,
139.199214009,123,1884,649100,42.3025133333,-83.7078466667,42.0,16.1599998474,1882.0,58.4313735962,,,,,,,,,2.34375,,-3.125,
139.199214009,123,1884,650000,42.3025133333,-83.7078466667,42.0,16.1599998474,1882.0,58.4313735962,,,,,,,,,2.34375,,-3.125,
139.199214009,123,1884,650100,42.3025133333,-83.7078466667,46.0,16.1599998474,1882.0,58.4313735962,,,,,,,,,2.34375,,-3.125,
139.199214009,123,1884,650400,42.3025133333,-83.7078466667,46.0,16.1599998474,1882.0,40.7843132019,,,,,,,,,2.34375,,-3.125,
139.199214009,123,1884,651100,42.3025133333,-83.7078466667,46.0,13.3199996948,1841.0,40.7843132019,,,,,,,,,2.34375,,-3.125,
139.199214009,123,1884,651200,42.3025133333,-83.7078466667,47.0,13.3199996948,1841.0,40.7843132019,,,,,,,,,2.34375,,-3.125,
139.199214009,123,1884,651300,42.3025133333,-83.7078466667,47.0,13.3199996948,1841.0,40.7843132019,,,,,,,,,-0.78125,,-3.125,
139.199214009,123,1884,652000,42.3025016667,-83.7083258333,47.0,13.3199996948,1841.0,40.7843132019,,,,,,,,,-0.78125,,-3.125,
139.199214009,123,1884,652700,42.3025016667,-83.7083258333,48.0,13.3199996948,1841.0,40.7843132019,,,,,,,,,-0.78125,,-3.125,
139.199214009,123,1884,653500,42.3025016667,-83.7083258333,48.0,12.8900003433,1566.0,40.7843132019,,,,,,,,,-0.78125,,-3.125,
139.199214009,123,1884,653700,42.3025016667,-83.7083258333,50.0,12.8900003433,1566.0,40.7843132019,,,,,,,,,-0.78125,,-3.125,
139.199214009,123,1884,654900,42.3024911111,-83.7088375,50.0,12.8900003433,1566.0,40.7843132019,,,,,,,,,-0.78125,,-3.125,
139.199214009,123,1884,655600,42.3024911111,-83.7088375,50.0,12.6599998474,1524.0,45.490196228,,,,,,,,,-0.78125,,-3.125,
139.199214009,123,1884,655800,42.3024911111,-83.7088375,51.0,12.6599998474,1524.0,45.490196228,,,,,,,,,-0.78125,,-3.125,
139.199214009,123,1884,656600,42.3024911111,-83.7088375,51.0,12.6599998474,1524.0,45.490196228,,,,,,,,,0.0,,-3.125,
139.199214009,123,1884,656900,42.3024911111,-83.7088375,54.0,12.6599998474,1524.0,45.490196228,,,,,,,,,0.0,,-3.125,
139.199214009,123,1884,657700,42.3024911111,-83.7088375,54.0,6.67999982834,1500.0,45.490196228,,,,,,,,,0.0,,-3.125,
139.199214009,123,1884,658900,42.3024713889,-83.7095702778,54.0,6.67999982834,1500.0,45.490196228,,,,,,,,,0.0,,-3.125,
139.199214009,123,1884,659700,42.3024713889,-83.7095702778,54.0,17.3400001526,1515.0,45.490196228,,,,,,,,,0.0,,-3.125,
139.199214009,123,1884,660600,42.3024713889,-83.7095702778,54.0,17.3400001526,1515.0,25.882352829,,,,,,,,,0.0,,-3.125,
139.199214009,123,1884,661700,42.3024713889,-83.7095702778,54.0,3.65000009537,1583.0,25.882352829,,,,,,,,,-6.25,,-3.125,
139.199214009,123,1884,661800,42.3024713889,-83.7095702778,55.0,3.65000009537,1583.0,25.882352829,,,,,,,,,-6.25,,-3.125,
139.199214009,123,1884,663000,42.3024377778,-83.7103219444,55.0,3.65000009537,1583.0,25.882352829,,,,,,,,,-6.25,,-3.125,
139.199214009,123,1884,663300,42.3024377778,-83.7103219444,54.0,3.65000009537,1583.0,25.882352829,,,,,,,,,-6.25,,-3.125,
139.199214009,123,1884,664100,42.3024377778,-83.7103219444,54.0,5.86000013351,1591.0,25.882352829,,,,,,,,,-6.25,,-3.125,
139.199214009,123,1884,664300,42.3024377778,-83.7103219444,53.0,5.86000013351,1591.0,25.882352829,,,,,,,,,-6.25,,-3.125,
139.199214009,123,1884,665900,42.3023847222,-83.7108708333,53.0,5.86000013351,1591.0,25.882352829,,,,,,,,,-6.25,,-3.125,
139.199214009,123,1884,666200,42.3023847222,-83.7108708333,53.0,11.1700000763,1636.0,39.2156867981,,,,,,,,,-6.25,,-3.125,
139.199214009,123,1884,666400,42.3023847222,-83.7108708333,54.0,11.1700000763,1636.0,39.2156867981,,,,,,,,,-6.25,,-3.125,
139.199214009,123,1884,667200,42.3023847222,-83.7108708333,54.0,11.1700000763,1636.0,39.2156867981,,,,,,,,,0.0,,-3.125,
139.199214009,123,1884,667400,42.3023847222,-83.7108708333,55.0,11.1700000763,1636.0,39.2156867981,,,,,,,,,0.0,,-3.125,
139.199214009,123,1884,668200,42.3023847222,-83.7108708333,55.0,4.59999990463,1607.0,39.2156867981,,,,,,,,,0.0,,-3.125,
139.199214009,123,1884,668900,42.3022872222,-83.7114213889,55.0,4.59999990463,1607.0,39.2156867981,,,,,,,,,0.0,,-3.125,
139.199214009,123,1884,670600,42.3022872222,-83.7114213889,55.0,6.55999994278,1551.0,39.2156867981,,,,,,,,,0.0,,-3.125,
139.199214009,123,1884,671700,42.3022872222,-83.7114213889,55.0,6.55999994278,1551.0,34.509803772,,,,,,,,,0.0,,-3.125,
139.199214009,123,1884,672000,42.3021413889,-83.7119561111,55.0,6.55999994278,1551.0,34.509803772,,,,,,,,,0.0,,-3.125,
139.199214009,123,1884,672500,42.3021413889,-83.7119561111,55.0,6.55999994278,1551.0,34.509803772,,,,,,,,,3.125,,-3.125,
139.199214009,123,1884,672600,42.3021413889,-83.7119561111,55.0,13.75,1732.0,34.509803772,,,,,,,,,3.125,,-3.125,
139.199214009,123,1884,674600,42.3021413889,-83.7119561111,56.0,5.80999994278,1642.0,34.509803772,,,,,,,,,3.125,,-3.125,
139.199214009,123,1884,674900,42.3019444444,-83.7124616667,56.0,5.80999994278,1642.0,34.509803772,,,,,,,,,3.125,,-3.125,
139.199214009,123,1884,675700,42.3019444444,-83.7124616667,55.0,5.80999994278,1642.0,34.509803772,,,,,,,,,3.125,,-3.125,
139.199214009,123,1884,676700,42.3019444444,-83.7124616667,56.0,13.6599998474,1594.0,47.8431396484,,,,,,,,,3.125,,-3.125,
139.199214009,123,1884,677800,42.3019444444,-83.7124616667,57.0,13.6599998474,1594.0,47.8431396484,,,,,,,,,3.125,,-3.125,
139.199214009,123,1884,678000,42.3017025,-83.7129427778,57.0,13.6599998474,1594.0,47.8431396484,,,,,,,,,3.125,,-3.125,
139.199214009,123,1884,678800,42.3017025,-83.7129427778,57.0,10.6899995804,1605.0,47.8431396484,,,,,,,,,3.125,,-3.125,
139.199214009,123,1884,681200,42.3017025,-83.7129427778,57.0,11.3299999237,1617.0,47.8431396484,,,,,,,,,3.125,,-3.125,
139.199214009,123,1884,682000,42.3013158333,-83.713515,57.0,11.3299999237,1617.0,47.8431396484,,,,,,,,,3.125,,-3.125,
139.199214009,123,1884,682300,42.3013158333,-83.713515,56.0,11.3299999237,1617.0,31.372549057,,,,,,,,,3.125,,-3.125,
139.199214009,123,1884,682800,42.3013158333,-83.713515,56.0,11.3299999237,1617.0,31.372549057,,,,,,,,,2.34375,,-3.125,
139.199214009,123,1884,683400,42.3013158333,-83.713515,56.0,9.36999988556,1622.0,31.372549057,,,,,,,,,2.34375,,-3.125,
139.199214009,123,1884,684500,42.3013158333,-83.713515,55.0,9.36999988556,1622.0,31.372549057,,,,,,,,,2.34375,,-3.125,
139.199214009,123,1884,685000,42.3009961111,-83.7138916667,55.0,9.36999988556,1622.0,31.372549057,,,,,,,,,2.34375,,-3.125,
139.199214009,123,1884,685400,42.3009961111,-83.7138916667,55.0,17.9300003052,1657.0,31.372549057,,,,,,,,,2.34375,,-3.125,
139.199214009,123,1884,687300,42.3009961111,-83.7138916667,55.0,17.9300003052,1657.0,35.6862754822,,,,,,,,,2.34375,,-3.125,
139.199214009,123,1884,687500,42.3009961111,-83.7138916667,55.0,10.7700004578,1583.0,35.6862754822,,,,,,,,,2.34375,,-3.125,
139.199214009,123,1884,688000,42.3006741667,-83.7142608333,55.0,10.7700004578,1583.0,35.6862754822,,,,,,,,,2.34375,,-3.125,
139.199214009,123,1884,688100,42.3006741667,-83.7142608333,56.0,10.7700004578,1583.0,35.6862754822,,,,,,,,,-0.78125,,-3.125,
139.199214009,123,1884,689200,42.3006741667,-83.7142608333,55.0,10.7700004578,1583.0,35.6862754822,,,,,,,,,-0.78125,,-3.125,
139.199214009,123,1884,689500,42.3006741667,-83.7142608333,55.0,6.03999996185,1557.0,35.6862754822,,,,,,,,,-0.78125,,-3.125,
139.199214009,123,1884,691000,42.3003636111,-83.7146519444,55.0,6.03999996185,1557.0,35.6862754822,,,,,,,,,-0.78125,,-3.125,
139.199214009,123,1884,691200,42.3003636111,-83.7146519444,56.0,6.03999996185,1557.0,35.6862754822,,,,,,,,,-0.78125,,-3.125,
139.199214009,123,1884,691700,42.3003636111,-83.7146519444,56.0,8.15999984741,1635.0,35.6862754822,,,,,,,,,-0.78125,,-3.125,
139.199214009,123,1884,692800,42.3003636111,-83.7146519444,56.0,8.15999984741,1635.0,26.6666679382,,,,,,,,,-0.78125,,-3.125,
139.199214009,123,1884,693300,42.3003636111,-83.7146519444,57.0,8.15999984741,1635.0,26.6666679382,,,,,,,,,-0.78125,,-3.125,
139.199214009,123,1884,693800,42.3003636111,-83.7146519444,57.0,6.28000020981,1607.0,26.6666679382,,,,,,,,,-0.78125,,-3.125,
139.199214009,123,1884,694000,42.3000563889,-83.7150594444,57.0,6.28000020981,1607.0,26.6666679382,,,,,,,,,-0.78125,,-3.125,
139.199214009,123,1884,696200,42.3000563889,-83.7150594444,57.0,6.03999996185,1650.0,26.6666679382,,,,,,,,,-0.78125,,-3.125,
139.199214009,123,1884,697500,42.3000563889,-83.7150594444,58.0,6.03999996185,1650.0,26.6666679382,,,,,,,,,-0.78125,,-3.125,
139.199214009,123,1884,698000,42.2996788889,-83.7156644444,58.0,6.03999996185,1650.0,26.6666679382,,,,,,,,,-0.78125,,-3.125,
139.199214009,123,1884,698300,42.2996788889,-83.7156644444,58.0,7.07000017166,1675.0,24.3137264252,,,,,,,,,-1.5625,,-3.125,
139.199214009,123,1884,698500,42.2996788889,-83.7156644444,60.0,7.07000017166,1675.0,24.3137264252,,,,,,,,,-1.5625,,-3.125,
139.199214009,123,1884,700400,42.2996788889,-83.7156644444,60.0,7.75,1415.0,24.3137264252,,,,,,,,,-1.5625,,-3.125,
139.199214009,123,1884,700900,42.299415,-83.7161683333,60.0,7.75,1415.0,24.3137264252,,,,,,,,,-1.5625,,-3.125,
139.199214009,123,1884,702300,42.299415,-83.7161683333,61.0,7.75,1415.0,24.3137264252,,,,,,,,,-1.5625,,-3.125,
139.199214009,123,1884,702800,42.299415,-83.7161683333,61.0,7.86999988556,1264.0,24.3137264252,,,,,,,,,-1.5625,,-3.125,
139.199214009,123,1884,703600,42.299415,-83.7161683333,62.0,7.86999988556,1264.0,32.9411773682,,,,,,,,,-0.78125,,-3.125,
139.199214009,123,1884,703900,42.2991783333,-83.7167086111,62.0,7.86999988556,1264.0,32.9411773682,,,,,,,,,-0.78125,,-3.125,
139.199214009,123,1884,704800,42.2991783333,-83.7167086111,62.0,7.80999994278,1298.0,32.9411773682,,,,,,,,,-0.78125,,-3.125,
139.199214009,123,1884,705700,42.2991783333,-83.7167086111,61.0,7.80999994278,1298.0,32.9411773682,,,,,,,,,-0.78125,,-3.125,
139.199214009,123,1884,707100,42.2991783333,-83.7167086111,61.0,10.529999733,1325.0,32.9411773682,,,,,,,,,-0.78125,,-3.125,
139.199214009,123,1884,707900,42.2988836111,-83.7174427778,61.0,10.529999733,1325.0,32.9411773682,,,,,,,,,-0.78125,,-3.125,
139.199214009,123,1884,708100,42.2988836111,-83.7174427778,60.0,10.529999733,1325.0,32.9411773682,,,,,,,,,-0.78125,,-3.125,
139.199214009,123,1884,708700,42.2988836111,-83.7174427778,60.0,10.529999733,1325.0,35.2941169739,,,,,,,,,1.5625,,-3.125,
139.199214009,123,1884,709200,42.2988836111,-83.7174427778,59.0,7.98000001907,1248.0,35.2941169739,,,,,,,,,1.5625,,-3.125,
139.199214009,123,1884,710200,42.2988836111,-83.7174427778,59.0,7.98000001907,1248.0,35.2941169739,,,,,,,,,1.5625,,-3.125,
139.199214009,123,1884,711000,42.2986761111,-83.7179775,59.0,7.98000001907,1248.0,35.2941169739,,,,,,,,,1.5625,,-3.125,
139.199214009,123,1884,711200,42.2986761111,-83.7179775,58.0,15.3599996567,1591.0,35.2941169739,,,,,,,,,1.5625,,-3.125,
139.199214009,123,1884,713600,42.2986761111,-83.7179775,58.0,5.17999982834,1193.0,35.2941169739,,,,,,,,,1.5625,,-3.125,
139.199214009,123,1884,713700,42.2986761111,-83.7179775,58.0,5.17999982834,1193.0,25.0980396271,,,,,,,,,1.5625,,-3.125,
139.199214009,123,1884,714000,42.2984694444,-83.7185083333,58.0,5.17999982834,1193.0,25.0980396271,,,,,,,,,1.5625,,-3.125,
139.199214009,123,1884,714700,42.2984694444,-83.7185083333,59.0,5.17999982834,1193.0,25.0980396271,,,,,,,,,1.5625,,-3.125,
139.199214009,123,1884,715700,42.2984694444,-83.7185083333,57.0,5.44999980927,1343.0,25.0980396271,,,,,,,,,1.5625,,-3.125,
139.199214009,123,1884,717000,42.2982666667,-83.71903,57.0,5.44999980927,1343.0,25.0980396271,,,,,,,,,1.5625,,-3.125,
139.199214009,123,1884,717700,42.2982666667,-83.71903,57.0,3.31999993324,1086.0,25.0980396271,,,,,,,,,1.5625,,-3.125,
139.199214009,123,1884,718800,42.2982666667,-83.71903,57.0,3.31999993324,1086.0,18.4313735962,,,,,,,,,-2.34375,,-3.125,
139.199214009,123,1884,719400,42.2982666667,-83.71903,56.0,3.31999993324,1086.0,18.4313735962,,,,,,,,,-2.34375,,-3.125,
139.199214009,123,1884,720500,42.2982666667,-83.71903,56.0,3.24000000954,942.0,18.4313735962,,,,,,,,,-2.34375,,-3.125,
139.199214009,123,1884,721000,42.2980358333,-83.71973,56.0,3.24000000954,942.0,18.4313735962,,,,,,,,,-2.34375,,-3.125,
139.199214009,123,1884,721500,42.2980358333,-83.71973,54.0,3.24000000954,942.0,18.4313735962,,,,,,,,,-2.34375,,-3.125,
139.199214009,123,1884,722600,42.2980358333,-83.71973,54.0,3.13000011444,984.0,18.4313735962,,,,,,,,,-2.34375,,-3.125,
139.199214009,123,1884,723700,42.2980358333,-83.71973,53.0,3.13000011444,984.0,18.4313735962,,,,,,,,,-2.34375,,-3.125,
139.199214009,123,1884,723800,42.2980358333,-83.71973,53.0,3.13000011444,984.0,23.137254715,,,,,,,,,-4.6875,,-3.125,
139.199214009,123,1884,723900,42.2979522222,-83.7202686111,53.0,3.13000011444,984.0,23.137254715,,,,,,,,,-4.6875,,-3.125,
139.199214009,123,1884,724600,42.2979522222,-83.7202686111,53.0,3.68000006676,1074.0,23.137254715,,,,,,,,,-4.6875,,-3.125,
139.199214009,123,1884,726600,42.2979522222,-83.7202686111,53.0,5.05000019073,1229.0,23.137254715,,,,,,,,,-4.6875,,-3.125,
139.199214009,123,1884,727000,42.2979408333,-83.7208116667,53.0,5.05000019073,1229.0,23.137254715,,,,,,,,,-4.6875,,-3.125,
139.199214009,123,1884,728200,42.2979408333,-83.7208116667,54.0,5.05000019073,1229.0,23.137254715,,,,,,,,,-4.6875,,-3.125,
139.199214009,123,1884,729000,42.2979408333,-83.7208116667,54.0,4.75,1291.0,21.9607849121,,,,,,,,,3.125,,-3.125,
139.199214009,123,1884,729200,42.2979408333,-83.7208116667,55.0,4.75,1291.0,21.9607849121,,,,,,,,,3.125,,-3.125,
139.199214009,123,1884,730200,42.2979408333,-83.7208116667,56.0,4.75,1291.0,21.9607849121,,,,,,,,,3.125,,-3.125,
139.199214009,123,1884,731000,42.2980375,-83.7215658333,56.0,6.44999980927,1333.0,21.9607849121,,,,,,,,,3.125,,-3.125,
139.199214009,123,1884,732300,42.2980375,-83.7215658333,57.0,6.44999980927,1333.0,21.9607849121,,,,,,,,,3.125,,-3.125,
139.199214009,123,1884,733000,42.2980375,-83.7215658333,57.0,2.61999988556,1184.0,21.9607849121,,,,,,,,,3.125,,-3.125,
139.199214009,123,1884,733700,42.2980375,-83.7215658333,58.0,2.61999988556,1184.0,21.9607849121,,,,,,,,,3.125,,-3.125,
139.199214009,123,1884,733900,42.2981933333,-83.7221111111,58.0,2.61999988556,1184.0,21.9607849121,,,,,,,,,3.125,,-3.125,
139.199214009,123,1884,734200,42.2981933333,-83.7221111111,58.0,2.61999988556,1184.0,11.764705658,,,,,,,,,0.0,,-3.125,
139.199214009,123,1884,735000,42.2981933333,-83.7221111111,58.0,5.86000013351,1722.0,11.764705658,,,,,,,,,0.0,,-3.125,
139.199214009,123,1884,736900,42.2984397222,-83.7225905556,58.0,5.86000013351,1722.0,11.764705658,,,,,,,,,0.0,,-3.125,
139.199214009,123,1884,737100,42.2984397222,-83.7225905556,59.0,7.75,1807.0,11.764705658,,,,,,,,,0.0,,-3.125,
139.199214009,123,1884,738200,42.2984397222,-83.7225905556,60.0,7.75,1807.0,11.764705658,,,,,,,,,0.0,,-3.125,
139.199214009,123,1884,739200,42.2984397222,-83.7225905556,61.0,3.72000002861,1239.0,11.764705658,,,,,,,,,0.0,,-3.125,
139.199214009,123,1884,739800,42.2984397222,-83.7225905556,61.0,3.72000002861,1239.0,16.862745285,,,,,,,,,0.0,,-3.125,
139.199214009,123,1884,740000,42.2987652778,-83.7230605556,61.0,3.72000002861,1239.0,16.862745285,,,,,,,,,0.0,,-3.125,
139.199214009,123,1884,741600,42.2987652778,-83.7230605556,61.0,2.70000004768,1233.0,16.862745285,,,,,,,,,0.0,,-3.125,
139.199214009,123,1884,742600,42.2987652778,-83.7230605556,60.0,2.70000004768,1233.0,16.862745285,,,,,,,,,0.0,,-3.125,
139.199214009,123,1884,743000,42.2990819444,-83.7235286111,60.0,2.70000004768,1233.0,16.862745285,,,,,,,,,0.0,,-3.125,
139.199214009,123,1884,743700,42.2990819444,-83.7235286111,60.0,5.13999986649,1355.0,16.862745285,,,,,,,,,0.0,,-3.125,
139.199214009,123,1884,745300,42.2990819444,-83.7235286111,60.0,5.13999986649,1355.0,29.4117660522,,,,,,,,,3.125,,-3.125,
139.199214009,123,1884,746100,42.2990819444,-83.7235286111,61.0,10.0799999237,1501.0,29.4117660522,,,,,,,,,3.125,,-3.125,
139.199214009,123,1884,746900,42.2993802778,-83.7242633333,61.0,10.0799999237,1501.0,29.4117660522,,,,,,,,,3.125,,-3.125,
139.199214009,123,1884,747100,42.2993802778,-83.7242633333,63.0,10.0799999237,1501.0,29.4117660522,,,,,,,,,3.125,,-3.125,
139.199214009,123,1884,748200,42.2993802778,-83.7242633333,64.0,16.6900005341,1685.0,29.4117660522,,,,,,,,,3.125,,-3.125,
139.199214009,123,1884,749200,42.2993802778,-83.7242633333,66.0,16.6900005341,1685.0,29.4117660522,,,,,,,,,3.125,,-3.125,
139.199214009,123,1884,750000,42.2994766667,-83.7249219444,66.0,16.6900005341,1685.0,29.4117660522,,,,,,,,,3.125,,-3.125,
139.199214009,123,1884,750200,42.2994766667,-83.7249219444,67.0,5.90999984741,1354.0,29.4117660522,,,,,,,,,3.125,,-3.125,
139.199214009,123,1884,750800,42.2994766667,-83.7249219444,67.0,5.90999984741,1354.0,23.9215698242,,,,,,,,,-4.6875,,-3.125,
139.199214009,123,1884,752800,42.2994766667,-83.7249219444,68.0,6.09000015259,1584.0,23.9215698242,,,,,,,,,-4.6875,,-3.125,
139.199214009,123,1884,752900,42.2994336111,-83.7256191667,68.0,6.09000015259,1584.0,23.9215698242,,,,,,,,,-4.6875,,-3.125,
139.199214009,123,1884,753800,42.2994336111,-83.7256191667,67.0,6.09000015259,1584.0,23.9215698242,,,,,,,,,-4.6875,,-3.125,
139.199214009,123,1884,754900,42.2994336111,-83.7256191667,66.0,2.67000007629,1345.0,23.9215698242,,,,,,,,,-4.6875,,-3.125,
139.199214009,123,1884,756000,42.2992719444,-83.72624,65.0,2.67000007629,1345.0,25.0980396271,,,,,,,,,-4.6875,,-3.125,
139.199214009,123,1884,757400,42.2992719444,-83.72624,65.0,7.13000011444,1428.0,25.0980396271,,,,,,,,,-4.6875,,-3.125,
139.199214009,123,1884,759000,42.2989369444,-83.7267502778,65.0,7.13000011444,1428.0,25.0980396271,,,,,,,,,-4.6875,,-3.125,
139.199214009,123,1884,759500,42.2989369444,-83.7267502778,66.0,7.40999984741,1412.0,25.0980396271,,,,,,,,,-4.6875,,-3.125,
139.199214009,123,1884,761600,42.2989369444,-83.7267502778,67.0,9.51000022888,1498.0,35.2941169739,,,,,,,,,1.5625,,-3.125,
139.199214009,123,1884,761900,42.2985655556,-83.7272144444,67.0,9.51000022888,1498.0,35.2941169739,,,,,,,,,1.5625,,-3.125,
139.199214009,123,1884,762900,42.2985655556,-83.7272144444,68.0,9.51000022888,1498.0,35.2941169739,,,,,,,,,1.5625,,-3.125,
139.199214009,123,1884,763500,42.2985655556,-83.7272144444,68.0,8.52999973297,1498.0,35.2941169739,,,,,,,,,1.5625,,-3.125,
139.199214009,123,1884,764000,42.2985655556,-83.7272144444,68.0,8.52999973297,1452.0,35.2941169739,,,,,,,,,1.5625,,-3.125,
139.199214009,123,1884,764900,42.2981794444,-83.7276861111,68.0,8.52999973297,1452.0,35.2941169739,,,,,,,,,1.5625,,-3.125,
139.199214009,123,1884,765900,42.2981794444,-83.7276861111,68.0,11.4099998474,1452.0,35.2941169739,,,,,,,,,1.5625,,-3.125,
139.199214009,123,1884,766000,42.2981794444,-83.7276861111,68.0,11.4099998474,1456.0,35.2941169739,,,,,,,,,1.5625,,-3.125,
139.199214009,123,1884,766100,42.2981794444,-83.7276861111,67.0,11.4099998474,1456.0,35.2941169739,,,,,,,,,1.5625,,-3.125,
139.199214009,123,1884,766900,42.2981794444,-83.7276861111,67.0,11.4099998474,1456.0,27.8431377411,,,,,,,,,0.0,,-3.125,
139.199214009,123,1884,767500,42.2981794444,-83.7276861111,66.0,11.4099998474,1456.0,27.8431377411,,,,,,,,,0.0,,-3.125,
139.199214009,123,1884,768300,42.2981794444,-83.7276861111,66.0,5.23000001907,1328.0,27.8431377411,,,,,,,,,0.0,,-3.125,
139.199214009,123,1884,768900,42.2977088889,-83.7283277778,66.0,5.23000001907,1328.0,27.8431377411,,,,,,,,,0.0,,-3.125,
139.199214009,123,1884,769500,42.2977088889,-83.7283277778,64.0,5.23000001907,1328.0,27.8431377411,,,,,,,,,0.0,,-3.125,
139.199214009,123,1884,770400,42.2977088889,-83.7283277778,64.0,4.32999992371,989.0,27.8431377411,,,,,,,,,0.0,,-3.125,
139.199214009,123,1884,770600,42.2977088889,-83.7283277778,61.0,4.32999992371,989.0,27.8431377411,,,,,,,,,0.0,,-3.125,
139.199214009,123,1884,771600,42.2977088889,-83.7283277778,59.0,4.32999992371,989.0,27.8431377411,,,,,,,,,0.0,,-3.125,
139.199214009,123,1884,771900,42.2974147222,-83.7287927778,59.0,4.32999992371,989.0,19.607843399,,,,,,,,,0.78125,,-3.125,
139.199214009,123,1884,772400,42.2974147222,-83.7287927778,59.0,3.75,1088.0,19.607843399,,,,,,,,,0.78125,,-3.125,
139.199214009,123,1884,773000,42.2974147222,-83.7287927778,56.0,3.75,1088.0,19.607843399,,,,,,,,,0.78125,,-3.125,
139.199214009,123,1884,774000,42.2974147222,-83.7287927778,54.0,3.75,1088.0,19.607843399,,,,,,,,,0.78125,,-3.125,
139.199214009,123,1884,774800,42.2974147222,-83.7287927778,54.0,3.31999993324,946.0,19.607843399,,,,,,,,,0.78125,,-3.125,
139.199214009,123,1884,775000,42.2971530556,-83.7292136111,54.0,3.31999993324,946.0,19.607843399,,,,,,,,,0.78125,,-3.125,
139.199214009,123,1884,775100,42.2971530556,-83.7292136111,52.0,3.31999993324,946.0,19.607843399,,,,,,,,,0.78125,,-3.125,
139.199214009,123,1884,776100,42.2971530556,-83.7292136111,47.0,3.31999993324,946.0,19.607843399,,,,,,,,,0.78125,,-3.125,
139.199214009,123,1884,776900,42.2971530556,-83.7292136111,47.0,3.3900001049,1074.0,19.607843399,,,,,,,,,0.78125,,-3.125,
139.199214009,123,1884,777000,42.2971530556,-83.7292136111,47.0,3.3900001049,1074.0,18.0392150879,,,,,,,,,-2.34375,,-3.125,
139.199214009,123,1884,778500,42.2971530556,-83.7292136111,45.0,3.3900001049,1074.0,18.0392150879,,,,,,,,,-2.34375,,-3.125,
139.199214009,123,1884,779000,42.2968713889,-83.7297175,45.0,3.3900001049,1074.0,18.0392150879,,,,,,,,,-2.34375,,-3.125,
139.199214009,123,1884,779300,42.2968713889,-83.7297175,45.0,3.34999990463,983.0,18.0392150879,,,,,,,,,-2.34375,,-3.125,
139.199214009,123,1884,779500,42.2968713889,-83.7297175,42.0,3.34999990463,983.0,18.0392150879,,,,,,,,,-2.34375,,-3.125,
139.199214009,123,1884,781200,42.2968713889,-83.7297175,40.0,3.34999990463,983.0,18.0392150879,,,,,,,,,-2.34375,,-3.125,
139.199214009,123,1884,781300,42.2968713889,-83.7297175,40.0,3.27999997139,1226.0,18.0392150879,,,,,,,,,-2.34375,,-3.125,
139.199214009,123,1884,782000,42.2967016667,-83.7300386111,40.0,3.27999997139,1226.0,18.0392150879,,,,,,,,,-2.34375,,-3.125,
139.199214009,123,1884,782300,42.2967016667,-83.7300386111,36.0,3.27999997139,1226.0,18.0392150879,,,,,,,,,-2.34375,,-3.125,
139.199214009,123,1884,783600,42.2967016667,-83.7300386111,36.0,3.72000002861,1247.0,18.0392150879,,,,,,,,,-2.34375,,-3.125,
139.199214009,123,1884,784700,42.2967016667,-83.7300386111,33.0,3.72000002861,1247.0,18.0392150879,,,,,,,,,-2.34375,,-3.125,
139.199214009,123,1884,785000,42.2965372222,-83.7303022222,33.0,3.72000002861,1247.0,18.0392150879,,,,,,,,,-2.34375,,-3.125,
139.199214009,123,1884,785600,42.2965372222,-83.7303022222,33.0,3.31999993324,1099.0,18.0392150879,,,,,,,,,-2.34375,,-3.125,
139.199214009,123,1884,785700,42.2965372222,-83.7303022222,31.0,3.31999993324,1099.0,18.0392150879,,,,,,,,,-2.34375,,-3.125,
139.199214009,123,1884,786700,42.2965372222,-83.7303022222,29.0,3.31999993324,1099.0,18.0392150879,,,,,,,,,-2.34375,,-3.125,
139.199214009,123,1884,787100,42.2965372222,-83.7303022222,29.0,3.31999993324,1099.0,20.0,,,,,,,,,-0.78125,,-3.125,
139.199214009,123,1884,787700,42.2965372222,-83.7303022222,29.0,3.05999994278,903.0,20.0,,,,,,,,,-0.78125,,-3.125,
139.199214009,123,1884,787800,42.2965372222,-83.7303022222,25.0,3.05999994278,903.0,20.0,,,,,,,,,-0.78125,,-3.125,
139.199214009,123,1884,788000,42.2964025,-83.7305119444,25.0,3.05999994278,903.0,20.0,,,,,,,,,-0.78125,,-3.125,
139.199214009,123,1884,789400,42.2964025,-83.7305119444,19.0,3.05999994278,903.0,20.0,,,,,,,,,-0.78125,,-3.125,
139.199214009,123,1884,789700,42.2964025,-83.7305119444,19.0,4.67000007629,932.0,20.0,,,,,,,,,-0.78125,,-3.125,
139.199214009,123,1884,791000,42.2964011111,-83.7306997222,19.0,4.67000007629,932.0,20.0,,,,,,,,,-0.78125,,-3.125,
139.199214009,123,1884,791400,42.2964011111,-83.7306997222,22.0,4.67000007629,932.0,20.0,,,,,,,,,-0.78125,,-3.125,
139.199214009,123,1884,791700,42.2964011111,-83.7306997222,22.0,14.1800003052,1816.0,20.0,,,,,,,,,-0.78125,,-3.125,
139.199214009,123,1884,792400,42.2964011111,-83.7306997222,22.0,14.1800003052,1816.0,40.3921585083,,,,,,,,,-2.34375,,-3.125,
139.199214009,123,1884,792500,42.2964011111,-83.7306997222,25.0,14.1800003052,1816.0,40.3921585083,,,,,,,,,-2.34375,,-3.125,
139.199214009,123,1884,793500,42.2964011111,-83.7306997222,30.0,14.1800003052,1816.0,40.3921585083,,,,,,,,,-2.34375,,-3.125,
139.199214009,123,1884,793900,42.2965744444,-83.7309044444,30.0,14.1800003052,1816.0,40.3921585083,,,,,,,,,-2.34375,,-3.125,
139.199214009,123,1884,794200,42.2965744444,-83.7309044444,30.0,12.7299995422,1661.0,40.3921585083,,,,,,,,,-2.34375,,-3.125,
139.199214009,123,1884,794900,42.2965744444,-83.7309044444,33.0,12.7299995422,1661.0,40.3921585083,,,,,,,,,-2.34375,,-3.125,
139.199214009,123,1884,796200,42.2965744444,-83.7309044444,40.0,5.44999980927,1646.0,40.3921585083,,,,,,,,,-2.34375,,-3.125,
139.199214009,123,1884,797300,42.2965744444,-83.7309044444,42.0,5.44999980927,1646.0,40.3921585083,,,,,,,,,-2.34375,,-3.125,
139.199214009,123,1884,797400,42.2965744444,-83.7309044444,42.0,5.44999980927,1646.0,23.5294113159,,,,,,,,,-1.5625,,-3.125,
139.199214009,123,1884,797900,42.2968941667,-83.7312377778,42.0,5.44999980927,1646.0,23.5294113159,,,,,,,,,-1.5625,,-3.125,
139.199214009,123,1884,798300,42.2968941667,-83.7312377778,43.0,3.3900001049,1766.0,23.5294113159,,,,,,,,,-1.5625,,-3.125,
139.199214009,123,1884,800400,42.2968941667,-83.7312377778,42.0,2.73000001907,1657.0,23.5294113159,,,,,,,,,-1.5625,,-3.125,
139.199214009,123,1884,800900,42.2971680556,-83.7314319444,42.0,2.73000001907,1657.0,23.5294113159,,,,,,,,,-1.5625,,-3.125,
139.199214009,123,1884,801800,42.2971680556,-83.7314319444,41.0,2.73000001907,1657.0,23.5294113159,,,,,,,,,-1.5625,,-3.125,
139.199214009,123,1884,802800,42.2971680556,-83.7314319444,40.0,7.30000019073,1693.0,24.3137264252,,,,,,,,,0.0,,-3.125,
139.199214009,123,1884,804000,42.2974427778,-83.7316127778,40.0,7.30000019073,1693.0,24.3137264252,,,,,,,,,0.0,,-3.125,
139.199214009,123,1884,804900,42.2974427778,-83.7316127778,40.0,3.17000007629,1549.0,24.3137264252,,,,,,,,,0.0,,-3.125,
139.199214009,123,1884,805900,42.2974427778,-83.7316127778,37.0,3.17000007629,1549.0,24.3137264252,,,,,,,,,0.0,,-3.125,
139.199214009,123,1884,807300,42.2974427778,-83.7316127778,34.0,2.67000007629,1338.0,24.3137264252,,,,,,,,,0.0,,-3.125,
139.199214009,123,1884,808000,42.2977830556,-83.7317783333,34.0,2.67000007629,1338.0,24.3137264252,,,,,,,,,0.0,,-3.125,
139.199214009,123,1884,808300,42.2977830556,-83.7317783333,30.0,2.67000007629,1338.0,12.9411764145,,,,,,,,,0.0,,-3.125,
139.199214009,123,1884,809400,42.2977830556,-83.7317783333,26.0,3.57999992371,736.0,12.9411764145,,,,,,,,,0.0,,-3.125,
139.199214009,123,1884,810400,42.2977830556,-83.7317783333,22.0,3.57999992371,736.0,12.9411764145,,,,,,,,,0.0,,-3.125,
139.199214009,123,1884,811000,42.2979466667,-83.7318616667,22.0,3.57999992371,736.0,12.9411764145,,,,,,,,,0.0,,-3.125,
139.199214009,123,1884,811400,42.2979466667,-83.7318616667,16.0,3.34999990463,734.0,12.9411764145,,,,,,,,,0.0,,-3.125,
139.199214009,123,1884,812800,42.2979466667,-83.7318616667,11.0,3.34999990463,734.0,12.9411764145,,,,,,,,,0.0,,-3.125,
139.199214009,123,1884,813800,42.2979466667,-83.7318616667,13.0,23.7399997711,2150.0,51.764705658,,,,,,,,,0.0,,-3.125,
139.199214009,123,1884,813900,42.2980341667,-83.7319577778,13.0,23.7399997711,2150.0,51.764705658,,,,,,,,,-1.5625,,-3.125,
139.199214009,123,1884,814900,42.2980341667,-83.7319577778,19.0,23.7399997711,2150.0,51.764705658,,,,,,,,,-1.5625,,-3.125,
139.199214009,123,1884,815900,42.2980341667,-83.7319577778,23.0,18.8899993896,1952.0,51.764705658,,,,,,,,,-1.5625,,-3.125,
139.199214009,123,1884,817000,42.2980341667,-83.7319577778,27.0,18.8899993896,1952.0,51.764705658,,,,,,,,,-1.5625,,-3.125,
139.199214009,123,1884,817900,42.2979341667,-83.7322227778,27.0,18.8899993896,1952.0,51.764705658,,,,,,,,,-1.5625,,-3.125,
139.199214009,123,1884,818300,42.2979341667,-83.7322227778,32.0,21.3899993896,2239.0,51.764705658,,,,,,,,,-1.5625,,-3.125,
139.199214009,123,1884,819400,42.2979341667,-83.7322227778,35.0,21.3899993896,2239.0,57.254901886,,,,,,,,,2.34375,,-3.125,
139.199214009,123,1884,820400,42.2979341667,-83.7322227778,39.0,21.7800006866,2354.0,57.254901886,,,,,,,,,2.34375,,-3.125,
139.199214009,123,1884,821100,42.2977655556,-83.732455,39.0,21.7800006866,2354.0,57.254901886,,,,,,,,,2.34375,,-3.125,
139.199214009,123,1884,822600,42.2977655556,-83.732455,43.0,24.4300003052,2414.0,57.254901886,,,,,,,,,2.34375,,-3.125,
139.199214009,123,1884,824000,42.2974727778,-83.73274,43.0,24.4300003052,2414.0,57.254901886,,,,,,,,,2.34375,,-3.125,
139.199214009,123,1884,824200,42.2974727778,-83.73274,45.0,24.4300003052,2414.0,57.254901886,,,,,,,,,2.34375,,-3.125,
139.199214009,123,1884,824700,42.2974727778,-83.73274,45.0,9.51000022888,1567.0,33.7254905701,,,,,,,,,1.5625,,-3.125,
139.199214009,123,1884,826400,42.2974727778,-83.73274,44.0,9.51000022888,1567.0,33.7254905701,,,,,,,,,1.5625,,-3.125,
139.199214009,123,1884,827200,42.2974727778,-83.73274,44.0,14.0,1529.0,33.7254905701,,,,,,,,,1.5625,,-3.125,
139.199214009,123,1884,827900,42.2971311111,-83.7331180556,44.0,14.0,1529.0,33.7254905701,,,,,,,,,1.5625,,-3.125,
139.199214009,123,1884,829600,42.2971311111,-83.7331180556,44.0,15.2700004578,2012.0,33.7254905701,,,,,,,,,1.5625,,-3.125,
139.199214009,123,1884,829800,42.2971311111,-83.7331180556,44.0,15.2700004578,2012.0,43.5294113159,,,,,,,,,2.34375,,-3.125,
139.199214009,123,1884,830900,42.2968827778,-83.7333883333,43.0,15.2700004578,2012.0,43.5294113159,,,,,,,,,2.34375,,-3.125,
139.199214009,123,1884,831700,42.2968827778,-83.7333883333,43.0,10.0799999237,1892.0,43.5294113159,,,,,,,,,2.34375,,-3.125,
139.199214009,123,1884,831900,42.2968827778,-83.7333883333,40.0,10.0799999237,1892.0,43.5294113159,,,,,,,,,2.34375,,-3.125,
139.199214009,123,1884,833800,42.2968827778,-83.7333883333,40.0,7.98000001907,1720.0,43.5294113159,,,,,,,,,2.34375,,-3.125,
139.199214009,123,1884,834400,42.2968827778,-83.7333883333,38.0,7.98000001907,1720.0,43.5294113159,,,,,,,,,2.34375,,-3.125,
139.199214009,123,1884,834900,42.2965844444,-83.7337152778,38.0,7.98000001907,1720.0,43.5294113159,,,,,,,,,2.34375,,-3.125,
139.199214009,123,1884,835200,42.2965844444,-83.7337152778,38.0,7.98000001907,1720.0,14.9019613266,,,,,,,,,-3.125,,-3.125,
139.199214009,123,1884,835400,42.2965844444,-83.7337152778,36.0,7.98000001907,1720.0,14.9019613266,,,,,,,,,-3.125,,-3.125,
139.199214009,123,1884,836200,42.2965844444,-83.7337152778,36.0,3.3900001049,1217.0,14.9019613266,,,,,,,,,-3.125,,-3.125,
139.199214009,123,1884,836400,42.2965844444,-83.7337152778,33.0,3.3900001049,1217.0,14.9019613266,,,,,,,,,-3.125,,-3.125,
139.199214009,123,1884,837500,42.2965844444,-83.7337152778,30.0,3.3900001049,1217.0,14.9019613266,,,,,,,,,-3.125,,-3.125,
139.199214009,123,1884,838000,42.2964033333,-83.7339144444,30.0,3.3900001049,1217.0,14.9019613266,,,,,,,,,-3.125,,-3.125,
139.199214009,123,1884,838300,42.2964033333,-83.7339144444,30.0,3.3900001049,926.0,14.9019613266,,,,,,,,,-3.125,,-3.125,
139.199214009,123,1884,838500,42.2964033333,-83.7339144444,27.0,3.3900001049,926.0,14.9019613266,,,,,,,,,-3.125,,-3.125,
139.199214009,123,1884,839900,42.2964033333,-83.7339144444,24.0,3.3900001049,926.0,14.9019613266,,,,,,,,,-3.125,,-3.125,
139.199214009,123,1884,840700,42.2964033333,-83.7339144444,24.0,13.5799999237,1751.0,41.9607849121,,,,,,,,,-1.5625,,-3.125,
139.199214009,123,1884,840900,42.2964033333,-83.7339144444,22.0,13.5799999237,1751.0,41.9607849121,,,,,,,,,-1.5625,,-3.125,
139.199214009,123,1884,842000,42.2963011111,-83.7341583333,22.0,13.5799999237,1751.0,41.9607849121,,,,,,,,,-1.5625,,-3.125,
139.199214009,123,1884,842700,42.2963011111,-83.7341583333,22.0,15.1800003052,2295.0,41.9607849121,,,,,,,,,-1.5625,,-3.125,
139.199214009,123,1884,843500,42.2963011111,-83.7341583333,29.0,15.1800003052,2295.0,41.9607849121,,,,,,,,,-1.5625,,-3.125,
139.199214009,123,1884,844900,42.2963011111,-83.7341583333,31.0,12.9799995422,1798.0,41.9607849121,,,,,,,,,-1.5625,,-3.125,
139.199214009,123,1884,845000,42.2963569444,-83.7344566667,31.0,12.9799995422,1798.0,41.9607849121,,,,,,,,,-1.5625,,-3.125,
139.199214009,123,1884,845700,42.2963569444,-83.7344566667,31.0,12.9799995422,1798.0,12.5490198135,,,,,,,,,-0.78125,,-3.125,
139.199214009,123,1884,845900,42.2963569444,-83.7344566667,33.0,12.9799995422,1798.0,12.5490198135,,,,,,,,,-0.78125,,-3.125,
139.199214009,123,1884,846900,42.2963569444,-83.7344566667,33.0,2.78999996185,1301.0,12.5490198135,,,,,,,,,-0.78125,,-3.125,
139.199214009,123,1884,848000,42.2964147222,-83.7347719444,32.0,2.78999996185,1301.0,12.5490198135,,,,,,,,,-0.78125,,-3.125,
139.199214009,123,1884,848900,42.2964147222,-83.7347719444,32.0,4.67000007629,1348.0,12.5490198135,,,,,,,,,-0.78125,,-3.125,
139.199214009,123,1884,849100,42.2964147222,-83.7347719444,31.0,4.67000007629,1348.0,12.5490198135,,,,,,,,,-0.78125,,-3.125,
139.199214009,123,1884,850400,42.2964147222,-83.7347719444,32.0,4.67000007629,1348.0,12.5490198135,,,,,,,,,-0.78125,,-3.125,
139.199214009,123,1884,851200,42.2964147222,-83.7347719444,32.0,5.76999998093,1329.0,26.6666679382,,,,,,,,,-9.375,,-3.125,
139.199214009,123,1884,851500,42.2964147222,-83.7347719444,31.0,5.76999998093,1329.0,26.6666679382,,,,,,,,,-9.375,,-3.125,
139.199214009,123,1884,852000,42.2964997222,-83.7351911111,31.0,5.76999998093,1329.0,26.6666679382,,,,,,,,,-9.375,,-3.125,
139.199214009,123,1884,852500,42.2964997222,-83.7351911111,32.0,5.76999998093,1329.0,26.6666679382,,,,,,,,,-9.375,,-3.125,
139.199214009,123,1884,853300,42.2964997222,-83.7351911111,32.0,4.78999996185,1381.0,26.6666679382,,,,,,,,,-9.375,,-3.125,
139.199214009,123,1884,853500,42.2964997222,-83.7351911111,33.0,4.78999996185,1381.0,26.6666679382,,,,,,,,,-9.375,,-3.125,
139.199214009,123,1884,854600,42.2964997222,-83.7351911111,34.0,4.78999996185,1381.0,26.6666679382,,,,,,,,,-9.375,,-3.125,
