DayNum,VehId,Trip,Timestamp(ms),Latitude[deg],Longitude[deg],Vehicle Speed[km/h],MAF[g/sec],Engine RPM[RPM],Absolute Load[%],OAT[DegC],Fuel Rate[L/hr],Air Conditioning Power[kW],Air Conditioning Power[Watts],Heater Power[Watts],HV Battery Current[A],HV Battery SOC[%],HV Battery Voltage[V],Short Term Fuel Trim Bank 1[%],Short Term Fuel Trim Bank 2[%],Long Term Fuel Trim Bank 1[%],Long Term Fuel Trim Bank 2[%]
10.6261020185,340,815,0,42.272955,-83.7989769444,62.0,28.1499996185,1500.0,67.4509811401,,,,,,,,,-7.8125,-7.03125,-0.78125,-2.34375
10.6261020185,340,815,300,42.272955,-83.7989769444,62.0,8.85999965668,1462.0,67.4509811401,,,,,,,,,-7.8125,-7.03125,-0.78125,-2.34375
10.6261020185,340,815,400,42.272955,-83.7989769444,60.0,8.85999965668,1462.0,67.4509811401,,,,,,,,,-7.8125,-7.03125,-0.78125,-2.34375
10.6261020185,340,815,1300,42.272955,-83.7989769444,60.0,8.85999965668,1462.0,25.882352829,,,,,,,,,-7.8125,-7.03125,-0.78125,-2.34375
10.6261020185,340,815,2400,42.272955,-83.7989769444,60.0,11.3500003815,1487.0,25.882352829,,,,,,,,,6.25,7.03125,-0.78125,-2.34375
10.6261020185,340,815,2800,42.2731958333,-83.7984405556,60.0,11.3500003815,1487.0,25.882352829,,,,,,,,,6.25,7.03125,-0.78125,-2.34375
10.6261020185,340,815,4400,42.2731958333,-83.7984405556,60.0,11.3500003815,1462.0,25.882352829,,,,,,,,,6.25,7.03125,-0.78125,-2.34375
10.6261020185,340,815,4500,42.2731958333,-83.7984405556,60.0,11.0200004578,1462.0,25.882352829,,,,,,,,,6.25,7.03125,-0.78125,-2.34375
10.6261020185,340,815,6000,42.2734380556,-83.7979041667,60.0,11.0200004578,1462.0,25.882352829,,,,,,,,,6.25,7.03125,-0.78125,-2.34375
10.6261020185,340,815,6500,42.2734380556,-83.7979041667,60.0,11.4600000381,1475.0,29.8039226532,,,,,,,,,6.25,7.03125,-0.78125,-2.34375
10.6261020185,340,815,7600,42.2734380556,-83.7979041667,60.0,11.4600000381,1475.0,29.8039226532,,,,,,,,,-5.46875,-3.125,-0.78125,-2.34375
10.6261020185,340,815,8600,42.2734380556,-83.7979041667,60.0,10.7600002289,1475.0,29.8039226532,,,,,,,,,-5.46875,-3.125,-0.78125,-2.34375
10.6261020185,340,815,8800,42.2736463889,-83.7973427778,60.0,10.7600002289,1475.0,29.8039226532,,,,,,,,,-5.46875,-3.125,-0.78125,-2.34375
10.6261020185,340,815,10700,42.2736463889,-83.7973427778,60.0,11.8900003433,1462.0,29.8039226532,,,,,,,,,-5.46875,-3.125,-0.78125,-2.34375
10.6261020185,340,815,11700,42.2736463889,-83.7973427778,60.0,11.8900003433,1462.0,31.372549057,,,,,,,,,-5.46875,-3.125,-0.78125,-2.34375
10.6261020185,340,815,11900,42.2737983333,-83.7967458333,60.0,11.8900003433,1462.0,31.372549057,,,,,,,,,-5.46875,-3.125,-0.78125,-2.34375
10.6261020185,340,815,12800,42.2737983333,-83.7967458333,60.0,12.6800003052,1487.0,31.372549057,,,,,,,,,-0.78125,0.78125,-0.78125,-2.34375
10.6261020185,340,815,14900,42.2737983333,-83.7967458333,60.0,11.9499998093,1475.0,31.372549057,,,,,,,,,-0.78125,0.78125,-0.78125,-2.34375
10.6261020185,340,815,15900,42.27383,-83.7959111111,60.0,11.9499998093,1475.0,31.372549057,,,,,,,,,-0.78125,0.78125,-1.5625,-2.34375
10.6261020185,340,815,16900,42.27383,-83.7959111111,60.0,11.7399997711,1475.0,30.5882358551,,,,,,,,,-0.78125,0.78125,-1.5625,-2.34375
10.6261020185,340,815,18100,42.27383,-83.7959111111,60.0,11.7399997711,1475.0,30.5882358551,,,,,,,,,-2.34375,0.0,-1.5625,-2.34375
10.6261020185,340,815,18800,42.273775,-83.7952891667,60.0,11.7399997711,1475.0,30.5882358551,,,,,,,,,-2.34375,0.0,-1.5625,-2.34375
10.6261020185,340,815,19200,42.273775,-83.7952891667,60.0,10.4799995422,1487.0,30.5882358551,,,,,,,,,-2.34375,0.0,-1.5625,-2.34375
10.6261020185,340,815,20300,42.273775,-83.7952891667,62.0,10.4799995422,1487.0,30.5882358551,,,,,,,,,-2.34375,0.0,-1.5625,-2.34375
10.6261020185,340,815,21400,42.273775,-83.7952891667,62.0,8.18000030518,1487.0,30.5882358551,,,,,,,,,-2.34375,0.0,-1.5625,-2.34375
10.6261020185,340,815,21800,42.2736969444,-83.7946663889,62.0,8.18000030518,1487.0,30.5882358551,,,,,,,,,-2.34375,0.0,-1.5625,-2.34375
10.6261020185,340,815,21900,42.2736969444,-83.7946663889,62.0,8.18000030518,1487.0,21.9607849121,,,,,,,,,-2.34375,0.0,-1.5625,-2.34375
10.6261020185,340,815,23100,42.2736969444,-83.7946663889,62.0,8.18000030518,1487.0,21.9607849121,,,,,,,,,1.5625,-1.5625,-1.5625,-2.34375
10.6261020185,340,815,23600,42.2736969444,-83.7946663889,62.0,6.53999996185,1475.0,21.9607849121,,,,,,,,,1.5625,-1.5625,-1.5625,-2.34375
10.6261020185,340,815,24900,42.2736177778,-83.7940419444,62.0,6.53999996185,1475.0,21.9607849121,,,,,,,,,1.5625,-1.5625,-1.5625,-2.34375
10.6261020185,340,815,25700,42.2736177778,-83.7940419444,62.0,6.15999984741,1487.0,21.9607849121,,,,,,,,,1.5625,-1.5625,-1.5625,-2.34375
10.6261020185,340,815,27000,42.2736177778,-83.7940419444,62.0,6.15999984741,1487.0,17.254901886,,,,,,,,,1.5625,-1.5625,-1.5625,-2.34375
10.6261020185,340,815,27800,42.2735361111,-83.793425,62.0,6.61999988556,1487.0,17.254901886,,,,,,,,,1.5625,-1.5625,-1.5625,-2.34375
10.6261020185,340,815,28200,42.2735361111,-83.793425,62.0,6.61999988556,1487.0,17.254901886,,,,,,,,,0.0,-0.78125,-1.5625,-2.34375
10.6261020185,340,815,29900,42.2735361111,-83.793425,60.0,7.69999980927,1475.0,17.254901886,,,,,,,,,0.0,-0.78125,-1.5625,-2.34375
10.6261020185,340,815,31800,42.2734269444,-83.7926033333,60.0,7.69999980927,1475.0,17.254901886,,,,,,,,,0.0,-0.78125,-1.5625,-2.34375
10.6261020185,340,815,31900,42.2734269444,-83.7926033333,60.0,8.53999996185,1462.0,17.254901886,,,,,,,,,0.0,-0.78125,-1.5625,-2.34375
10.6261020185,340,815,32000,42.2734269444,-83.7926033333,60.0,8.53999996185,1462.0,21.9607849121,,,,,,,,,0.0,-0.78125,-1.5625,-2.34375
10.6261020185,340,815,33000,42.2734269444,-83.7926033333,62.0,8.53999996185,1462.0,21.9607849121,,,,,,,,,0.0,-0.78125,-1.5625,-2.34375
10.6261020185,340,815,33200,42.2734269444,-83.7926033333,62.0,8.53999996185,1462.0,21.9607849121,,,,,,,,,-0.78125,2.34375,-1.5625,-2.34375
10.6261020185,340,815,34000,42.2734269444,-83.7926033333,62.0,5.48999977112,1487.0,21.9607849121,,,,,,,,,-0.78125,2.34375,-1.5625,-2.34375
10.6261020185,340,815,34800,42.2733441667,-83.7919836111,62.0,5.48999977112,1487.0,21.9607849121,,,,,,,,,-0.78125,2.34375,-1.5625,-2.34375
10.6261020185,340,815,36100,42.2733441667,-83.7919836111,62.0,5.46000003815,1500.0,21.9607849121,,,,,,,,,-0.78125,2.34375,-1.5625,-2.34375
10.6261020185,340,815,37100,42.2733441667,-83.7919836111,62.0,5.46000003815,1500.0,13.3333339691,,,,,,,,,-0.78125,2.34375,-1.5625,-2.34375
10.6261020185,340,815,37900,42.2732619444,-83.7913561111,62.0,5.46000003815,1500.0,13.3333339691,,,,,,,,,-0.78125,2.34375,-1.5625,-2.34375
10.6261020185,340,815,38200,42.2732619444,-83.7913561111,62.0,4.84999990463,1475.0,13.3333339691,,,,,,,,,0.78125,0.0,-1.5625,-2.34375
10.6261020185,340,815,40300,42.2732619444,-83.7913561111,62.0,4.28000020981,1475.0,13.3333339691,,,,,,,,,0.78125,0.0,-1.5625,-2.34375
10.6261020185,340,815,40900,42.2731761111,-83.7907419444,62.0,4.28000020981,1475.0,13.3333339691,,,,,,,,,0.78125,0.0,-1.5625,-2.34375
10.6261020185,340,815,41300,42.2731761111,-83.7907419444,60.0,4.28000020981,1475.0,13.3333339691,,,,,,,,,0.78125,0.0,-1.5625,-2.34375
10.6261020185,340,815,42300,42.2731761111,-83.7907419444,60.0,5.19999980927,1450.0,13.3333339691,,,,,,,,,0.78125,0.0,-1.5625,-2.34375
10.6261020185,340,815,43400,42.2731761111,-83.7907419444,58.0,5.19999980927,1450.0,13.3333339691,,,,,,,,,9.375,6.25,-1.5625,-2.34375
10.6261020185,340,815,43800,42.2731061111,-83.7901533333,58.0,5.19999980927,1450.0,13.3333339691,,,,,,,,,9.375,6.25,-1.5625,-2.34375
10.6261020185,340,815,44400,42.2731061111,-83.7901533333,58.0,9.14000034332,1450.0,13.3333339691,,,,,,,,,9.375,6.25,-1.5625,-2.34375
10.6261020185,340,815,45500,42.2731061111,-83.7901533333,58.0,9.14000034332,1450.0,13.3333339691,,,,,,,,,9.375,6.25,-1.5625,-2.34375
10.6261020185,340,815,46500,42.2731061111,-83.7901533333,58.0,10.470000267,1450.0,13.3333339691,,,,,,,,,9.375,6.25,0.78125,0.0
10.6261020185,340,815,46800,42.2730377778,-83.7895577778,58.0,10.470000267,1450.0,13.3333339691,,,,,,,,,9.375,6.25,0.78125,0.0
10.6261020185,340,815,47400,42.2730377778,-83.7895577778,58.0,10.470000267,1450.0,27.4509811401,,,,,,,,,9.375,6.25,0.78125,0.0
10.6261020185,340,815,47500,42.2730377778,-83.7895577778,60.0,10.470000267,1450.0,27.4509811401,,,,,,,,,9.375,6.25,0.78125,0.0
10.6261020185,340,815,48400,42.2730377778,-83.7895577778,60.0,10.470000267,1450.0,27.4509811401,,,,,,,,,0.0,1.5625,0.78125,0.0
10.6261020185,340,815,48500,42.2730377778,-83.7895577778,60.0,11.8500003815,1462.0,27.4509811401,,,,,,,,,0.0,1.5625,0.78125,0.0
10.6261020185,340,815,49900,42.2729641667,-83.788955,60.0,11.8500003815,1462.0,27.4509811401,,,,,,,,,0.0,1.5625,0.78125,0.0
10.6261020185,340,815,50500,42.2729641667,-83.788955,60.0,12.6800003052,1462.0,27.4509811401,,,,,,,,,0.0,1.5625,0.78125,0.0
10.6261020185,340,815,52400,42.2729641667,-83.788955,60.0,12.6800003052,1462.0,37.6470603943,,,,,,,,,0.0,1.5625,0.78125,0.0
10.6261020185,340,815,52500,42.2729641667,-83.788955,60.0,14.3599996567,1475.0,37.6470603943,,,,,,,,,0.0,1.5625,0.78125,0.0
10.6261020185,340,815,52800,42.2728852778,-83.7883469444,60.0,14.3599996567,1475.0,37.6470603943,,,,,,,,,0.0,1.5625,0.78125,0.0
10.6261020185,340,815,53600,42.2728852778,-83.7883469444,60.0,14.3599996567,1475.0,37.6470603943,,,,,,,,,-2.34375,1.5625,0.78125,0.0
10.6261020185,340,815,53700,42.2728852778,-83.7883469444,60.0,14.3599996567,1475.0,37.6470603943,,,,,,,,,-2.34375,0.78125,0.78125,0.0
10.6261020185,340,815,54700,42.2728852778,-83.7883469444,60.0,15.0399999619,1475.0,37.6470603943,,,,,,,,,-2.34375,0.78125,0.78125,0.0
10.6261020185,340,815,56800,42.272775,-83.7875191667,60.0,15.0399999619,1475.0,37.6470603943,,,,,,,,,-2.34375,0.78125,0.78125,0.0
10.6261020185,340,815,56900,42.272775,-83.7875191667,60.0,13.779999733,1437.0,37.6470603943,,,,,,,,,-2.34375,0.78125,0.78125,0.0
10.6261020185,340,815,58000,42.272775,-83.7875191667,60.0,13.779999733,1437.0,36.0784301758,,,,,,,,,-2.34375,0.78125,0.78125,0.0
10.6261020185,340,815,59000,42.272775,-83.7875191667,60.0,13.9200000763,1475.0,36.0784301758,,,,,,,,,0.0,1.5625,0.78125,0.0
10.6261020185,340,815,59900,42.2726925,-83.7869008333,60.0,13.9200000763,1475.0,36.0784301758,,,,,,,,,0.0,1.5625,0.78125,0.0
10.6261020185,340,815,62800,42.2726130556,-83.7862811111,60.0,13.9200000763,1475.0,36.0784301758,,,,,,,,,0.0,1.5625,0.78125,0.0
10.6261020185,340,815,63200,42.2726130556,-83.7862811111,62.0,12.2299995422,1462.0,32.1568641663,,,,,,,,,0.0,1.5625,0.78125,0.0
10.6261020185,340,815,64200,42.2726130556,-83.7862811111,62.0,12.2299995422,1462.0,32.1568641663,,,,,,,,,-0.78125,2.34375,0.78125,0.0
10.6261020185,340,815,64300,42.2726130556,-83.7862811111,60.0,12.2299995422,1462.0,32.1568641663,,,,,,,,,-0.78125,2.34375,0.78125,0.0
10.6261020185,340,815,65300,42.2726130556,-83.7862811111,60.0,12.5100002289,1487.0,32.1568641663,,,,,,,,,-0.78125,2.34375,0.78125,0.0
10.6261020185,340,815,65800,42.2725636111,-83.7856561111,60.0,12.5100002289,1487.0,32.1568641663,,,,,,,,,-0.78125,2.34375,0.78125,0.0
10.6261020185,340,815,66300,42.2725636111,-83.7856561111,62.0,12.5100002289,1487.0,32.1568641663,,,,,,,,,-0.78125,2.34375,0.78125,0.0
10.6261020185,340,815,67300,42.2725636111,-83.7856561111,62.0,10.779999733,1475.0,32.1568641663,,,,,,,,,-0.78125,2.34375,0.78125,0.0
10.6261020185,340,815,68400,42.2725636111,-83.7856561111,62.0,10.779999733,1475.0,26.6666679382,,,,,,,,,-0.78125,2.34375,0.78125,0.0
10.6261020185,340,815,68900,42.272565,-83.7850313889,62.0,10.779999733,1475.0,26.6666679382,,,,,,,,,-0.78125,2.34375,0.78125,0.0
10.6261020185,340,815,69400,42.272565,-83.7850313889,62.0,11.2100000381,1475.0,26.6666679382,,,,,,,,,-0.78125,0.78125,0.78125,0.0
10.6261020185,340,815,71500,42.272565,-83.7850313889,62.0,11.2299995422,1487.0,26.6666679382,,,,,,,,,-0.78125,0.78125,0.78125,0.0
10.6261020185,340,815,71600,42.272565,-83.7850313889,60.0,11.2299995422,1487.0,26.6666679382,,,,,,,,,-0.78125,0.78125,0.78125,0.0
10.6261020185,340,815,71900,42.2726002778,-83.7844136111,60.0,11.2299995422,1487.0,26.6666679382,,,,,,,,,-0.78125,0.78125,0.78125,0.0
10.6261020185,340,815,72600,42.2726002778,-83.7844136111,62.0,11.2299995422,1487.0,26.6666679382,,,,,,,,,-0.78125,0.78125,0.78125,0.0
10.6261020185,340,815,73600,42.2726002778,-83.7844136111,62.0,9.68000030518,1475.0,25.0980396271,,,,,,,,,-0.78125,0.78125,0.78125,0.0
10.6261020185,340,815,74600,42.2726002778,-83.7844136111,62.0,9.68000030518,1475.0,25.0980396271,,,,,,,,,1.5625,1.5625,0.78125,0.0
10.6261020185,340,815,74700,42.2726002778,-83.7844136111,60.0,9.68000030518,1475.0,25.0980396271,,,,,,,,,1.5625,1.5625,0.78125,0.0
10.6261020185,340,815,74900,42.2726688889,-83.7837933333,60.0,9.68000030518,1475.0,25.0980396271,,,,,,,,,1.5625,1.5625,0.78125,0.0
10.6261020185,340,815,75700,42.2726688889,-83.7837933333,60.0,10.7700004578,1475.0,25.0980396271,,,,,,,,,1.5625,1.5625,0.78125,0.0
10.6261020185,340,815,76700,42.2726688889,-83.7837933333,60.0,10.7700004578,1475.0,25.0980396271,,,,,,,,,1.5625,1.5625,-1.5625,-2.34375
10.6261020185,340,815,76800,42.2726688889,-83.7837933333,62.0,10.7700004578,1475.0,25.0980396271,,,,,,,,,1.5625,1.5625,-1.5625,-2.34375
10.6261020185,340,815,77800,42.2727763889,-83.7831819444,62.0,7.53999996185,1487.0,25.0980396271,,,,,,,,,1.5625,1.5625,-1.5625,-2.34375
10.6261020185,340,815,78900,42.2727763889,-83.7831819444,62.0,7.53999996185,1487.0,18.0392150879,,,,,,,,,1.5625,1.5625,-1.5625,-2.34375
10.6261020185,340,815,79900,42.2727763889,-83.7831819444,62.0,6.36000013351,1475.0,18.0392150879,,,,,,,,,-2.34375,-4.6875,-1.5625,-2.34375
10.6261020185,340,815,81800,42.2729463889,-83.7823794444,62.0,6.36000013351,1475.0,18.0392150879,,,,,,,,,-2.34375,-4.6875,-1.5625,-2.34375
10.6261020185,340,815,82000,42.2729463889,-83.7823794444,60.0,8.93000030518,1462.0,18.0392150879,,,,,,,,,-2.34375,-4.6875,-1.5625,-2.34375
10.6261020185,340,815,84100,42.2729463889,-83.7823794444,60.0,11.3999996185,1475.0,29.8039226532,,,,,,,,,-2.34375,-4.6875,-1.5625,-2.34375
10.6261020185,340,815,84800,42.2730752778,-83.7817944444,60.0,11.3999996185,1475.0,29.8039226532,,,,,,,,,-2.34375,-4.6875,-1.5625,-2.34375
10.6261020185,340,815,85100,42.2730752778,-83.7817944444,60.0,11.3999996185,1475.0,29.8039226532,,,,,,,,,-2.34375,-0.78125,-1.5625,-2.34375
10.6261020185,340,815,86100,42.2730752778,-83.7817944444,58.0,4.13000011444,1425.0,29.8039226532,,,,,,,,,-2.34375,-0.78125,-1.5625,-2.34375
10.6261020185,340,815,87200,42.2730752778,-83.7817944444,54.0,4.13000011444,1425.0,29.8039226532,,,,,,,,,-2.34375,-0.78125,-1.5625,-2.34375
10.6261020185,340,815,87900,42.2731969444,-83.7812641667,54.0,4.13000011444,1425.0,29.8039226532,,,,,,,,,-2.34375,-0.78125,-1.5625,-2.34375
10.6261020185,340,815,88200,42.2731969444,-83.7812641667,50.0,4.11999988556,1337.0,29.8039226532,,,,,,,,,-2.34375,-0.78125,-1.5625,-2.34375
10.6261020185,340,815,89300,42.2731969444,-83.7812641667,44.0,4.11999988556,1337.0,11.764705658,,,,,,,,,-2.34375,-0.78125,-1.5625,-2.34375
10.6261020185,340,815,90500,42.2731969444,-83.7812641667,38.0,3.94000005722,1262.0,11.764705658,,,,,,,,,0.0,0.0,-1.5625,-2.34375
10.6261020185,340,815,90900,42.2732872222,-83.7808625,38.0,3.94000005722,1262.0,11.764705658,,,,,,,,,0.0,0.0,-1.5625,-2.34375
10.6261020185,340,815,91600,42.2732872222,-83.7808625,32.0,3.94000005722,1262.0,11.764705658,,,,,,,,,0.0,0.0,-1.5625,-2.34375
10.6261020185,340,815,92600,42.2732872222,-83.7808625,26.0,3.94000005722,1262.0,11.764705658,,,,,,,,,0.0,0.0,-1.5625,-2.34375
10.6261020185,340,815,92700,42.2732872222,-83.7808625,26.0,4.05000019073,1150.0,11.764705658,,,,,,,,,0.0,0.0,-1.5625,-2.34375
10.6261020185,340,815,93800,42.2733483333,-83.7806152778,20.0,4.05000019073,1150.0,11.764705658,,,,,,,,,0.0,0.0,-1.5625,-2.34375
10.6261020185,340,815,94700,42.2733483333,-83.7806152778,20.0,3.67000007629,862.0,15.6862745285,,,,,,,,,0.0,0.0,-1.5625,-2.34375
10.6261020185,340,815,94800,42.2733483333,-83.7806152778,14.0,3.67000007629,862.0,15.6862745285,,,,,,,,,0.0,0.0,-1.5625,-2.34375
10.6261020185,340,815,95800,42.2733483333,-83.7806152778,14.0,3.67000007629,862.0,15.6862745285,,,,,,,,,2.34375,2.34375,-1.5625,-2.34375
10.6261020185,340,815,96800,42.2733877778,-83.7804752778,14.0,3.96000003815,887.0,15.6862745285,,,,,,,,,2.34375,2.34375,-1.5625,-2.34375
10.6261020185,340,815,98900,42.2733877778,-83.7804752778,18.0,17.8999996185,1737.0,15.6862745285,,,,,,,,,2.34375,2.34375,-1.5625,-2.34375
10.6261020185,340,815,99900,42.2733877778,-83.7804752778,18.0,17.8999996185,1737.0,41.5686264038,,,,,,,,,2.34375,2.34375,-1.5625,-2.34375
10.6261020185,340,815,100000,42.2733877778,-83.7804752778,24.0,17.8999996185,1737.0,41.5686264038,,,,,,,,,2.34375,2.34375,-1.5625,-2.34375
10.6261020185,340,815,100800,42.2734658333,-83.7801775,24.0,17.8999996185,1737.0,41.5686264038,,,,,,,,,2.34375,2.34375,-1.5625,-2.34375
10.6261020185,340,815,101000,42.2734658333,-83.7801775,28.0,18.1900005341,1537.0,41.5686264038,,,,,,,,,-3.125,-3.125,-1.5625,-2.34375
10.6261020185,340,815,102100,42.2734658333,-83.7801775,34.0,18.1900005341,1537.0,41.5686264038,,,,,,,,,-3.125,-3.125,-1.5625,-2.34375
10.6261020185,340,815,103100,42.2734658333,-83.7801775,36.0,17.7099990845,1337.0,41.5686264038,,,,,,,,,-3.125,-3.125,-1.5625,-2.34375
10.6261020185,340,815,103800,42.2735461111,-83.7798088889,36.0,17.7099990845,1337.0,41.5686264038,,,,,,,,,-3.125,-3.125,-1.5625,-2.34375
10.6261020185,340,815,104100,42.2735461111,-83.7798088889,40.0,17.7099990845,1337.0,41.5686264038,,,,,,,,,-3.125,-3.125,-1.5625,-2.34375
10.6261020185,340,815,105100,42.2735461111,-83.7798088889,40.0,22.5599994659,1400.0,62.745098114,,,,,,,,,-3.125,-3.125,-1.5625,-2.34375
10.6261020185,340,815,105200,42.2735461111,-83.7798088889,42.0,22.5599994659,1400.0,62.745098114,,,,,,,,,-3.125,-3.125,-1.5625,-2.34375
10.6261020185,340,815,105500,42.2735461111,-83.7798088889,42.0,22.5599994659,1400.0,62.745098114,,,,,,,,,-3.125,-3.125,-1.5625,-2.34375
10.6261020185,340,815,106200,42.2735461111,-83.7798088889,46.0,22.5599994659,1400.0,62.745098114,,,,,,,,,-5.46875,-3.125,-1.5625,-2.34375
10.6261020185,340,815,106900,42.273645,-83.7793533333,46.0,22.5599994659,1400.0,62.745098114,,,,,,,,,-5.46875,-3.125,-1.5625,-2.34375
10.6261020185,340,815,107200,42.273645,-83.7793533333,46.0,4.67999982834,1312.0,62.745098114,,,,,,,,,-5.46875,-3.125,-1.5625,-2.34375
10.6261020185,340,815,107800,42.273645,-83.7793533333,50.0,4.67999982834,1312.0,62.745098114,,,,,,,,,-5.46875,-3.125,-1.5625,-2.34375
10.6261020185,340,815,108800,42.273645,-83.7793533333,48.0,4.67999982834,1312.0,62.745098114,,,,,,,,,-5.46875,-3.125,-1.5625,-2.34375
10.6261020185,340,815,109200,42.273645,-83.7793533333,48.0,6.0,1337.0,62.745098114,,,,,,,,,-5.46875,-3.125,-1.5625,-2.34375
10.6261020185,340,815,109900,42.2737497222,-83.7788827778,46.0,6.0,1337.0,62.745098114,,,,,,,,,-5.46875,-3.125,-1.5625,-2.34375
10.6261020185,340,815,110200,42.2737497222,-83.7788827778,46.0,6.0,1337.0,18.0392150879,,,,,,,,,-5.46875,-3.125,-1.5625,-2.34375
10.6261020185,340,815,111200,42.2737497222,-83.7788827778,46.0,7.15999984741,1337.0,18.0392150879,,,,,,,,,10.15625,13.28125,-1.5625,-2.34375
10.6261020185,340,815,112000,42.2737497222,-83.7788827778,48.0,7.15999984741,1337.0,18.0392150879,,,,,,,,,10.15625,13.28125,-1.5625,-2.34375
10.6261020185,340,815,112800,42.2738452778,-83.778405,48.0,7.15999984741,1337.0,18.0392150879,,,,,,,,,10.15625,13.28125,-1.5625,-2.34375
10.6261020185,340,815,113200,42.2738452778,-83.778405,48.0,3.98000001907,1350.0,18.0392150879,,,,,,,,,10.15625,13.28125,-1.5625,-2.34375
10.6261020185,340,815,115200,42.2738452778,-83.778405,48.0,5.63999986649,1375.0,15.6862745285,,,,,,,,,10.15625,13.28125,-1.5625,-2.34375
10.6261020185,340,815,115800,42.2739525,-83.7779191667,48.0,5.63999986649,1375.0,15.6862745285,,,,,,,,,10.15625,13.28125,-1.5625,-2.34375
10.6261020185,340,815,116200,42.2739525,-83.7779191667,48.0,5.63999986649,1375.0,15.6862745285,,,,,,,,,-4.6875,0.0,-1.5625,-2.34375
10.6261020185,340,815,117200,42.2739525,-83.7779191667,50.0,4.71999979019,1462.0,15.6862745285,,,,,,,,,-4.6875,0.0,-1.5625,-2.34375
10.6261020185,340,815,118300,42.2739525,-83.7779191667,48.0,4.71999979019,1462.0,15.6862745285,,,,,,,,,-4.6875,0.0,-1.5625,-2.34375
10.6261020185,340,815,118900,42.2740616667,-83.7774313889,48.0,4.71999979019,1462.0,15.6862745285,,,,,,,,,-4.6875,0.0,-1.5625,-2.34375
10.6261020185,340,815,119300,42.2740616667,-83.7774313889,48.0,4.86999988556,1362.0,15.6862745285,,,,,,,,,-4.6875,0.0,-1.5625,-2.34375
10.6261020185,340,815,120300,42.2740616667,-83.7774313889,48.0,4.86999988556,1362.0,14.117647171,,,,,,,,,-4.6875,0.0,-1.5625,-2.34375
10.6261020185,340,815,121400,42.2740616667,-83.7774313889,48.0,4.15000009537,1325.0,14.117647171,,,,,,,,,0.0,0.0,-1.5625,-2.34375
10.6261020185,340,815,121900,42.2741669444,-83.7769519444,48.0,4.15000009537,1325.0,14.117647171,,,,,,,,,0.0,0.0,-1.5625,-2.34375
10.6261020185,340,815,122400,42.2741669444,-83.7769519444,46.0,4.15000009537,1325.0,14.117647171,,,,,,,,,0.0,0.0,-1.5625,-2.34375
10.6261020185,340,815,123500,42.2741669444,-83.7769519444,48.0,13.5799999237,1375.0,14.117647171,,,,,,,,,0.0,0.0,-1.5625,-2.34375
10.6261020185,340,815,124800,42.2742508333,-83.7764669444,48.0,13.5799999237,1375.0,14.117647171,,,,,,,,,0.0,0.0,-1.5625,-2.34375
10.6261020185,340,815,125700,42.2742508333,-83.7764669444,48.0,16.8099994659,1350.0,45.490196228,,,,,,,,,0.0,0.0,-1.5625,-2.34375
10.6261020185,340,815,126800,42.2742508333,-83.7764669444,50.0,16.8099994659,1350.0,45.490196228,,,,,,,,,0.0,0.0,-1.5625,-2.34375
10.6261020185,340,815,126900,42.2742508333,-83.7764669444,50.0,16.8099994659,1350.0,45.490196228,,,,,,,,,-7.8125,-5.46875,-1.5625,-2.34375
10.6261020185,340,815,127900,42.2742508333,-83.7764669444,52.0,19.0400009155,1400.0,45.490196228,,,,,,,,,-7.8125,-5.46875,-1.5625,-2.34375
10.6261020185,340,815,128800,42.2743736111,-83.7757725,52.0,19.0400009155,1400.0,45.490196228,,,,,,,,,-7.8125,-5.46875,-1.5625,-2.34375
10.6261020185,340,815,129000,42.2743736111,-83.7757725,54.0,19.0400009155,1400.0,45.490196228,,,,,,,,,-7.8125,-5.46875,-1.5625,-2.34375
10.6261020185,340,815,130100,42.2743736111,-83.7757725,52.0,17.8899993896,1400.0,45.490196228,,,,,,,,,-7.8125,-5.46875,-1.5625,-2.34375
10.6261020185,340,815,131100,42.2743736111,-83.7757725,54.0,17.8899993896,1400.0,49.4117660522,,,,,,,,,-7.8125,-5.46875,-1.5625,-2.34375
10.6261020185,340,815,131800,42.2744875,-83.7752391667,54.0,17.8899993896,1400.0,49.4117660522,,,,,,,,,-7.8125,-5.46875,-1.5625,-2.34375
10.6261020185,340,815,132100,42.2744875,-83.7752391667,54.0,15.4200000763,1412.0,49.4117660522,,,,,,,,,-7.03125,-4.6875,-1.5625,-2.34375
10.6261020185,340,815,133200,42.2744875,-83.7752391667,56.0,15.4200000763,1412.0,49.4117660522,,,,,,,,,-7.03125,-4.6875,-1.5625,-2.34375
10.6261020185,340,815,134200,42.2744875,-83.7752391667,56.0,11.9200000763,1425.0,49.4117660522,,,,,,,,,-7.03125,-4.6875,-1.5625,-2.34375
10.6261020185,340,815,134800,42.2746344444,-83.7747008333,56.0,11.9200000763,1425.0,49.4117660522,,,,,,,,,-7.03125,-4.6875,-1.5625,-2.34375
10.6261020185,340,815,136300,42.2746344444,-83.7747008333,58.0,4.53000020981,1425.0,14.117647171,,,,,,,,,-7.03125,-4.6875,-1.5625,-2.34375
10.6261020185,340,815,137300,42.2746344444,-83.7747008333,58.0,4.53000020981,1425.0,14.117647171,,,,,,,,,-3.90625,-3.125,-1.5625,-2.34375
10.6261020185,340,815,137900,42.27477,-83.7741469444,58.0,4.53000020981,1425.0,14.117647171,,,,,,,,,-3.90625,-3.125,-1.5625,-2.34375
10.6261020185,340,815,138500,42.27477,-83.7741469444,56.0,4.11000013351,1425.0,14.117647171,,,,,,,,,-3.90625,-3.125,-1.5625,-2.34375
10.6261020185,340,815,140500,42.27477,-83.7741469444,56.0,4.17999982834,1437.0,14.117647171,,,,,,,,,-3.90625,-3.125,-1.5625,-2.34375
10.6261020185,340,815,140900,42.27488,-83.7735844444,56.0,4.17999982834,1437.0,14.117647171,,,,,,,,,-3.90625,-3.125,-1.5625,-2.34375
10.6261020185,340,815,141600,42.27488,-83.7735844444,56.0,4.17999982834,1437.0,10.9803924561,,,,,,,,,-3.90625,-3.125,-1.5625,-2.34375
10.6261020185,340,815,142600,42.27488,-83.7735844444,56.0,4.07999992371,1412.0,10.9803924561,,,,,,,,,0.0,0.0,-1.5625,-2.34375
10.6261020185,340,815,143800,42.2749869444,-83.7730233333,56.0,4.07999992371,1412.0,10.9803924561,,,,,,,,,0.0,0.0,-1.5625,-2.34375
10.6261020185,340,815,144700,42.2749869444,-83.7730233333,56.0,4.09000015259,1437.0,10.9803924561,,,,,,,,,0.0,0.0,-1.5625,-2.34375
10.6261020185,340,815,146800,42.2749869444,-83.7730233333,56.0,4.09000015259,1400.0,10.9803924561,,,,,,,,,0.0,0.0,-1.5625,-2.34375
10.6261020185,340,815,147800,42.2751341667,-83.7722872222,54.0,4.09000015259,1400.0,10.9803924561,,,,,,,,,0.0,0.0,-1.5625,-2.34375
10.6261020185,340,815,148900,42.2751341667,-83.7722872222,54.0,3.97000002861,1375.0,10.9803924561,,,,,,,,,0.0,0.0,-1.5625,-2.34375
10.6261020185,340,815,149900,42.2751341667,-83.7722872222,52.0,3.97000002861,1375.0,10.9803924561,,,,,,,,,0.0,0.0,-1.5625,-2.34375
10.6261020185,340,815,150800,42.2752352778,-83.7717733333,52.0,3.97000002861,1375.0,10.9803924561,,,,,,,,,0.0,0.0,-1.5625,-2.34375
10.6261020185,340,815,150900,42.2752352778,-83.7717733333,50.0,3.94000005722,1362.0,10.9803924561,,,,,,,,,0.0,0.0,-1.5625,-2.34375
10.6261020185,340,815,152000,42.2752352778,-83.7717733333,48.0,3.94000005722,1362.0,10.9803924561,,,,,,,,,0.0,0.0,-1.5625,-2.34375
10.6261020185,340,815,153000,42.2752352778,-83.7717733333,46.0,3.86999988556,1337.0,10.9803924561,,,,,,,,,0.0,0.0,-1.5625,-2.34375
10.6261020185,340,815,153900,42.2753386111,-83.771305,46.0,3.86999988556,1337.0,10.9803924561,,,,,,,,,0.0,0.0,-1.5625,-2.34375
10.6261020185,340,815,155100,42.2753386111,-83.771305,50.0,19.8899993896,1400.0,10.9803924561,,,,,,,,,0.0,0.0,-1.5625,-2.34375
10.6261020185,340,815,156100,42.2753386111,-83.771305,54.0,19.8899993896,1400.0,10.9803924561,,,,,,,,,0.0,0.0,-1.5625,-2.34375
10.6261020185,340,815,156900,42.2754461111,-83.7707919444,54.0,19.8899993896,1400.0,10.9803924561,,,,,,,,,0.0,0.0,-1.5625,-2.34375
10.6261020185,340,815,157200,42.2754461111,-83.7707919444,54.0,4.07999992371,1362.0,11.764705658,,,,,,,,,0.0,0.0,-1.5625,-2.34375
10.6261020185,340,815,158200,42.2754461111,-83.7707919444,52.0,4.07999992371,1362.0,11.764705658,,,,,,,,,0.0,0.0,-1.5625,-2.34375
10.6261020185,340,815,159300,42.2754461111,-83.7707919444,54.0,8.5,1412.0,11.764705658,,,,,,,,,0.0,0.0,-1.5625,-2.34375
10.6261020185,340,815,159900,42.2755569444,-83.7702583333,54.0,8.5,1412.0,11.764705658,,,,,,,,,0.0,0.0,-1.5625,-2.34375
10.6261020185,340,815,161400,42.2755569444,-83.7702583333,54.0,4.36000013351,1387.0,11.764705658,,,,,,,,,0.0,0.0,-1.5625,-2.34375
10.6261020185,340,815,162500,42.2755569444,-83.7702583333,54.0,4.36000013351,1387.0,19.607843399,,,,,,,,,0.0,0.0,-1.5625,-2.34375
10.6261020185,340,815,162900,42.2756733333,-83.7697186111,54.0,4.36000013351,1387.0,19.607843399,,,,,,,,,0.0,0.0,-1.5625,-2.34375
10.6261020185,340,815,163700,42.2756733333,-83.7697186111,54.0,8.72000026703,1425.0,19.607843399,,,,,,,,,0.0,0.0,-1.5625,-2.34375
10.6261020185,340,815,164800,42.2756733333,-83.7697186111,56.0,8.72000026703,1425.0,19.607843399,,,,,,,,,0.0,0.0,-1.5625,-2.34375
10.6261020185,340,815,165800,42.2756733333,-83.7697186111,56.0,4.57000017166,1425.0,19.607843399,,,,,,,,,0.0,0.0,-1.5625,-2.34375
10.6261020185,340,815,166800,42.2758252778,-83.7689888889,56.0,4.57000017166,1425.0,19.607843399,,,,,,,,,0.0,0.0,-1.5625,-2.34375
10.6261020185,340,815,167900,42.2758252778,-83.7689888889,54.0,4.01999998093,1387.0,11.764705658,,,,,,,,,0.0,0.0,-1.5625,-2.34375
10.6261020185,340,815,169000,42.2758252778,-83.7689888889,52.0,4.01999998093,1387.0,11.764705658,,,,,,,,,0.0,0.0,-1.5625,-2.34375
10.6261020185,340,815,169800,42.2759288889,-83.7684730556,52.0,4.01999998093,1387.0,11.764705658,,,,,,,,,0.0,0.0,-1.5625,-2.34375
10.6261020185,340,815,169900,42.2759288889,-83.7684730556,52.0,5.73000001907,1375.0,11.764705658,,,,,,,,,0.0,0.0,-1.5625,-2.34375
10.6261020185,340,815,171000,42.2759288889,-83.7684730556,50.0,5.73000001907,1375.0,11.764705658,,,,,,,,,0.0,0.0,-1.5625,-2.34375
10.6261020185,340,815,171900,42.2759288889,-83.7684730556,50.0,4.92999982834,1350.0,11.764705658,,,,,,,,,0.0,0.0,-1.5625,-2.34375
10.6261020185,340,815,172100,42.2759288889,-83.7684730556,48.0,4.92999982834,1350.0,11.764705658,,,,,,,,,0.0,0.0,-1.5625,-2.34375
10.6261020185,340,815,172800,42.2760352778,-83.7679983333,48.0,4.92999982834,1350.0,11.764705658,,,,,,,,,0.0,0.0,-1.5625,-2.34375
10.6261020185,340,815,173000,42.2760352778,-83.7679983333,48.0,4.92999982834,1350.0,32.1568641663,,,,,,,,,0.0,0.0,-1.5625,-2.34375
10.6261020185,340,815,173700,42.2760352778,-83.7679983333,48.0,4.92999982834,1350.0,32.1568641663,,,,,,,,,14.84375,18.75,-1.5625,-2.34375
10.6261020185,340,815,173900,42.2760352778,-83.7679983333,48.0,14.1800003052,1387.0,32.1568641663,,,,,,,,,14.84375,18.75,-1.5625,-2.34375
10.6261020185,340,815,175800,42.2761336111,-83.7675225,48.0,14.1800003052,1387.0,32.1568641663,,,,,,,,,14.84375,18.75,-1.5625,-2.34375
10.6261020185,340,815,175900,42.2761336111,-83.7675225,48.0,14.1599998474,1337.0,32.1568641663,,,,,,,,,14.84375,18.75,-1.5625,-2.34375
10.6261020185,340,815,177900,42.2761336111,-83.7675225,48.0,13.9300003052,1362.0,32.1568641663,,,,,,,,,14.84375,18.75,-1.5625,-2.34375
10.6261020185,340,815,178000,42.2761336111,-83.7675225,48.0,13.9300003052,1362.0,39.2156867981,,,,,,,,,14.84375,18.75,-1.5625,-2.34375
10.6261020185,340,815,178900,42.2762311111,-83.7670283333,48.0,13.9300003052,1362.0,39.2156867981,,,,,,,,,-7.03125,-3.125,-1.5625,-2.34375
10.6261020185,340,815,179900,42.2762311111,-83.7670283333,48.0,9.85999965668,1325.0,39.2156867981,,,,,,,,,-7.03125,-3.125,-1.5625,-2.34375
10.6261020185,340,815,181900,42.2763291667,-83.7665444444,48.0,9.85999965668,1325.0,39.2156867981,,,,,,,,,-7.03125,-3.125,-1.5625,-2.34375
10.6261020185,340,815,182000,42.2763291667,-83.7665444444,48.0,12.9499998093,1350.0,39.2156867981,,,,,,,,,-7.03125,-3.125,-1.5625,-2.34375
10.6261020185,340,815,182500,42.2763291667,-83.7665444444,50.0,12.9499998093,1350.0,39.2156867981,,,,,,,,,-7.03125,-3.125,-1.5625,-2.34375
10.6261020185,340,815,183100,42.2763291667,-83.7665444444,50.0,12.9499998093,1350.0,61.9607849121,,,,,,,,,-7.03125,-3.125,-1.5625,-2.34375
10.6261020185,340,815,183500,42.2763291667,-83.7665444444,54.0,12.9499998093,1350.0,61.9607849121,,,,,,,,,-7.03125,-3.125,-1.5625,-2.34375
10.6261020185,340,815,184100,42.2763291667,-83.7665444444,54.0,4.76999998093,1412.0,61.9607849121,,,,,,,,,-0.78125,-0.78125,-1.5625,-2.34375
10.6261020185,340,815,184800,42.2764452778,-83.7660291667,54.0,4.76999998093,1412.0,61.9607849121,,,,,,,,,-0.78125,-0.78125,-1.5625,-2.34375
10.6261020185,340,815,186200,42.2764452778,-83.7660291667,54.0,7.26999998093,1400.0,61.9607849121,,,,,,,,,-0.78125,-0.78125,-1.5625,-2.34375
10.6261020185,340,815,187800,42.27657,-83.7655116667,54.0,7.26999998093,1400.0,61.9607849121,,,,,,,,,-0.78125,-0.78125,-1.5625,-2.34375
10.6261020185,340,815,188300,42.27657,-83.7655116667,54.0,7.55999994278,1412.0,20.392156601,,,,,,,,,-0.78125,-0.78125,-1.5625,-2.34375
10.6261020185,340,815,189300,42.27657,-83.7655116667,54.0,7.55999994278,1412.0,20.392156601,,,,,,,,,-2.34375,-2.34375,-1.5625,-2.34375
10.6261020185,340,815,190300,42.27657,-83.7655116667,54.0,5.03000020981,1387.0,20.392156601,,,,,,,,,-2.34375,-2.34375,-1.5625,-2.34375
10.6261020185,340,815,190900,42.2766877778,-83.7649763889,54.0,5.03000020981,1387.0,20.392156601,,,,,,,,,-2.34375,-2.34375,-1.5625,-2.34375
10.6261020185,340,815,192400,42.2766877778,-83.7649763889,54.0,4.88000011444,1412.0,20.392156601,,,,,,,,,-2.34375,-2.34375,-1.5625,-2.34375
10.6261020185,340,815,192900,42.2766877778,-83.7649763889,56.0,4.88000011444,1412.0,20.392156601,,,,,,,,,-2.34375,-2.34375,-1.5625,-2.34375
10.6261020185,340,815,193500,42.2766877778,-83.7649763889,56.0,4.88000011444,1412.0,12.5490198135,,,,,,,,,-2.34375,-2.34375,-1.5625,-2.34375
10.6261020185,340,815,193900,42.2768033333,-83.7644377778,54.0,4.88000011444,1412.0,12.5490198135,,,,,,,,,-2.34375,-2.34375,-1.5625,-2.34375
10.6261020185,340,815,194500,42.2768033333,-83.7644377778,54.0,4.07000017166,1400.0,12.5490198135,,,,,,,,,-7.03125,-6.25,-1.5625,-2.34375
10.6261020185,340,815,196700,42.2768033333,-83.7644377778,54.0,4.19999980927,1387.0,12.5490198135,,,,,,,,,-7.03125,-6.25,-1.5625,-2.34375
10.6261020185,340,815,196800,42.2769163889,-83.7639086111,54.0,4.19999980927,1387.0,12.5490198135,,,,,,,,,-7.03125,-6.25,-1.5625,-2.34375
10.6261020185,340,815,197000,42.2769163889,-83.7639086111,52.0,4.19999980927,1387.0,12.5490198135,,,,,,,,,-7.03125,-6.25,-1.5625,-2.34375
10.6261020185,340,815,198800,42.2769163889,-83.7639086111,52.0,4.19999980927,1412.0,12.5490198135,,,,,,,,,-7.03125,-6.25,-1.5625,-2.34375
10.6261020185,340,815,198900,42.2769163889,-83.7639086111,52.0,5.03999996185,1412.0,13.3333339691,,,,,,,,,-7.03125,-6.25,-1.5625,-2.34375
10.6261020185,340,815,199200,42.2769163889,-83.7639086111,54.0,5.03999996185,1412.0,13.3333339691,,,,,,,,,-7.03125,-6.25,-1.5625,-2.34375
10.6261020185,340,815,200000,42.2769163889,-83.7639086111,54.0,5.03999996185,1412.0,13.3333339691,,,,,,,,,0.0,-6.25,-1.5625,-2.34375
10.6261020185,340,815,200100,42.2769163889,-83.7639086111,54.0,5.03999996185,1412.0,13.3333339691,,,,,,,,,0.0,0.0,-1.5625,-2.34375
10.6261020185,340,815,200900,42.2770544444,-83.7632105556,54.0,5.03999996185,1412.0,13.3333339691,,,,,,,,,0.0,0.0,-1.5625,-2.34375
10.6261020185,340,815,201200,42.2770544444,-83.7632105556,54.0,3.98000001907,1362.0,13.3333339691,,,,,,,,,0.0,0.0,-1.5625,-2.34375
10.6261020185,340,815,201300,42.2770544444,-83.7632105556,52.0,3.98000001907,1362.0,13.3333339691,,,,,,,,,0.0,0.0,-1.5625,-2.34375
10.6261020185,340,815,202300,42.2770544444,-83.7632105556,50.0,3.98000001907,1362.0,13.3333339691,,,,,,,,,0.0,0.0,-1.5625,-2.34375
10.6261020185,340,815,203300,42.2770544444,-83.7632105556,50.0,4.36999988556,1337.0,13.3333339691,,,,,,,,,0.0,0.0,-1.5625,-2.34375
10.6261020185,340,815,203800,42.2771602778,-83.7627061111,50.0,4.36999988556,1337.0,13.3333339691,,,,,,,,,0.0,0.0,-1.5625,-2.34375
10.6261020185,340,815,204400,42.2771602778,-83.7627061111,48.0,4.36999988556,1337.0,13.3333339691,,,,,,,,,0.0,0.0,-1.5625,-2.34375
10.6261020185,340,815,205300,42.2771602778,-83.7627061111,48.0,4.96000003815,1325.0,13.3333339691,,,,,,,,,0.0,0.0,-1.5625,-2.34375
10.6261020185,340,815,205500,42.2771602778,-83.7627061111,46.0,4.96000003815,1325.0,13.3333339691,,,,,,,,,0.0,0.0,-1.5625,-2.34375
10.6261020185,340,815,206500,42.2771602778,-83.7627061111,44.0,4.96000003815,1325.0,13.3333339691,,,,,,,,,0.0,0.0,-1.5625,-2.34375
10.6261020185,340,815,206800,42.2772483333,-83.7622852778,44.0,4.96000003815,1325.0,13.3333339691,,,,,,,,,0.0,0.0,-1.5625,-2.34375
10.6261020185,340,815,207400,42.2772483333,-83.7622852778,44.0,4.17999982834,1312.0,13.3333339691,,,,,,,,,0.0,0.0,-1.5625,-2.34375
10.6261020185,340,815,207500,42.2772483333,-83.7622852778,42.0,4.17999982834,1312.0,13.3333339691,,,,,,,,,0.0,0.0,-1.5625,-2.34375
10.6261020185,340,815,208600,42.2772483333,-83.7622852778,40.0,4.17999982834,1312.0,13.3333339691,,,,,,,,,0.0,0.0,-1.5625,-2.34375
10.6261020185,340,815,209500,42.2772483333,-83.7622852778,40.0,4.13000011444,1275.0,12.5490198135,,,,,,,,,0.0,0.0,-1.5625,-2.34375
10.6261020185,340,815,209600,42.2772483333,-83.7622852778,38.0,4.13000011444,1275.0,12.5490198135,,,,,,,,,0.0,0.0,-1.5625,-2.34375
10.6261020185,340,815,209900,42.2773244444,-83.7618955556,38.0,4.13000011444,1275.0,12.5490198135,,,,,,,,,0.0,0.0,-1.5625,-2.34375
10.6261020185,340,815,210700,42.2773244444,-83.7618955556,36.0,4.13000011444,1275.0,12.5490198135,,,,,,,,,0.0,0.0,-1.5625,-2.34375
10.6261020185,340,815,211600,42.2773244444,-83.7618955556,36.0,3.92000007629,1250.0,12.5490198135,,,,,,,,,0.0,0.0,-1.5625,-2.34375
10.6261020185,340,815,212800,42.2773244444,-83.7618955556,32.0,3.92000007629,1250.0,12.5490198135,,,,,,,,,0.0,0.0,-1.5625,-2.34375
10.6261020185,340,815,212900,42.2773944444,-83.7615472222,32.0,3.92000007629,1250.0,12.5490198135,,,,,,,,,0.0,0.0,-1.5625,-2.34375
10.6261020185,340,815,213600,42.2773944444,-83.7615472222,32.0,3.92000007629,1212.0,12.5490198135,,,,,,,,,0.0,0.0,-1.5625,-2.34375
10.6261020185,340,815,213700,42.2773944444,-83.7615472222,32.0,3.80999994278,1212.0,12.5490198135,,,,,,,,,0.0,0.0,-1.5625,-2.34375
10.6261020185,340,815,214800,42.2773944444,-83.7615472222,30.0,3.80999994278,1212.0,12.5490198135,,,,,,,,,0.0,0.0,-1.5625,-2.34375
10.6261020185,340,815,215700,42.2773944444,-83.7615472222,30.0,3.90000009537,1175.0,12.5490198135,,,,,,,,,0.0,0.0,-1.5625,-2.34375
10.6261020185,340,815,215800,42.2774625,-83.7612694444,30.0,3.90000009537,1175.0,12.5490198135,,,,,,,,,0.0,0.0,-1.5625,-2.34375
10.6261020185,340,815,215900,42.2774625,-83.7612694444,28.0,3.90000009537,1175.0,12.5490198135,,,,,,,,,0.0,0.0,-1.5625,-2.34375
10.6261020185,340,815,217800,42.2774625,-83.7612694444,28.0,22.9300003052,1750.0,12.5490198135,,,,,,,,,0.0,0.0,-1.5625,-2.34375
10.6261020185,340,815,218000,42.2774625,-83.7612694444,38.0,22.9300003052,1750.0,12.5490198135,,,,,,,,,0.0,0.0,-1.5625,-2.34375
10.6261020185,340,815,219900,42.2775513889,-83.7608097222,38.0,3.95000004768,950.0,15.6862745285,,,,,,,,,0.0,0.0,-1.5625,-2.34375
10.6261020185,340,815,220000,42.2775513889,-83.7608097222,36.0,3.95000004768,950.0,15.6862745285,,,,,,,,,0.0,0.0,-1.5625,-2.34375
10.6261020185,340,815,220900,42.2775513889,-83.7608097222,36.0,3.95000004768,950.0,15.6862745285,,,,,,,,,3.125,7.03125,-1.5625,-2.34375
10.6261020185,340,815,222000,42.2775513889,-83.7608097222,36.0,8.07999992371,1200.0,15.6862745285,,,,,,,,,3.125,7.03125,-1.5625,-2.34375
10.6261020185,340,815,222100,42.2775513889,-83.7608097222,34.0,8.07999992371,1200.0,15.6862745285,,,,,,,,,3.125,7.03125,-1.5625,-2.34375
10.6261020185,340,815,222900,42.2776275,-83.7604677778,34.0,8.07999992371,1200.0,15.6862745285,,,,,,,,,3.125,7.03125,-1.5625,-2.34375
10.6261020185,340,815,223100,42.2776275,-83.7604677778,36.0,8.07999992371,1200.0,15.6862745285,,,,,,,,,3.125,7.03125,-1.5625,-2.34375
10.6261020185,340,815,224100,42.2776275,-83.7604677778,36.0,4.13000011444,1100.0,15.6862745285,,,,,,,,,3.125,7.03125,-1.5625,-2.34375
10.6261020185,340,815,225100,42.2776275,-83.7604677778,36.0,4.13000011444,1100.0,14.9019613266,,,,,,,,,3.125,7.03125,-1.5625,-2.34375
10.6261020185,340,815,225800,42.2776966667,-83.7601108333,36.0,4.13000011444,1100.0,14.9019613266,,,,,,,,,3.125,7.03125,-1.5625,-2.34375
10.6261020185,340,815,226100,42.2776966667,-83.7601108333,36.0,3.5,875.0,14.9019613266,,,,,,,,,-4.6875,-7.8125,-1.5625,-2.34375
10.6261020185,340,815,227300,42.2776966667,-83.7601108333,34.0,3.5,875.0,14.9019613266,,,,,,,,,-4.6875,-7.8125,-1.5625,-2.34375
10.6261020185,340,815,228800,42.2777605556,-83.7597841667,34.0,3.5,875.0,14.9019613266,,,,,,,,,-4.6875,-7.8125,-1.5625,-2.34375
10.6261020185,340,815,228900,42.2777605556,-83.7597841667,34.0,3.42000007629,862.0,14.9019613266,,,,,,,,,-4.6875,-7.8125,-1.5625,-2.34375
10.6261020185,340,815,230000,42.2777605556,-83.7597841667,32.0,3.42000007629,862.0,14.9019613266,,,,,,,,,-4.6875,-7.8125,-1.5625,-2.34375
10.6261020185,340,815,230100,42.2777605556,-83.7597841667,32.0,3.42000007629,862.0,15.6862745285,,,,,,,,,-4.6875,-7.8125,-1.5625,-2.34375
10.6261020185,340,815,231000,42.2777605556,-83.7597841667,32.0,3.51999998093,837.0,15.6862745285,,,,,,,,,-4.6875,-7.8125,-1.5625,-2.34375
10.6261020185,340,815,231100,42.2777605556,-83.7597841667,32.0,3.51999998093,837.0,15.6862745285,,,,,,,,,-7.03125,-9.375,-1.5625,-2.34375
10.6261020185,340,815,232000,42.2778202778,-83.7594466667,32.0,3.51999998093,837.0,15.6862745285,,,,,,,,,-7.03125,-9.375,-1.5625,-2.34375
10.6261020185,340,815,233400,42.2778202778,-83.7594466667,30.0,3.40000009537,837.0,15.6862745285,,,,,,,,,-7.03125,-9.375,-1.5625,-2.34375
10.6261020185,340,815,235000,42.2778991667,-83.7591455556,30.0,3.40000009537,837.0,15.6862745285,,,,,,,,,-7.03125,-9.375,-1.5625,-2.34375
10.6261020185,340,815,235600,42.2778991667,-83.7591455556,30.0,3.44000005722,825.0,15.6862745285,,,,,,,,,-7.03125,-9.375,-1.5625,-2.34375
10.6261020185,340,815,236700,42.2778991667,-83.7591455556,30.0,3.44000005722,825.0,15.6862745285,,,,,,,,,-9.375,-10.15625,-1.5625,-2.34375
10.6261020185,340,815,237700,42.2778991667,-83.7591455556,30.0,11.9099998474,1462.0,15.6862745285,,,,,,,,,-9.375,-10.15625,-1.5625,-2.34375
10.6261020185,340,815,237900,42.2779677778,-83.7588280556,30.0,11.9099998474,1462.0,15.6862745285,,,,,,,,,-9.375,-10.15625,-1.5625,-2.34375
10.6261020185,340,815,238700,42.2779677778,-83.7588280556,32.0,11.9099998474,1462.0,15.6862745285,,,,,,,,,-9.375,-10.15625,-1.5625,-2.34375
10.6261020185,340,815,239800,42.2779677778,-83.7588280556,34.0,6.53000020981,1300.0,15.6862745285,,,,,,,,,-9.375,-10.15625,-1.5625,-2.34375
10.6261020185,340,815,240800,42.2780369444,-83.7584697222,36.0,6.53000020981,1300.0,23.5294113159,,,,,,,,,-9.375,-10.15625,-1.5625,-2.34375
10.6261020185,340,815,241900,42.2780369444,-83.7584697222,38.0,18.2299995422,1337.0,23.5294113159,,,,,,,,,-3.125,-4.6875,-1.5625,-2.34375
10.6261020185,340,815,242900,42.2780369444,-83.7584697222,40.0,18.2299995422,1337.0,23.5294113159,,,,,,,,,-3.125,-4.6875,-1.5625,-2.34375
10.6261020185,340,815,243900,42.2780369444,-83.7584697222,44.0,4.21999979019,1325.0,23.5294113159,,,,,,,,,-3.125,-4.6875,-1.5625,-2.34375
10.6261020185,340,815,244800,42.2781638889,-83.7579119444,44.0,4.21999979019,1325.0,23.5294113159,,,,,,,,,-3.125,-4.6875,-1.5625,-2.34375
10.6261020185,340,815,246000,42.2781638889,-83.7579119444,46.0,9.35999965668,1337.0,26.6666679382,,,,,,,,,-3.125,-4.6875,-1.5625,-2.34375
10.6261020185,340,815,247100,42.2781638889,-83.7579119444,46.0,9.35999965668,1337.0,26.6666679382,,,,,,,,,-6.25,-3.125,-1.5625,-2.34375
10.6261020185,340,815,247800,42.2782594444,-83.7574466667,46.0,9.35999965668,1337.0,26.6666679382,,,,,,,,,-6.25,-3.125,-1.5625,-2.34375
10.6261020185,340,815,248100,42.2782594444,-83.7574466667,48.0,12.75,1337.0,26.6666679382,,,,,,,,,-6.25,-3.125,-1.5625,-2.34375
10.6261020185,340,815,250200,42.2782594444,-83.7574466667,48.0,4.26000022888,1312.0,26.6666679382,,,,,,,,,-6.25,-3.125,-1.5625,-2.34375
10.6261020185,340,815,250900,42.2783438889,-83.7569613889,48.0,4.26000022888,1312.0,26.6666679382,,,,,,,,,-6.25,-3.125,-1.5625,-2.34375
10.6261020185,340,815,251200,42.2783438889,-83.7569613889,46.0,4.26000022888,1312.0,11.764705658,,,,,,,,,-6.25,-3.125,-1.5625,-2.34375
10.6261020185,340,815,252300,42.2783438889,-83.7569613889,46.0,4.09000015259,1325.0,11.764705658,,,,,,,,,-0.78125,3.125,-1.5625,-2.34375
10.6261020185,340,815,253300,42.2783438889,-83.7569613889,44.0,4.09000015259,1325.0,11.764705658,,,,,,,,,-0.78125,3.125,-1.5625,-2.34375
10.6261020185,340,815,253900,42.2784341667,-83.7565083333,44.0,4.09000015259,1325.0,11.764705658,,,,,,,,,-0.78125,3.125,-1.5625,-2.34375
10.6261020185,340,815,254300,42.2784341667,-83.7565083333,44.0,3.91000008583,1325.0,11.764705658,,,,,,,,,-0.78125,3.125,-1.5625,-2.34375
10.6261020185,340,815,255400,42.2784341667,-83.7565083333,42.0,3.91000008583,1325.0,11.764705658,,,,,,,,,-0.78125,3.125,-1.5625,-2.34375
10.6261020185,340,815,256400,42.2784341667,-83.7565083333,42.0,3.94000005722,1300.0,11.764705658,,,,,,,,,-0.78125,3.125,-1.5625,-2.34375
10.6261020185,340,815,256900,42.2785136111,-83.7560941667,42.0,3.94000005722,1300.0,11.764705658,,,,,,,,,-0.78125,3.125,-1.5625,-2.34375
10.6261020185,340,815,257500,42.2785136111,-83.7560941667,40.0,3.94000005722,1300.0,11.764705658,,,,,,,,,0.0,0.0,-1.5625,-2.34375
10.6261020185,340,815,258500,42.2785136111,-83.7560941667,40.0,3.88000011444,1300.0,11.764705658,,,,,,,,,0.0,0.0,-1.5625,-2.34375
10.6261020185,340,815,258900,42.2785136111,-83.7560941667,40.0,3.88000011444,1300.0,11.764705658,,,,,,,,,0.0,0.0,2.34375,-2.34375
10.6261020185,340,815,259000,42.2785136111,-83.7560941667,40.0,3.88000011444,1300.0,11.764705658,,,,,,,,,0.0,0.0,2.34375,1.5625
10.6261020185,340,815,259800,42.2785883333,-83.7556869444,40.0,3.88000011444,1300.0,11.764705658,,,,,,,,,0.0,0.0,2.34375,1.5625
10.6261020185,340,815,260700,42.2785883333,-83.7556869444,38.0,5.40000009537,1300.0,11.764705658,,,,,,,,,0.0,0.0,2.34375,1.5625
10.6261020185,340,815,261700,42.2785883333,-83.7556869444,40.0,5.40000009537,1300.0,15.6862745285,,,,,,,,,0.0,0.0,2.34375,1.5625
10.6261020185,340,815,262700,42.2785883333,-83.7556869444,40.0,5.30999994278,1287.0,15.6862745285,,,,,,,,,0.0,0.0,2.34375,1.5625
10.6261020185,340,815,262800,42.2786527778,-83.7552911111,40.0,5.30999994278,1287.0,15.6862745285,,,,,,,,,0.0,0.0,2.34375,1.5625
10.6261020185,340,815,264800,42.2786527778,-83.7552911111,38.0,3.99000000954,1287.0,15.6862745285,,,,,,,,,0.0,0.0,2.34375,1.5625
10.6261020185,340,815,265800,42.2787269444,-83.7549052778,38.0,3.99000000954,1287.0,15.6862745285,,,,,,,,,0.0,0.0,2.34375,1.5625
10.6261020185,340,815,266900,42.2787269444,-83.7549052778,36.0,3.88000011444,1250.0,11.764705658,,,,,,,,,0.0,0.0,2.34375,1.5625
10.6261020185,340,815,268000,42.2787269444,-83.7549052778,34.0,3.88000011444,1250.0,11.764705658,,,,,,,,,4.6875,2.34375,2.34375,1.5625
10.6261020185,340,815,269200,42.2787269444,-83.7549052778,32.0,3.83999991417,1212.0,11.764705658,,,,,,,,,4.6875,2.34375,2.34375,1.5625
10.6261020185,340,815,269900,42.2788183333,-83.7544894444,32.0,3.83999991417,1212.0,11.764705658,,,,,,,,,4.6875,2.34375,2.34375,1.5625
10.6261020185,340,815,270200,42.2788183333,-83.7544894444,30.0,3.83999991417,1212.0,11.764705658,,,,,,,,,4.6875,2.34375,2.34375,1.5625
10.6261020185,340,815,271300,42.2788183333,-83.7544894444,28.0,3.88000011444,1162.0,11.764705658,,,,,,,,,4.6875,2.34375,2.34375,1.5625
10.6261020185,340,815,272400,42.2788183333,-83.7544894444,24.0,3.88000011444,1162.0,13.3333339691,,,,,,,,,4.6875,2.34375,2.34375,1.5625
10.6261020185,340,815,272900,42.27887,-83.7542430556,24.0,3.88000011444,1162.0,13.3333339691,,,,,,,,,4.6875,2.34375,2.34375,1.5625
10.6261020185,340,815,273400,42.27887,-83.7542430556,22.0,3.83999991417,1087.0,13.3333339691,,,,,,,,,0.0,0.0,2.34375,1.5625
10.6261020185,340,815,274400,42.27887,-83.7542430556,16.0,3.83999991417,1087.0,13.3333339691,,,,,,,,,0.0,0.0,2.34375,1.5625
10.6261020185,340,815,275500,42.27887,-83.7542430556,8.0,3.92000007629,687.0,13.3333339691,,,,,,,,,0.0,0.0,2.34375,1.5625
10.6261020185,340,815,275800,42.2788938889,-83.7541194444,8.0,3.92000007629,687.0,13.3333339691,,,,,,,,,0.0,0.0,2.34375,1.5625
10.6261020185,340,815,276500,42.2788938889,-83.7541194444,4.0,3.92000007629,687.0,13.3333339691,,,,,,,,,0.0,0.0,2.34375,1.5625
10.6261020185,340,815,277600,42.2788938889,-83.7541194444,4.0,7.96999979019,850.0,30.5882358551,,,,,,,,,0.0,0.0,2.34375,1.5625
10.6261020185,340,815,278600,42.2788938889,-83.7541194444,8.0,7.96999979019,850.0,30.5882358551,,,,,,,,,0.0,0.0,2.34375,1.5625
10.6261020185,340,815,278800,42.2789194444,-83.7540447222,8.0,7.96999979019,850.0,30.5882358551,,,,,,,,,0.0,0.0,2.34375,1.5625
10.6261020185,340,815,279600,42.2789194444,-83.7540447222,14.0,7.96999979019,850.0,30.5882358551,,,,,,,,,0.0,0.0,2.34375,1.5625
10.6261020185,340,815,279700,42.2789194444,-83.7540447222,14.0,10.4300003052,1700.0,30.5882358551,,,,,,,,,0.0,0.0,2.34375,1.5625
10.6261020185,340,815,280700,42.2789194444,-83.7540447222,16.0,10.4300003052,1700.0,30.5882358551,,,,,,,,,0.0,0.0,2.34375,1.5625
10.6261020185,340,815,281700,42.2789194444,-83.7540447222,14.0,3.56999993324,787.0,30.5882358551,,,,,,,,,0.0,0.0,2.34375,1.5625
10.6261020185,340,815,281900,42.2789269444,-83.7538852778,14.0,3.56999993324,787.0,30.5882358551,,,,,,,,,0.0,0.0,2.34375,1.5625
10.6261020185,340,815,282800,42.2789269444,-83.7538852778,6.0,3.56999993324,787.0,19.607843399,,,,,,,,,0.0,0.0,2.34375,1.5625
10.6261020185,340,815,283800,42.2789269444,-83.7538852778,4.0,26.1599998474,1600.0,19.607843399,,,,,,,,,-3.125,-3.125,2.34375,1.5625
10.6261020185,340,815,284900,42.2789269444,-83.7538852778,14.0,26.1599998474,1600.0,19.607843399,,,,,,,,,-3.125,-3.125,2.34375,1.5625
10.6261020185,340,815,285800,42.2790291667,-83.7537369444,14.0,26.1599998474,1600.0,19.607843399,,,,,,,,,-3.125,-3.125,2.34375,1.5625
10.6261020185,340,815,285900,42.2790291667,-83.7537369444,22.0,22.5799999237,1837.0,19.607843399,,,,,,,,,-3.125,-3.125,2.34375,1.5625
10.6261020185,340,815,286100,42.2790291667,-83.7537369444,22.0,22.5799999237,1837.0,19.607843399,,,,,,,,,-3.125,-3.125,2.34375,1.5625
10.6261020185,340,815,286900,42.2790291667,-83.7537369444,28.0,22.5799999237,1837.0,19.607843399,,,,,,,,,-3.125,-3.125,2.34375,1.5625
10.6261020185,340,815,288000,42.2790291667,-83.7537369444,36.0,37.9500007629,1937.0,76.8627471924,,,,,,,,,-3.125,-3.125,2.34375,1.5625
10.6261020185,340,815,288800,42.2792908333,-83.7537383333,36.0,37.9500007629,1937.0,76.8627471924,,,,,,,,,-3.125,-3.125,2.34375,1.5625
10.6261020185,340,815,289700,42.2792908333,-83.7537383333,42.0,37.9500007629,1937.0,76.8627471924,,,,,,,,,-6.25,-6.25,-1.5625,-2.34375
10.6261020185,340,815,290000,42.2792908333,-83.7537383333,42.0,10.4300003052,1400.0,76.8627471924,,,,,,,,,-6.25,-6.25,-1.5625,-2.34375
10.6261020185,340,815,291900,42.2792908333,-83.7537383333,40.0,10.4300003052,1000.0,76.8627471924,,,,,,,,,-6.25,-6.25,-1.5625,-2.34375
10.6261020185,340,815,292000,42.2792908333,-83.7537383333,40.0,4.17000007629,1000.0,76.8627471924,,,,,,,,,-6.25,-6.25,-1.5625,-2.34375
10.6261020185,340,815,292800,42.2797097222,-83.7537663889,40.0,4.17000007629,1000.0,76.8627471924,,,,,,,,,-6.25,-6.25,-1.5625,-2.34375
10.6261020185,340,815,292900,42.2797097222,-83.7537663889,42.0,4.17000007629,1000.0,76.8627471924,,,,,,,,,-6.25,-6.25,-1.5625,-2.34375
10.6261020185,340,815,293000,42.2797097222,-83.7537663889,42.0,4.17000007629,1000.0,16.4705886841,,,,,,,,,-6.25,-6.25,-1.5625,-2.34375
10.6261020185,340,815,294000,42.2797097222,-83.7537663889,42.0,4.13000011444,1450.0,16.4705886841,,,,,,,,,-6.25,-6.25,-1.5625,-2.34375
10.6261020185,340,815,295000,42.2797097222,-83.7537663889,42.0,4.13000011444,1450.0,16.4705886841,,,,,,,,,0.0,0.0,-1.5625,-2.34375
10.6261020185,340,815,295900,42.2800197222,-83.753755,42.0,4.13000011444,1450.0,16.4705886841,,,,,,,,,0.0,0.0,-1.5625,-2.34375
10.6261020185,340,815,296100,42.2800197222,-83.753755,42.0,4.80000019073,1625.0,16.4705886841,,,,,,,,,0.0,0.0,-1.5625,-2.34375
10.6261020185,340,815,297100,42.2800197222,-83.753755,40.0,4.80000019073,1625.0,16.4705886841,,,,,,,,,0.0,0.0,-1.5625,-2.34375
10.6261020185,340,815,298100,42.2800197222,-83.753755,34.0,4.05000019073,1337.0,11.764705658,,,,,,,,,0.0,0.0,-1.5625,-2.34375
10.6261020185,340,815,298900,42.2802886111,-83.7537483333,34.0,4.05000019073,1337.0,11.764705658,,,,,,,,,0.0,0.0,-1.5625,-2.34375
10.6261020185,340,815,299200,42.2802886111,-83.7537483333,32.0,4.05000019073,1337.0,11.764705658,,,,,,,,,0.0,0.0,-1.5625,-2.34375
10.6261020185,340,815,300200,42.2802886111,-83.7537483333,30.0,3.48000001907,925.0,11.764705658,,,,,,,,,10.15625,5.46875,-1.5625,-2.34375
10.6261020185,340,815,301300,42.2802886111,-83.7537483333,26.0,3.48000001907,925.0,11.764705658,,,,,,,,,10.15625,5.46875,-1.5625,-2.34375
10.6261020185,340,815,301800,42.2804844444,-83.75375,26.0,3.48000001907,925.0,11.764705658,,,,,,,,,10.15625,5.46875,-1.5625,-2.34375
10.6261020185,340,815,302300,42.2804844444,-83.75375,20.0,3.47000002861,750.0,11.764705658,,,,,,,,,10.15625,5.46875,-1.5625,-2.34375
10.6261020185,340,815,303500,42.2804844444,-83.75375,12.0,3.47000002861,750.0,18.0392150879,,,,,,,,,10.15625,5.46875,-1.5625,-2.34375
10.6261020185,340,815,304600,42.2804844444,-83.75375,4.0,3.72000002861,625.0,18.0392150879,,,,,,,,,10.15625,5.46875,-1.5625,-2.34375
