DayNum,VehId,Trip,Timestamp(ms),Latitude[deg],Longitude[deg],Vehicle Speed[km/h],MAF[g/sec],Engine RPM[RPM],Absolute Load[%],OAT[DegC],Fuel Rate[L/hr],Air Conditioning Power[kW],Air Conditioning Power[Watts],Heater Power[Watts],HV Battery Current[A],HV Battery SOC[%],HV Battery Voltage[V],Short Term Fuel Trim Bank 1[%],Short Term Fuel Trim Bank 2[%],Long Term Fuel Trim Bank 1[%],Long Term Fuel Trim Bank 2[%]
253.016260546,552,1292,0,42.2911394444,-83.7997841667,23.0,11.0599994659,1489.0,25.882352829,28.0,,,,,,,,0.0,2.34375,,
253.016260546,552,1292,200,42.2911394444,-83.7997841667,23.0,11.0599994659,1489.0,50.1960792542,28.0,,,,,,,,0.0,2.34375,,
253.016260546,552,1292,400,42.2911394444,-83.7997841667,27.0,11.0599994659,1489.0,50.1960792542,28.0,,,,,,,,0.0,2.34375,,
253.016260546,552,1292,600,42.2911394444,-83.7997841667,27.0,11.0599994659,1489.0,50.1960792542,28.0,,,,,,,,-3.125,2.34375,,
253.016260546,552,1292,900,42.2911394444,-83.7997841667,27.0,11.0599994659,1784.0,50.1960792542,28.0,,,,,,,,-3.125,2.34375,,
253.016260546,552,1292,1100,42.2911394444,-83.7997841667,27.0,30.6499996185,1784.0,50.1960792542,28.0,,,,,,,,-3.125,2.34375,,
253.016260546,552,1292,1400,42.2911394444,-83.7997841667,33.0,30.6499996185,1784.0,50.1960792542,28.0,,,,,,,,-3.125,2.34375,,
253.016260546,552,1292,2500,42.2911394444,-83.7997841667,38.0,30.6499996185,1784.0,50.1960792542,28.0,,,,,,,,-3.125,2.34375,,
253.016260546,552,1292,2900,42.2911394444,-83.7997841667,38.0,30.6499996185,2235.0,50.1960792542,28.0,,,,,,,,-3.125,2.34375,,
253.016260546,552,1292,3100,42.2909102778,-83.7997469444,38.0,35.6899986267,2235.0,50.1960792542,28.0,,,,,,,,-3.125,2.34375,,
253.016260546,552,1292,3500,42.2909102778,-83.7997469444,42.0,35.6899986267,2235.0,50.1960792542,28.0,,,,,,,,-3.125,2.34375,,
253.016260546,552,1292,4500,42.2909102778,-83.7997469444,45.0,35.6899986267,2235.0,50.1960792542,28.0,,,,,,,,-3.125,2.34375,,
253.016260546,552,1292,4900,42.2909102778,-83.7997469444,45.0,35.6899986267,1852.0,50.1960792542,28.0,,,,,,,,-3.125,2.34375,,
253.016260546,552,1292,5100,42.2909102778,-83.7997469444,45.0,24.2899990082,1852.0,50.1960792542,28.0,,,,,,,,-3.125,2.34375,,
253.016260546,552,1292,5300,42.2909102778,-83.7997469444,45.0,24.2899990082,1852.0,64.3137283325,28.0,,,,,,,,-3.125,2.34375,,
253.016260546,552,1292,5600,42.2909102778,-83.7997469444,48.0,24.2899990082,1852.0,64.3137283325,28.0,,,,,,,,-3.125,2.34375,,
253.016260546,552,1292,5700,42.2909102778,-83.7997469444,48.0,24.2899990082,1852.0,64.3137283325,28.0,,,,,,,,-0.78125,2.34375,,
253.016260546,552,1292,6100,42.2905952778,-83.7997102778,48.0,24.2899990082,1852.0,64.3137283325,28.0,,,,,,,,-0.78125,2.34375,,
253.016260546,552,1292,6600,42.2905952778,-83.7997102778,51.0,24.2899990082,1852.0,64.3137283325,28.0,,,,,,,,-0.78125,2.34375,,
253.016260546,552,1292,6900,42.2905952778,-83.7997102778,51.0,24.2899990082,1608.0,64.3137283325,28.0,,,,,,,,-0.78125,2.34375,,
253.016260546,552,1292,7100,42.2905952778,-83.7997102778,51.0,17.0200004578,1608.0,64.3137283325,28.0,,,,,,,,-0.78125,2.34375,,
253.016260546,552,1292,7700,42.2905952778,-83.7997102778,53.0,17.0200004578,1608.0,64.3137283325,28.0,,,,,,,,-0.78125,2.34375,,
253.016260546,552,1292,8700,42.2905952778,-83.7997102778,56.0,17.0200004578,1608.0,64.3137283325,28.0,,,,,,,,-0.78125,2.34375,,
253.016260546,552,1292,8900,42.2905952778,-83.7997102778,56.0,17.0200004578,1751.0,64.3137283325,28.0,,,,,,,,-0.78125,2.34375,,
253.016260546,552,1292,9100,42.2902091667,-83.7996702778,56.0,18.6800003052,1751.0,64.3137283325,28.0,,,,,,,,-0.78125,2.34375,,
253.016260546,552,1292,9700,42.2902091667,-83.7996702778,58.0,18.6800003052,1751.0,64.3137283325,28.0,,,,,,,,-0.78125,2.34375,,
253.016260546,552,1292,10300,42.2902091667,-83.7996702778,58.0,18.6800003052,1751.0,44.7058830261,28.0,,,,,,,,-0.78125,2.34375,,
253.016260546,552,1292,10700,42.2902091667,-83.7996702778,58.0,18.6800003052,1751.0,44.7058830261,28.0,,,,,,,,0.0,2.34375,,
253.016260546,552,1292,10800,42.2902091667,-83.7996702778,60.0,18.6800003052,1751.0,44.7058830261,28.0,,,,,,,,0.0,2.34375,,
253.016260546,552,1292,10900,42.2902091667,-83.7996702778,60.0,18.6800003052,1517.0,44.7058830261,28.0,,,,,,,,0.0,2.34375,,
253.016260546,552,1292,11100,42.2902091667,-83.7996702778,60.0,25.4899997711,1517.0,44.7058830261,28.0,,,,,,,,0.0,2.34375,,
253.016260546,552,1292,11800,42.2902091667,-83.7996702778,62.0,25.4899997711,1517.0,44.7058830261,28.0,,,,,,,,0.0,2.34375,,
253.016260546,552,1292,12100,42.289765,-83.7996486111,62.0,25.4899997711,1517.0,44.7058830261,28.0,,,,,,,,0.0,2.34375,,
253.016260546,552,1292,12900,42.289765,-83.7996486111,65.0,25.4899997711,1517.0,44.7058830261,28.0,,,,,,,,0.0,2.34375,,
253.016260546,552,1292,13000,42.289765,-83.7996486111,65.0,25.4899997711,1468.0,44.7058830261,28.0,,,,,,,,0.0,2.34375,,
253.016260546,552,1292,13100,42.289765,-83.7996486111,65.0,21.2399997711,1468.0,44.7058830261,28.0,,,,,,,,0.0,2.34375,,
253.016260546,552,1292,13900,42.289765,-83.7996486111,66.0,21.2399997711,1468.0,44.7058830261,28.0,,,,,,,,0.0,2.34375,,
253.016260546,552,1292,15000,42.289765,-83.7996486111,68.0,21.2399997711,1456.0,44.7058830261,28.0,,,,,,,,0.0,2.34375,,
253.016260546,552,1292,15100,42.2892702778,-83.7996297222,68.0,11.9799995422,1456.0,44.7058830261,28.0,,,,,,,,0.0,2.34375,,
253.016260546,552,1292,15400,42.2892702778,-83.7996297222,68.0,11.9799995422,1456.0,33.7254905701,28.0,,,,,,,,0.0,2.34375,,
253.016260546,552,1292,15700,42.2892702778,-83.7996297222,68.0,11.9799995422,1456.0,33.7254905701,28.0,,,,,,,,3.125,2.34375,,
253.016260546,552,1292,16100,42.2892702778,-83.7996297222,69.0,11.9799995422,1456.0,33.7254905701,28.0,,,,,,,,3.125,2.34375,,
253.016260546,552,1292,17100,42.2892702778,-83.7996297222,69.0,11.3699998856,1531.0,33.7254905701,28.0,,,,,,,,3.125,2.34375,,
253.016260546,552,1292,18100,42.2887466667,-83.7996138889,69.0,11.3699998856,1531.0,33.7254905701,28.0,,,,,,,,3.125,2.34375,,
253.016260546,552,1292,18200,42.2887466667,-83.7996138889,70.0,11.3699998856,1531.0,33.7254905701,28.0,,,,,,,,3.125,2.34375,,
253.016260546,552,1292,19100,42.2887466667,-83.7996138889,70.0,10.0199995041,1496.0,33.7254905701,28.0,,,,,,,,3.125,2.34375,,
253.016260546,552,1292,19500,42.2887466667,-83.7996138889,70.0,10.0199995041,1496.0,33.7254905701,28.0,,,,,,,,3.125,-1.5625,,
253.016260546,552,1292,20300,42.2887466667,-83.7996138889,69.0,10.0199995041,1496.0,33.7254905701,28.0,,,,,,,,3.125,-1.5625,,
253.016260546,552,1292,20400,42.2887466667,-83.7996138889,69.0,10.0199995041,1496.0,11.764705658,28.0,,,,,,,,3.125,-1.5625,,
253.016260546,552,1292,20700,42.2887466667,-83.7996138889,69.0,10.0199995041,1496.0,11.764705658,28.0,,,,,,,,4.6875,-1.5625,,
253.016260546,552,1292,21100,42.2882175,-83.7995936111,69.0,5.48000001907,1471.0,11.764705658,28.0,,,,,,,,4.6875,-1.5625,,
253.016260546,552,1292,23100,42.2882175,-83.7995936111,69.0,10.0399999619,1470.0,11.764705658,28.0,,,,,,,,4.6875,-1.5625,,
253.016260546,552,1292,24000,42.2876919444,-83.79958,69.0,10.0399999619,1470.0,11.764705658,28.0,,,,,,,,4.6875,-1.5625,,
253.016260546,552,1292,24400,42.2876919444,-83.79958,68.0,10.0399999619,1470.0,11.764705658,28.0,,,,,,,,4.6875,-1.5625,,
253.016260546,552,1292,25100,42.2876919444,-83.79958,68.0,2.6099998951,1465.0,11.764705658,28.0,,,,,,,,4.6875,-1.5625,,
253.016260546,552,1292,25500,42.2876919444,-83.79958,68.0,2.6099998951,1465.0,7.84313726425,28.0,,,,,,,,4.6875,-1.5625,,
253.016260546,552,1292,25800,42.2876919444,-83.79958,68.0,2.6099998951,1465.0,7.84313726425,28.0,,,,,,,,0.0,-1.5625,,
253.016260546,552,1292,26500,42.2876919444,-83.79958,66.0,2.6099998951,1465.0,7.84313726425,28.0,,,,,,,,0.0,-1.5625,,
253.016260546,552,1292,27100,42.2871786111,-83.7995547222,66.0,16.9400005341,1421.0,7.84313726425,28.0,,,,,,,,0.0,-1.5625,,
253.016260546,552,1292,28600,42.2871786111,-83.7995547222,64.0,16.9400005341,1421.0,7.84313726425,28.0,,,,,,,,0.0,-1.5625,,
253.016260546,552,1292,29100,42.2871786111,-83.7995547222,64.0,16.5699996948,1381.0,7.84313726425,28.0,,,,,,,,0.0,-1.5625,,
253.016260546,552,1292,29600,42.2871786111,-83.7995547222,61.0,16.5699996948,1381.0,7.84313726425,28.0,,,,,,,,0.0,-1.5625,,
253.016260546,552,1292,30100,42.2866858333,-83.7995394444,61.0,16.5699996948,1381.0,7.84313726425,28.0,,,,,,,,0.0,-1.5625,,
253.016260546,552,1292,30500,42.2866858333,-83.7995394444,61.0,16.5699996948,1381.0,50.9803924561,28.0,,,,,,,,0.0,-1.5625,,
253.016260546,552,1292,30700,42.2866858333,-83.7995394444,56.0,16.5699996948,1381.0,50.9803924561,28.0,,,,,,,,0.0,-1.5625,,
253.016260546,552,1292,31100,42.2866858333,-83.7995394444,56.0,14.1300001144,1192.0,50.9803924561,28.0,,,,,,,,0.0,-1.5625,,
253.016260546,552,1292,31700,42.2866858333,-83.7995394444,51.0,14.1300001144,1192.0,50.9803924561,28.0,,,,,,,,0.0,-1.5625,,
253.016260546,552,1292,32700,42.2866858333,-83.7995394444,48.0,14.1300001144,1192.0,50.9803924561,28.0,,,,,,,,0.0,-1.5625,,
253.016260546,552,1292,33100,42.2862811111,-83.7995311111,48.0,17.859998703,1495.0,50.9803924561,28.0,,,,,,,,0.0,-1.5625,,
253.016260546,552,1292,33800,42.2862811111,-83.7995311111,46.0,17.859998703,1495.0,50.9803924561,28.0,,,,,,,,0.0,-1.5625,,
253.016260546,552,1292,34800,42.2862811111,-83.7995311111,44.0,17.859998703,1495.0,50.9803924561,28.0,,,,,,,,0.0,-1.5625,,
253.016260546,552,1292,35100,42.2862811111,-83.7995311111,44.0,16.3699989319,1354.0,50.9803924561,28.0,,,,,,,,0.0,-1.5625,,
253.016260546,552,1292,35500,42.2862811111,-83.7995311111,44.0,16.3699989319,1354.0,50.5882377625,28.0,,,,,,,,0.0,-1.5625,,
253.016260546,552,1292,35900,42.2862811111,-83.7995311111,41.0,16.3699989319,1354.0,50.5882377625,28.0,,,,,,,,0.0,-1.5625,,
253.016260546,552,1292,36000,42.2859297222,-83.7995486111,41.0,16.3699989319,1354.0,50.5882377625,28.0,,,,,,,,0.0,-1.5625,,
253.016260546,552,1292,36900,42.2859297222,-83.7995486111,34.0,16.3699989319,1354.0,50.5882377625,28.0,,,,,,,,0.0,-1.5625,,
253.016260546,552,1292,37100,42.2859297222,-83.7995486111,34.0,8.14999961853,1396.0,50.5882377625,28.0,,,,,,,,0.0,-1.5625,,
253.016260546,552,1292,37900,42.2859297222,-83.7995486111,29.0,8.14999961853,1396.0,50.5882377625,28.0,,,,,,,,0.0,-1.5625,,
253.016260546,552,1292,39000,42.2859297222,-83.7995486111,20.0,8.14999961853,1396.0,50.5882377625,28.0,,,,,,,,0.0,-1.5625,,
253.016260546,552,1292,39100,42.2856844444,-83.7995538889,20.0,7.23000001907,1260.0,50.5882377625,28.0,,,,,,,,0.0,-1.5625,,
253.016260546,552,1292,40000,42.2856844444,-83.7995538889,14.0,7.23000001907,1260.0,50.5882377625,28.0,,,,,,,,0.0,-1.5625,,
253.016260546,552,1292,40600,42.2856844444,-83.7995538889,14.0,7.23000001907,1260.0,9.41176509857,28.0,,,,,,,,0.0,-1.5625,,
253.016260546,552,1292,41100,42.2856844444,-83.7995538889,9.0,1.28999996185,603.0,9.41176509857,28.0,,,,,,,,0.0,-1.5625,,
253.016260546,552,1292,42000,42.2855877778,-83.7995447222,9.0,1.28999996185,603.0,9.41176509857,28.0,,,,,,,,0.0,-1.5625,,
253.016260546,552,1292,42100,42.2855877778,-83.7995447222,6.0,1.28999996185,603.0,9.41176509857,28.0,,,,,,,,0.0,-1.5625,,
253.016260546,552,1292,43100,42.2855877778,-83.7995447222,3.0,0.879999995232,458.0,9.41176509857,28.0,,,,,,,,0.0,-1.5625,,
253.016260546,552,1292,44200,42.2855877778,-83.7995447222,1.0,0.879999995232,458.0,9.41176509857,28.0,,,,,,,,0.0,-1.5625,,
253.016260546,552,1292,45500,42.2855877778,-83.7995447222,0.0,0.879999995232,462.0,9.41176509857,28.0,,,,,,,,0.0,-1.5625,,
253.016260546,552,1292,45600,42.2855877778,-83.7995447222,0.0,0.810000002384,462.0,9.41176509857,28.0,,,,,,,,0.0,-1.5625,,
253.016260546,552,1292,45700,42.2855877778,-83.7995447222,0.0,0.810000002384,462.0,0.0,28.0,,,,,,,,0.0,-1.5625,,
253.016260546,552,1292,45900,42.2855877778,-83.7995447222,0.0,0.810000002384,462.0,0.0,27.0,,,,,,,,0.0,-1.5625,,
253.016260546,552,1292,46200,42.2855877778,-83.7995447222,0.0,0.810000002384,462.0,0.0,27.0,,,,,,,,0.0,3.125,,
253.016260546,552,1292,47500,42.2855877778,-83.7995447222,0.0,0.810000002384,0.0,0.0,27.0,,,,,,,,0.0,3.125,,
253.016260546,552,1292,50700,42.2855877778,-83.7995447222,0.0,0.0,0.0,0.0,27.0,,,,,,,,0.0,3.125,,
253.016260546,552,1292,67000,42.2855652778,-83.7995433333,0.0,0.0,0.0,0.0,27.0,,,,,,,,0.0,3.125,,
253.016260546,552,1292,67900,42.2855652778,-83.7995433333,9.0,0.0,0.0,0.0,27.0,,,,,,,,0.0,3.125,,
253.016260546,552,1292,68000,42.2855652778,-83.7995433333,9.0,0.0,1670.0,0.0,27.0,,,,,,,,0.0,3.125,,
253.016260546,552,1292,68100,42.2855652778,-83.7995433333,9.0,19.5499992371,1670.0,48.6274528503,27.0,,,,,,,,0.0,3.125,,
253.016260546,552,1292,68500,42.2855652778,-83.7995433333,9.0,19.5499992371,1670.0,48.6274528503,27.0,,,,,,,,3.90625,3.125,,
253.016260546,552,1292,68600,42.2855652778,-83.7995433333,9.0,19.5499992371,1670.0,48.6274528503,27.0,,,,,,,,3.90625,2.34375,,
253.016260546,552,1292,70000,42.2855652778,-83.7995433333,16.0,19.5499992371,1959.0,48.6274528503,27.0,,,,,,,,3.90625,2.34375,,
253.016260546,552,1292,70100,42.2854766667,-83.7995363889,16.0,22.5699996948,1959.0,48.6274528503,27.0,,,,,,,,3.90625,2.34375,,
253.016260546,552,1292,70800,42.2854766667,-83.7995363889,16.0,22.5699996948,1959.0,48.6274528503,27.0,,,,,,,,3.90625,2.34375,,
253.016260546,552,1292,71000,42.2854766667,-83.7995363889,23.0,22.5699996948,1959.0,48.6274528503,27.0,,,,,,,,3.90625,2.34375,,
253.016260546,552,1292,72000,42.2854766667,-83.7995363889,23.0,22.5699996948,2115.0,48.6274528503,27.0,,,,,,,,3.90625,2.34375,,
253.016260546,552,1292,72100,42.2854766667,-83.7995363889,28.0,26.8799991608,2115.0,48.6274528503,27.0,,,,,,,,3.90625,2.34375,,
253.016260546,552,1292,73100,42.2852561111,-83.799525,33.0,26.8799991608,2115.0,48.6274528503,27.0,,,,,,,,3.90625,2.34375,,
253.016260546,552,1292,73200,42.2852561111,-83.799525,33.0,26.8799991608,2115.0,53.3333358765,27.0,,,,,,,,3.90625,2.34375,,
253.016260546,552,1292,74000,42.2852561111,-83.799525,33.0,26.8799991608,1606.0,53.3333358765,27.0,,,,,,,,3.90625,2.34375,,
253.016260546,552,1292,74100,42.2852561111,-83.799525,37.0,27.5199985504,1606.0,53.3333358765,27.0,,,,,,,,3.90625,2.34375,,
253.016260546,552,1292,75200,42.2852561111,-83.799525,41.0,27.5199985504,1606.0,53.3333358765,27.0,,,,,,,,3.90625,2.34375,,
253.016260546,552,1292,76000,42.2852561111,-83.799525,41.0,27.5199985504,1867.0,53.3333358765,27.0,,,,,,,,3.90625,2.34375,,
253.016260546,552,1292,76100,42.2849436111,-83.7995152778,41.0,26.8799991608,1867.0,53.3333358765,27.0,,,,,,,,3.90625,2.34375,,
253.016260546,552,1292,76200,42.2849436111,-83.7995152778,45.0,26.8799991608,1867.0,53.3333358765,27.0,,,,,,,,3.90625,2.34375,,
253.016260546,552,1292,77300,42.2849436111,-83.7995152778,48.0,26.8799991608,1867.0,53.3333358765,27.0,,,,,,,,3.90625,2.34375,,
253.016260546,552,1292,78000,42.2849436111,-83.7995152778,48.0,26.8799991608,1691.0,53.3333358765,27.0,,,,,,,,3.90625,2.34375,,
253.016260546,552,1292,78100,42.2849436111,-83.7995152778,48.0,30.9299983978,1691.0,53.3333358765,27.0,,,,,,,,3.90625,2.34375,,
253.016260546,552,1292,78200,42.2849436111,-83.7995152778,48.0,30.9299983978,1691.0,77.6470565796,27.0,,,,,,,,3.90625,2.34375,,
253.016260546,552,1292,78300,42.2849436111,-83.7995152778,50.0,30.9299983978,1691.0,77.6470565796,27.0,,,,,,,,3.90625,2.34375,,
253.016260546,552,1292,78500,42.2849436111,-83.7995152778,50.0,30.9299983978,1691.0,77.6470565796,27.0,,,,,,,,-0.78125,2.34375,,
253.016260546,552,1292,79000,42.2845619444,-83.7994977778,50.0,30.9299983978,1691.0,77.6470565796,27.0,,,,,,,,-0.78125,2.34375,,
253.016260546,552,1292,79300,42.2845619444,-83.7994977778,54.0,30.9299983978,1691.0,77.6470565796,27.0,,,,,,,,-0.78125,2.34375,,
253.016260546,552,1292,80000,42.2845619444,-83.7994977778,54.0,30.9299983978,1784.0,77.6470565796,27.0,,,,,,,,-0.78125,2.34375,,
253.016260546,552,1292,80100,42.2845619444,-83.7994977778,54.0,25.5599994659,1784.0,77.6470565796,27.0,,,,,,,,-0.78125,2.34375,,
253.016260546,552,1292,80400,42.2845619444,-83.7994977778,57.0,25.5599994659,1784.0,77.6470565796,27.0,,,,,,,,-0.78125,2.34375,,
253.016260546,552,1292,81400,42.2845619444,-83.7994977778,59.0,25.5599994659,1784.0,77.6470565796,27.0,,,,,,,,-0.78125,2.34375,,
253.016260546,552,1292,82000,42.2845619444,-83.7994977778,59.0,25.5599994659,1981.0,77.6470565796,27.0,,,,,,,,-0.78125,2.34375,,
253.016260546,552,1292,82100,42.2845619444,-83.7994977778,59.0,24.9899997711,1981.0,77.6470565796,27.0,,,,,,,,-0.78125,2.34375,,
253.016260546,552,1292,82500,42.2845619444,-83.7994977778,63.0,24.9899997711,1981.0,77.6470565796,27.0,,,,,,,,-0.78125,2.34375,,
253.016260546,552,1292,83100,42.2839475,-83.7994841667,63.0,24.9899997711,1981.0,77.6470565796,27.0,,,,,,,,-0.78125,2.34375,,
253.016260546,552,1292,83300,42.2839475,-83.7994841667,63.0,24.9899997711,1981.0,53.7254905701,27.0,,,,,,,,-0.78125,2.34375,,
253.016260546,552,1292,83500,42.2839475,-83.7994841667,65.0,24.9899997711,1981.0,53.7254905701,27.0,,,,,,,,1.5625,2.34375,,
253.016260546,552,1292,84000,42.2839475,-83.7994841667,65.0,24.9899997711,1626.0,53.7254905701,27.0,,,,,,,,1.5625,2.34375,,
253.016260546,552,1292,84100,42.2839475,-83.7994841667,65.0,17.6900005341,1626.0,53.7254905701,27.0,,,,,,,,1.5625,2.34375,,
253.016260546,552,1292,84600,42.2839475,-83.7994841667,67.0,17.6900005341,1626.0,53.7254905701,27.0,,,,,,,,1.5625,2.34375,,
253.016260546,552,1292,85100,42.2836061111,-83.7994794444,67.0,17.6900005341,1626.0,53.7254905701,27.0,,,,,,,,1.5625,2.34375,,
253.016260546,552,1292,85700,42.2836061111,-83.7994794444,69.0,17.6900005341,1626.0,53.7254905701,27.0,,,,,,,,1.5625,2.34375,,
253.016260546,552,1292,86100,42.2836061111,-83.7994794444,69.0,17.6900005341,1589.0,53.7254905701,27.0,,,,,,,,1.5625,2.34375,,
253.016260546,552,1292,86200,42.2836061111,-83.7994794444,69.0,14.4099998474,1589.0,53.7254905701,27.0,,,,,,,,1.5625,2.34375,,
253.016260546,552,1292,87800,42.2836061111,-83.7994794444,70.0,14.4099998474,1589.0,53.7254905701,27.0,,,,,,,,1.5625,2.34375,,
253.016260546,552,1292,88100,42.2836061111,-83.7994794444,70.0,14.4099998474,1545.0,53.7254905701,27.0,,,,,,,,1.5625,2.34375,,
253.016260546,552,1292,88200,42.2836061111,-83.7994794444,70.0,13.8800001144,1545.0,53.7254905701,27.0,,,,,,,,1.5625,2.34375,,
253.016260546,552,1292,88300,42.2836061111,-83.7994794444,70.0,13.8800001144,1545.0,38.4313735962,27.0,,,,,,,,1.5625,2.34375,,
253.016260546,552,1292,88600,42.2836061111,-83.7994794444,70.0,13.8800001144,1545.0,38.4313735962,27.0,,,,,,,,-5.46875,2.34375,,
253.016260546,552,1292,88800,42.2836061111,-83.7994794444,72.0,13.8800001144,1545.0,38.4313735962,27.0,,,,,,,,-5.46875,2.34375,,
253.016260546,552,1292,89100,42.2828894444,-83.7994586111,72.0,13.8800001144,1545.0,38.4313735962,27.0,,,,,,,,-5.46875,2.34375,,
253.016260546,552,1292,89900,42.2828894444,-83.7994586111,73.0,13.8800001144,1545.0,38.4313735962,27.0,,,,,,,,-5.46875,2.34375,,
253.016260546,552,1292,90100,42.2828894444,-83.7994586111,73.0,13.8800001144,1587.0,38.4313735962,27.0,,,,,,,,-5.46875,2.34375,,
253.016260546,552,1292,90200,42.2828894444,-83.7994586111,73.0,14.0699996948,1587.0,38.4313735962,27.0,,,,,,,,-5.46875,2.34375,,
253.016260546,552,1292,90900,42.2828894444,-83.7994586111,74.0,14.0699996948,1587.0,38.4313735962,27.0,,,,,,,,-5.46875,2.34375,,
253.016260546,552,1292,92100,42.2823261111,-83.7994444444,74.0,14.0699996948,1613.0,38.4313735962,27.0,,,,,,,,-5.46875,2.34375,,
253.016260546,552,1292,92200,42.2823261111,-83.7994444444,74.0,14.1599998474,1613.0,38.4313735962,27.0,,,,,,,,-5.46875,2.34375,,
253.016260546,552,1292,93000,42.2823261111,-83.7994444444,75.0,14.1599998474,1613.0,38.4313735962,27.0,,,,,,,,-5.46875,2.34375,,
253.016260546,552,1292,93400,42.2823261111,-83.7994444444,75.0,14.1599998474,1613.0,69.4117660522,27.0,,,,,,,,-5.46875,2.34375,,
253.016260546,552,1292,93600,42.2823261111,-83.7994444444,75.0,14.1599998474,1613.0,69.4117660522,27.0,,,,,,,,3.125,2.34375,,
253.016260546,552,1292,94100,42.2823261111,-83.7994444444,75.0,14.1599998474,1616.0,69.4117660522,27.0,,,,,,,,3.125,2.34375,,
253.016260546,552,1292,94200,42.2823261111,-83.7994444444,75.0,19.3999996185,1616.0,69.4117660522,27.0,,,,,,,,3.125,2.34375,,
253.016260546,552,1292,95100,42.2817511111,-83.7994302778,75.0,19.3999996185,1616.0,69.4117660522,27.0,,,,,,,,3.125,2.34375,,
253.016260546,552,1292,96100,42.2817511111,-83.7994302778,76.0,19.3999996185,1280.0,69.4117660522,27.0,,,,,,,,3.125,2.34375,,
253.016260546,552,1292,96200,42.2817511111,-83.7994302778,76.0,22.1499996185,1280.0,69.4117660522,27.0,,,,,,,,3.125,2.34375,,
253.016260546,552,1292,97100,42.2817511111,-83.7994302778,77.0,22.1499996185,1280.0,69.4117660522,27.0,,,,,,,,3.125,2.34375,,
253.016260546,552,1292,98100,42.281165,-83.7994125,77.0,22.1499996185,1241.0,69.4117660522,27.0,,,,,,,,3.125,2.34375,,
253.016260546,552,1292,98200,42.281165,-83.7994125,77.0,4.31999969482,1241.0,69.4117660522,27.0,,,,,,,,3.125,2.34375,,
253.016260546,552,1292,98400,42.281165,-83.7994125,77.0,4.31999969482,1241.0,11.764705658,27.0,,,,,,,,3.125,2.34375,,
253.016260546,552,1292,98700,42.281165,-83.7994125,77.0,4.31999969482,1241.0,11.764705658,27.0,,,,,,,,0.0,2.34375,,
253.016260546,552,1292,100100,42.281165,-83.7994125,77.0,4.31999969482,1266.0,11.764705658,27.0,,,,,,,,0.0,2.34375,,
253.016260546,552,1292,100200,42.281165,-83.7994125,77.0,8.75,1266.0,11.764705658,27.0,,,,,,,,0.0,2.34375,,
253.016260546,552,1292,101100,42.2805769444,-83.7993975,77.0,8.75,1266.0,11.764705658,27.0,,,,,,,,0.0,2.34375,,
253.016260546,552,1292,102100,42.2805769444,-83.7993975,77.0,8.75,1264.0,11.764705658,27.0,,,,,,,,0.0,2.34375,,
253.016260546,552,1292,102200,42.2805769444,-83.7993975,77.0,8.76999950409,1264.0,11.764705658,27.0,,,,,,,,0.0,2.34375,,
253.016260546,552,1292,103400,42.2805769444,-83.7993975,78.0,8.76999950409,1264.0,11.764705658,27.0,,,,,,,,0.0,2.34375,,
253.016260546,552,1292,103500,42.2805769444,-83.7993975,78.0,8.76999950409,1264.0,29.0196075439,27.0,,,,,,,,0.0,2.34375,,
253.016260546,552,1292,103700,42.2805769444,-83.7993975,78.0,8.76999950409,1264.0,29.0196075439,27.0,,,,,,,,2.34375,2.34375,,
253.016260546,552,1292,104000,42.2799833333,-83.7993833333,78.0,8.76999950409,1264.0,29.0196075439,27.0,,,,,,,,2.34375,2.34375,,
253.016260546,552,1292,104100,42.2799833333,-83.7993833333,78.0,8.76999950409,1298.0,29.0196075439,27.0,,,,,,,,2.34375,2.34375,,
253.016260546,552,1292,104200,42.2799833333,-83.7993833333,78.0,9.57999992371,1298.0,29.0196075439,27.0,,,,,,,,2.34375,2.34375,,
253.016260546,552,1292,104400,42.2799833333,-83.7993833333,79.0,9.57999992371,1298.0,29.0196075439,27.0,,,,,,,,2.34375,2.34375,,
253.016260546,552,1292,105500,42.2799833333,-83.7993833333,80.0,9.57999992371,1298.0,29.0196075439,27.0,,,,,,,,2.34375,2.34375,,
253.016260546,552,1292,106100,42.2799833333,-83.7993833333,80.0,9.57999992371,1288.0,29.0196075439,27.0,,,,,,,,2.34375,2.34375,,
253.016260546,552,1292,106200,42.2799833333,-83.7993833333,80.0,9.05000019073,1288.0,29.0196075439,27.0,,,,,,,,2.34375,2.34375,,
253.016260546,552,1292,107100,42.2793763889,-83.7993702778,80.0,9.05000019073,1288.0,29.0196075439,27.0,,,,,,,,2.34375,2.34375,,
253.016260546,552,1292,108100,42.2793763889,-83.7993702778,80.0,9.05000019073,1304.0,29.0196075439,27.0,,,,,,,,2.34375,2.34375,,
253.016260546,552,1292,108200,42.2793763889,-83.7993702778,80.0,9.96999931335,1304.0,29.0196075439,27.0,,,,,,,,2.34375,2.34375,,
253.016260546,552,1292,108500,42.2793763889,-83.7993702778,80.0,9.96999931335,1304.0,32.1568641663,27.0,,,,,,,,2.34375,2.34375,,
253.016260546,552,1292,108700,42.2793763889,-83.7993702778,80.0,9.96999931335,1304.0,32.1568641663,27.0,,,,,,,,5.46875,2.34375,,
253.016260546,552,1292,110100,42.27877,-83.7993536111,80.0,9.96999931335,1364.0,32.1568641663,27.0,,,,,,,,5.46875,2.34375,,
253.016260546,552,1292,110200,42.27877,-83.7993536111,80.0,18.8299999237,1364.0,32.1568641663,27.0,,,,,,,,5.46875,2.34375,,
253.016260546,552,1292,112100,42.27877,-83.7993536111,80.0,18.8299999237,1342.0,32.1568641663,27.0,,,,,,,,5.46875,2.34375,,
253.016260546,552,1292,112200,42.27877,-83.7993536111,80.0,18.9200000763,1342.0,32.1568641663,27.0,,,,,,,,5.46875,2.34375,,
253.016260546,552,1292,113100,42.2781611111,-83.7993366667,80.0,18.9200000763,1342.0,32.1568641663,27.0,,,,,,,,5.46875,2.34375,,
253.016260546,552,1292,113500,42.2781611111,-83.7993366667,80.0,18.9200000763,1342.0,58.0392150879,27.0,,,,,,,,5.46875,2.34375,,
253.016260546,552,1292,113800,42.2781611111,-83.7993366667,80.0,18.9200000763,1342.0,58.0392150879,27.0,,,,,,,,3.125,2.34375,,
253.016260546,552,1292,114100,42.2781611111,-83.7993366667,80.0,18.9200000763,1329.0,58.0392150879,27.0,,,,,,,,3.125,2.34375,,
253.016260546,552,1292,114200,42.2781611111,-83.7993366667,80.0,17.4799995422,1329.0,58.0392150879,27.0,,,,,,,,3.125,2.34375,,
253.016260546,552,1292,116000,42.2775525,-83.7993227778,80.0,17.4799995422,1329.0,58.0392150879,27.0,,,,,,,,3.125,2.34375,,
253.016260546,552,1292,116100,42.2775525,-83.7993227778,80.0,17.4799995422,1338.0,58.0392150879,27.0,,,,,,,,3.125,2.34375,,
253.016260546,552,1292,116200,42.2775525,-83.7993227778,80.0,19.4499988556,1338.0,58.0392150879,27.0,,,,,,,,3.125,2.34375,,
253.016260546,552,1292,118100,42.2775525,-83.7993227778,80.0,19.4499988556,1285.0,58.0392150879,27.0,,,,,,,,3.125,2.34375,,
253.016260546,552,1292,118200,42.2775525,-83.7993227778,80.0,15.1999998093,1285.0,58.0392150879,27.0,,,,,,,,3.125,2.34375,,
253.016260546,552,1292,118600,42.2775525,-83.7993227778,80.0,15.1999998093,1285.0,48.235294342,27.0,,,,,,,,3.125,2.34375,,
253.016260546,552,1292,118800,42.2775525,-83.7993227778,80.0,15.1999998093,1285.0,48.235294342,27.0,,,,,,,,0.78125,2.34375,,
253.016260546,552,1292,119000,42.2769508333,-83.7993075,80.0,15.1999998093,1285.0,48.235294342,27.0,,,,,,,,0.78125,2.34375,,
253.016260546,552,1292,120100,42.2769508333,-83.7993075,79.0,15.1999998093,1270.0,48.235294342,27.0,,,,,,,,0.78125,2.34375,,
253.016260546,552,1292,120300,42.2769508333,-83.7993075,79.0,9.84000015259,1270.0,48.235294342,27.0,,,,,,,,0.78125,2.34375,,
253.016260546,552,1292,122100,42.2763536111,-83.7992922222,79.0,9.84000015259,1328.0,48.235294342,27.0,,,,,,,,0.78125,2.34375,,
253.016260546,552,1292,122300,42.2763536111,-83.7992922222,79.0,11.2599992752,1328.0,48.235294342,27.0,,,,,,,,0.78125,2.34375,,
253.016260546,552,1292,123600,42.2763536111,-83.7992922222,79.0,11.2599992752,1328.0,31.764705658,27.0,,,,,,,,0.78125,2.34375,,
253.016260546,552,1292,123800,42.2763536111,-83.7992922222,79.0,11.2599992752,1328.0,31.764705658,27.0,,,,,,,,-3.125,2.34375,,
253.016260546,552,1292,124100,42.2763536111,-83.7992922222,79.0,11.2599992752,1281.0,31.764705658,27.0,,,,,,,,-3.125,2.34375,,
253.016260546,552,1292,124300,42.2763536111,-83.7992922222,79.0,9.71999931335,1281.0,31.764705658,27.0,,,,,,,,-3.125,2.34375,,
253.016260546,552,1292,125100,42.2757577778,-83.799285,79.0,9.71999931335,1281.0,31.764705658,27.0,,,,,,,,-3.125,2.34375,,
253.016260546,552,1292,125300,42.2757577778,-83.799285,78.0,9.71999931335,1281.0,31.764705658,27.0,,,,,,,,-3.125,2.34375,,
253.016260546,552,1292,126100,42.2757577778,-83.799285,78.0,9.71999931335,1250.0,31.764705658,27.0,,,,,,,,-3.125,2.34375,,
253.016260546,552,1292,126300,42.2757577778,-83.799285,78.0,3.73000001907,1250.0,31.764705658,27.0,,,,,,,,-3.125,2.34375,,
253.016260546,552,1292,127400,42.2757577778,-83.799285,77.0,3.73000001907,1250.0,31.764705658,27.0,,,,,,,,-3.125,2.34375,,
253.016260546,552,1292,128000,42.2751769444,-83.7992683333,77.0,3.73000001907,1250.0,31.764705658,27.0,,,,,,,,-3.125,2.34375,,
253.016260546,552,1292,128100,42.2751769444,-83.7992683333,77.0,3.73000001907,1323.0,31.764705658,27.0,,,,,,,,-3.125,2.34375,,
253.016260546,552,1292,128300,42.2751769444,-83.7992683333,77.0,13.9399995804,1323.0,31.764705658,27.0,,,,,,,,-3.125,2.34375,,
253.016260546,552,1292,128600,42.2751769444,-83.7992683333,77.0,13.9399995804,1323.0,40.0,27.0,,,,,,,,-3.125,2.34375,,
253.016260546,552,1292,128700,42.2751769444,-83.7992683333,77.0,13.9399995804,1323.0,40.0,27.0,,,,,,,,-3.125,1.5625,,
253.016260546,552,1292,128900,42.2751769444,-83.7992683333,77.0,13.9399995804,1323.0,40.0,27.0,,,,,,,,5.46875,1.5625,,
253.016260546,552,1292,129500,42.2751769444,-83.7992683333,75.0,13.9399995804,1323.0,40.0,27.0,,,,,,,,5.46875,1.5625,,
253.016260546,552,1292,130100,42.2751769444,-83.7992683333,75.0,13.9399995804,1171.0,40.0,27.0,,,,,,,,5.46875,1.5625,,
253.016260546,552,1292,130300,42.2751769444,-83.7992683333,75.0,17.3099994659,1171.0,40.0,27.0,,,,,,,,5.46875,1.5625,,
253.016260546,552,1292,130500,42.2751769444,-83.7992683333,73.0,17.3099994659,1171.0,40.0,27.0,,,,,,,,5.46875,1.5625,,
253.016260546,552,1292,130900,42.2751769444,-83.7992683333,73.0,17.3099994659,1171.0,40.0,27.0,,,,,,,,5.46875,1.5625,,
253.016260546,552,1292,131000,42.2746186111,-83.799255,73.0,17.3099994659,1171.0,40.0,27.0,,,,,,,,5.46875,1.5625,,
253.016260546,552,1292,131600,42.2746186111,-83.799255,71.0,17.3099994659,1171.0,40.0,27.0,,,,,,,,5.46875,1.5625,,
253.016260546,552,1292,132100,42.2746186111,-83.799255,71.0,17.3099994659,1453.0,40.0,27.0,,,,,,,,5.46875,1.5625,,
253.016260546,552,1292,132300,42.2746186111,-83.799255,71.0,17.859998703,1453.0,40.0,27.0,,,,,,,,5.46875,1.5625,,
253.016260546,552,1292,132600,42.2746186111,-83.799255,68.0,17.859998703,1453.0,40.0,27.0,,,,,,,,5.46875,1.5625,,
253.016260546,552,1292,133700,42.2746186111,-83.799255,65.0,17.859998703,1453.0,51.3725509644,27.0,,,,,,,,5.46875,1.5625,,
253.016260546,552,1292,133900,42.2746186111,-83.799255,65.0,17.859998703,1453.0,51.3725509644,27.0,,,,,,,,0.0,1.5625,,
253.016260546,552,1292,134100,42.2746186111,-83.799255,65.0,17.859998703,1321.0,51.3725509644,27.0,,,,,,,,0.0,1.5625,,
253.016260546,552,1292,134300,42.2746186111,-83.799255,65.0,15.9899997711,1321.0,51.3725509644,27.0,,,,,,,,0.0,1.5625,,
253.016260546,552,1292,134700,42.2746186111,-83.799255,62.0,15.9899997711,1321.0,51.3725509644,27.0,,,,,,,,0.0,1.5625,,
253.016260546,552,1292,135000,42.2739586111,-83.7992233333,62.0,15.9899997711,1321.0,51.3725509644,27.0,,,,,,,,0.0,1.5625,,
253.016260546,552,1292,135700,42.2739586111,-83.7992233333,59.0,15.9899997711,1321.0,51.3725509644,27.0,,,,,,,,0.0,1.5625,,
253.016260546,552,1292,136100,42.2739586111,-83.7992233333,59.0,15.9899997711,1297.0,51.3725509644,27.0,,,,,,,,0.0,1.5625,,
253.016260546,552,1292,136300,42.2739586111,-83.7992233333,59.0,16.2099990845,1297.0,51.3725509644,27.0,,,,,,,,0.0,1.5625,,
253.016260546,552,1292,136800,42.2739586111,-83.7992233333,53.0,16.2099990845,1297.0,51.3725509644,27.0,,,,,,,,0.0,1.5625,,
253.016260546,552,1292,137800,42.2739586111,-83.7992233333,46.0,16.2099990845,1297.0,51.3725509644,27.0,,,,,,,,0.0,1.5625,,
253.016260546,552,1292,138100,42.2735775,-83.7991927778,46.0,16.2099990845,1263.0,51.3725509644,27.0,,,,,,,,0.0,1.5625,,
253.016260546,552,1292,138300,42.2735775,-83.7991927778,46.0,15.3800001144,1263.0,51.3725509644,27.0,,,,,,,,0.0,1.5625,,
253.016260546,552,1292,138700,42.2735775,-83.7991927778,46.0,15.3800001144,1263.0,50.5882377625,27.0,,,,,,,,0.0,1.5625,,
253.016260546,552,1292,138900,42.2735775,-83.7991927778,38.0,15.3800001144,1263.0,50.5882377625,27.0,,,,,,,,0.0,1.5625,,
253.016260546,552,1292,139900,42.2735775,-83.7991927778,30.0,15.3800001144,1263.0,50.5882377625,27.0,,,,,,,,0.0,1.5625,,
253.016260546,552,1292,140100,42.2735775,-83.7991927778,30.0,15.3800001144,1344.0,50.5882377625,27.0,,,,,,,,0.0,1.5625,,
253.016260546,552,1292,140300,42.2735775,-83.7991927778,30.0,8.15999984741,1344.0,50.5882377625,27.0,,,,,,,,0.0,1.5625,,
253.016260546,552,1292,140900,42.2735775,-83.7991927778,22.0,8.15999984741,1344.0,50.5882377625,27.0,,,,,,,,0.0,1.5625,,
253.016260546,552,1292,141000,42.2733611111,-83.7991852778,22.0,8.15999984741,1344.0,50.5882377625,27.0,,,,,,,,0.0,1.5625,,
253.016260546,552,1292,142000,42.2733611111,-83.7991852778,15.0,8.15999984741,1344.0,50.5882377625,27.0,,,,,,,,0.0,1.5625,,
253.016260546,552,1292,142100,42.2733611111,-83.7991852778,15.0,8.15999984741,939.0,50.5882377625,27.0,,,,,,,,0.0,1.5625,,
253.016260546,552,1292,142300,42.2733611111,-83.7991852778,15.0,4.53999996185,939.0,50.5882377625,27.0,,,,,,,,0.0,1.5625,,
253.016260546,552,1292,143000,42.2733611111,-83.7991852778,12.0,4.53999996185,939.0,50.5882377625,27.0,,,,,,,,0.0,1.5625,,
253.016260546,552,1292,143700,42.2733611111,-83.7991852778,12.0,4.53999996185,939.0,21.5686283112,27.0,,,,,,,,0.0,1.5625,,
253.016260546,552,1292,144100,42.2732694444,-83.7991838889,8.0,4.53999996185,887.0,21.5686283112,27.0,,,,,,,,0.0,1.5625,,
253.016260546,552,1292,144300,42.2732694444,-83.7991838889,8.0,4.71999979019,887.0,21.5686283112,27.0,,,,,,,,0.0,1.5625,,
253.016260546,552,1292,145100,42.2732694444,-83.7991838889,6.0,4.71999979019,887.0,21.5686283112,27.0,,,,,,,,0.0,1.5625,,
253.016260546,552,1292,146100,42.2732694444,-83.7991838889,3.0,4.71999979019,452.0,21.5686283112,27.0,,,,,,,,0.0,1.5625,,
253.016260546,552,1292,146300,42.2732694444,-83.7991838889,3.0,0.819999992847,452.0,21.5686283112,27.0,,,,,,,,0.0,1.5625,,
253.016260546,552,1292,147100,42.2732391667,-83.7991855556,3.0,0.819999992847,452.0,21.5686283112,27.0,,,,,,,,0.0,1.5625,,
253.016260546,552,1292,147200,42.2732391667,-83.7991855556,1.0,0.819999992847,452.0,21.5686283112,27.0,,,,,,,,0.0,1.5625,,
253.016260546,552,1292,148100,42.2732391667,-83.7991855556,1.0,0.819999992847,1479.0,21.5686283112,27.0,,,,,,,,0.0,1.5625,,
253.016260546,552,1292,148300,42.2732391667,-83.7991855556,1.0,14.6700000763,1479.0,21.5686283112,27.0,,,,,,,,0.0,1.5625,,
253.016260546,552,1292,148800,42.2732391667,-83.7991855556,1.0,14.6700000763,1479.0,54.1176490784,27.0,,,,,,,,0.0,1.5625,,
253.016260546,552,1292,149000,42.2732391667,-83.7991855556,1.0,14.6700000763,1479.0,54.1176490784,27.0,,,,,,,,28.90625,1.5625,,
253.016260546,552,1292,149300,42.2732391667,-83.7991855556,7.0,14.6700000763,1479.0,54.1176490784,27.0,,,,,,,,28.90625,1.5625,,
253.016260546,552,1292,150100,42.2731752778,-83.7991816667,7.0,14.6700000763,1937.0,54.1176490784,27.0,,,,,,,,28.90625,1.5625,,
253.016260546,552,1292,150300,42.2731752778,-83.7991816667,15.0,24.0299987793,1937.0,54.1176490784,27.0,,,,,,,,28.90625,1.5625,,
253.016260546,552,1292,151300,42.2731752778,-83.7991816667,19.0,24.0299987793,1937.0,54.1176490784,27.0,,,,,,,,28.90625,1.5625,,
253.016260546,552,1292,152200,42.2731752778,-83.7991816667,19.0,24.0299987793,1668.0,54.1176490784,27.0,,,,,,,,28.90625,1.5625,,
253.016260546,552,1292,152300,42.2731752778,-83.7991816667,19.0,20.6399993896,1668.0,54.1176490784,27.0,,,,,,,,28.90625,1.5625,,
253.016260546,552,1292,152400,42.2731752778,-83.7991816667,20.0,20.6399993896,1668.0,54.1176490784,27.0,,,,,,,,28.90625,1.5625,,
253.016260546,552,1292,153000,42.27306,-83.799055,20.0,20.6399993896,1668.0,54.1176490784,27.0,,,,,,,,28.90625,1.5625,,
253.016260546,552,1292,153500,42.27306,-83.799055,23.0,20.6399993896,1668.0,54.1176490784,27.0,,,,,,,,28.90625,1.5625,,
253.016260546,552,1292,153900,42.27306,-83.799055,23.0,20.6399993896,1668.0,54.509803772,27.0,,,,,,,,28.90625,1.5625,,
253.016260546,552,1292,154100,42.27306,-83.799055,23.0,20.6399993896,1668.0,54.509803772,27.0,,,,,,,,-2.34375,1.5625,,
253.016260546,552,1292,154200,42.27306,-83.799055,23.0,20.6399993896,1737.0,54.509803772,27.0,,,,,,,,-2.34375,1.5625,,
253.016260546,552,1292,154300,42.27306,-83.799055,23.0,22.0900001526,1737.0,54.509803772,27.0,,,,,,,,-2.34375,1.5625,,
253.016260546,552,1292,154600,42.27306,-83.799055,27.0,22.0900001526,1737.0,54.509803772,27.0,,,,,,,,-2.34375,1.5625,,
253.016260546,552,1292,155600,42.27306,-83.799055,30.0,22.0900001526,1737.0,54.509803772,27.0,,,,,,,,-2.34375,1.5625,,
253.016260546,552,1292,156100,42.2730619444,-83.7987733333,30.0,22.0900001526,1737.0,54.509803772,27.0,,,,,,,,-2.34375,1.5625,,
253.016260546,552,1292,156300,42.2730619444,-83.7987733333,30.0,38.469997406,2351.0,54.509803772,27.0,,,,,,,,-2.34375,1.5625,,
253.016260546,552,1292,156700,42.2730619444,-83.7987733333,35.0,38.469997406,2351.0,54.509803772,27.0,,,,,,,,-2.34375,1.5625,,
253.016260546,552,1292,157700,42.2730619444,-83.7987733333,41.0,38.469997406,2351.0,54.509803772,27.0,,,,,,,,-2.34375,1.5625,,
253.016260546,552,1292,158300,42.2730619444,-83.7987733333,41.0,34.2900009155,1944.0,54.509803772,27.0,,,,,,,,-2.34375,1.5625,,
253.016260546,552,1292,158700,42.2730619444,-83.7987733333,46.0,34.2900009155,1944.0,54.509803772,27.0,,,,,,,,-2.34375,0.78125,,
253.016260546,552,1292,158900,42.2730619444,-83.7987733333,46.0,34.2900009155,1944.0,80.0,27.0,,,,,,,,-2.34375,0.78125,,
253.016260546,552,1292,159100,42.2732319444,-83.7983997222,46.0,34.2900009155,1944.0,80.0,27.0,,,,,,,,1.5625,0.78125,,
253.016260546,552,1292,159800,42.2732319444,-83.7983997222,49.0,34.2900009155,1944.0,80.0,27.0,,,,,,,,1.5625,0.78125,,
253.016260546,552,1292,160300,42.2732319444,-83.7983997222,49.0,28.25,2030.0,80.0,27.0,,,,,,,,1.5625,0.78125,,
253.016260546,552,1292,160800,42.2732319444,-83.7983997222,51.0,28.25,2030.0,80.0,27.0,,,,,,,,1.5625,0.78125,,
253.016260546,552,1292,160900,42.2732319444,-83.7983997222,51.0,28.25,2030.0,80.0,27.0,,,,,,,,1.5625,0.78125,,
253.016260546,552,1292,161900,42.2732319444,-83.7983997222,54.0,28.25,2030.0,80.0,27.0,,,,,,,,1.5625,0.78125,,
253.016260546,552,1292,162000,42.2734513889,-83.7979466667,54.0,28.25,2030.0,80.0,27.0,,,,,,,,1.5625,0.78125,,
253.016260546,552,1292,162300,42.2734513889,-83.7979466667,54.0,27.1199989319,1738.0,80.0,27.0,,,,,,,,1.5625,0.78125,,
253.016260546,552,1292,162900,42.2734513889,-83.7979466667,56.0,27.1199989319,1738.0,80.0,27.0,,,,,,,,1.5625,0.78125,,
253.016260546,552,1292,163900,42.2734513889,-83.7979466667,57.0,27.1199989319,1738.0,37.6470603943,27.0,,,,,,,,1.5625,0.78125,,
253.016260546,552,1292,164200,42.2734513889,-83.7979466667,57.0,27.1199989319,1738.0,37.6470603943,27.0,,,,,,,,-0.78125,0.78125,,
253.016260546,552,1292,164300,42.2734513889,-83.7979466667,57.0,15.8099994659,1491.0,37.6470603943,27.0,,,,,,,,-0.78125,0.78125,,
253.016260546,552,1292,165000,42.2734513889,-83.7979466667,58.0,15.8099994659,1491.0,37.6470603943,27.0,,,,,,,,-0.78125,0.78125,,
253.016260546,552,1292,165100,42.2736658333,-83.79743,58.0,15.8099994659,1491.0,37.6470603943,27.0,,,,,,,,-0.78125,0.78125,,
253.016260546,552,1292,166000,42.2736658333,-83.79743,59.0,15.8099994659,1491.0,37.6470603943,27.0,,,,,,,,-0.78125,0.78125,,
253.016260546,552,1292,166300,42.2736658333,-83.79743,59.0,18.8299999237,1435.0,37.6470603943,27.0,,,,,,,,-0.78125,0.78125,,
253.016260546,552,1292,167100,42.2736658333,-83.79743,60.0,18.8299999237,1435.0,37.6470603943,27.0,,,,,,,,-0.78125,0.78125,,
253.016260546,552,1292,168100,42.2738083333,-83.7968566667,60.0,18.8299999237,1435.0,37.6470603943,27.0,,,,,,,,-0.78125,0.78125,,
253.016260546,552,1292,168300,42.2738083333,-83.7968566667,60.0,13.0399999619,1396.0,37.6470603943,27.0,,,,,,,,-0.78125,0.78125,,
253.016260546,552,1292,169000,42.2738083333,-83.7968566667,60.0,13.0399999619,1396.0,41.1764717102,27.0,,,,,,,,-0.78125,0.78125,,
253.016260546,552,1292,169200,42.2738083333,-83.7968566667,60.0,13.0399999619,1396.0,41.1764717102,27.0,,,,,,,,-2.34375,0.78125,,
253.016260546,552,1292,170300,42.2738083333,-83.7968566667,60.0,3.50999999046,1299.0,41.1764717102,27.0,,,,,,,,-2.34375,0.78125,,
253.016260546,552,1292,171100,42.2738680556,-83.7962397222,60.0,3.50999999046,1299.0,41.1764717102,27.0,,,,,,,,-2.34375,0.78125,,
253.016260546,552,1292,171200,42.2738680556,-83.7962397222,59.0,3.50999999046,1299.0,41.1764717102,27.0,,,,,,,,-2.34375,0.78125,,
253.016260546,552,1292,172300,42.2738680556,-83.7962397222,57.0,15.0899991989,1227.0,41.1764717102,27.0,,,,,,,,-2.34375,0.78125,,
253.016260546,552,1292,173300,42.2738680556,-83.7962397222,56.0,15.0899991989,1227.0,41.1764717102,27.0,,,,,,,,-2.34375,0.78125,,
253.016260546,552,1292,174000,42.2738680556,-83.7962397222,56.0,15.0899991989,1227.0,49.8039207458,27.0,,,,,,,,-2.34375,0.78125,,
253.016260546,552,1292,174100,42.2738588889,-83.7956591667,56.0,15.0899991989,1227.0,49.8039207458,27.0,,,,,,,,-2.34375,0.78125,,
253.016260546,552,1292,174300,42.2738588889,-83.7956591667,53.0,12.8699998856,1109.0,49.8039207458,27.0,,,,,,,,0.0,0.78125,,
253.016260546,552,1292,175400,42.2738588889,-83.7956591667,44.0,12.8699998856,1109.0,49.8039207458,27.0,,,,,,,,0.0,0.78125,,
253.016260546,552,1292,176300,42.2738588889,-83.7956591667,44.0,14.4399995804,1200.0,49.8039207458,27.0,,,,,,,,0.0,0.78125,,
253.016260546,552,1292,176400,42.2738588889,-83.7956591667,32.0,14.4399995804,1200.0,49.8039207458,27.0,,,,,,,,0.0,0.78125,,
253.016260546,552,1292,177100,42.2738252778,-83.7952838889,32.0,14.4399995804,1200.0,49.8039207458,27.0,,,,,,,,0.0,0.78125,,
253.016260546,552,1292,177500,42.2738252778,-83.7952838889,20.0,14.4399995804,1200.0,49.8039207458,27.0,,,,,,,,0.0,0.78125,,
253.016260546,552,1292,178300,42.2738252778,-83.7952838889,20.0,4.19999980927,806.0,49.8039207458,27.0,,,,,,,,0.0,0.78125,,
253.016260546,552,1292,178500,42.2738252778,-83.7952838889,9.0,4.19999980927,806.0,49.8039207458,27.0,,,,,,,,0.0,0.78125,,
253.016260546,552,1292,179100,42.2738252778,-83.7952838889,9.0,4.19999980927,806.0,21.5686283112,27.0,,,,,,,,0.0,0.78125,,
253.016260546,552,1292,179300,42.2738252778,-83.7952838889,9.0,4.19999980927,806.0,21.5686283112,27.0,,,,,,,,28.90625,0.78125,,
253.016260546,552,1292,179500,42.2738252778,-83.7952838889,3.0,4.19999980927,806.0,21.5686283112,27.0,,,,,,,,28.90625,0.78125,,
253.016260546,552,1292,180300,42.2738252778,-83.7952838889,0.0,4.19999980927,777.0,21.5686283112,27.0,,,,,,,,28.90625,0.78125,,
253.016260546,552,1292,180400,42.2738252778,-83.7952838889,0.0,1.64999997616,777.0,21.5686283112,27.0,,,,,,,,28.90625,0.78125,,
253.016260546,552,1292,180500,42.2738252778,-83.7952838889,0.0,1.64999997616,777.0,7.4509806633,27.0,,,,,,,,28.90625,0.78125,,
253.016260546,552,1292,180700,42.2738252778,-83.7952838889,0.0,1.64999997616,777.0,7.4509806633,28.0,,,,,,,,28.90625,0.78125,,
253.016260546,552,1292,180800,42.2738252778,-83.7952838889,0.0,1.64999997616,777.0,7.4509806633,28.0,,,,,,,,0.0,0.78125,,
253.016260546,552,1292,181000,42.2738252778,-83.7952838889,0.0,1.64999997616,777.0,7.4509806633,28.0,,,,,,,,0.0,3.125,,
253.016260546,552,1292,182300,42.2738252778,-83.7952838889,0.0,1.64999997616,244.0,7.4509806633,28.0,,,,,,,,0.0,3.125,,
253.016260546,552,1292,183100,42.2738111111,-83.7952066667,0.0,1.64999997616,244.0,7.4509806633,28.0,,,,,,,,0.0,3.125,,
253.016260546,552,1292,183900,42.2738111111,-83.7952066667,6.0,1.64999997616,1671.0,7.4509806633,28.0,,,,,,,,0.0,3.125,,
253.016260546,552,1292,184000,42.2738111111,-83.7952066667,6.0,19.75,1671.0,7.4509806633,28.0,,,,,,,,0.0,3.125,,
253.016260546,552,1292,184100,42.2738111111,-83.7952066667,6.0,19.75,1671.0,51.764705658,28.0,,,,,,,,0.0,3.125,,
253.016260546,552,1292,184400,42.2738111111,-83.7952066667,6.0,19.75,1671.0,51.764705658,28.0,,,,,,,,3.125,3.125,,
253.016260546,552,1292,184600,42.2738111111,-83.7952066667,6.0,19.75,1671.0,51.764705658,28.0,,,,,,,,3.125,2.34375,,
253.016260546,552,1292,185700,42.2738111111,-83.7952066667,6.0,19.75,1671.0,51.764705658,28.0,,,,,,,,3.125,2.34375,,
253.016260546,552,1292,185900,42.2738111111,-83.7952066667,14.0,19.75,1671.0,51.764705658,28.0,,,,,,,,3.125,2.34375,,
253.016260546,552,1292,186000,42.2738111111,-83.7952066667,14.0,13.4499998093,1692.0,51.764705658,28.0,,,,,,,,3.125,2.34375,,
253.016260546,552,1292,186200,42.2738488889,-83.7951561111,14.0,13.4499998093,1692.0,51.764705658,28.0,,,,,,,,3.125,2.34375,,
253.016260546,552,1292,187000,42.2738488889,-83.7951561111,16.0,13.4499998093,1692.0,51.764705658,28.0,,,,,,,,3.125,2.34375,,
253.016260546,552,1292,188100,42.2738488889,-83.7951561111,18.0,0.989999949932,748.0,51.764705658,28.0,,,,,,,,3.125,2.34375,,
253.016260546,552,1292,189100,42.2738488889,-83.7951561111,18.0,0.989999949932,748.0,8.23529434204,28.0,,,,,,,,3.125,2.34375,,
253.016260546,552,1292,189200,42.2739738889,-83.7951255556,18.0,0.989999949932,748.0,8.23529434204,28.0,,,,,,,,3.125,2.34375,,
253.016260546,552,1292,190100,42.2739738889,-83.7951255556,18.0,0.839999973774,462.0,8.23529434204,28.0,,,,,,,,3.125,2.34375,,
253.016260546,552,1292,190200,42.2739738889,-83.7951255556,17.0,0.839999973774,462.0,8.23529434204,28.0,,,,,,,,3.125,2.34375,,
253.016260546,552,1292,191300,42.2739738889,-83.7951255556,13.0,0.839999973774,462.0,8.23529434204,28.0,,,,,,,,3.125,2.34375,,
253.016260546,552,1292,192100,42.2739738889,-83.7951255556,13.0,0.839999973774,456.0,8.23529434204,28.0,,,,,,,,3.125,2.34375,,
253.016260546,552,1292,192300,42.2739738889,-83.7951255556,11.0,0.839999973774,456.0,8.23529434204,28.0,,,,,,,,3.125,2.34375,,
253.016260546,552,1292,193100,42.2740975,-83.7950919444,11.0,0.839999973774,456.0,8.23529434204,28.0,,,,,,,,3.125,2.34375,,
253.016260546,552,1292,193300,42.2740975,-83.7950919444,10.0,0.839999973774,456.0,8.23529434204,28.0,,,,,,,,3.125,2.34375,,
253.016260546,552,1292,194100,42.2740975,-83.7950919444,10.0,0.829999983311,460.0,0.0,28.0,,,,,,,,3.125,2.34375,,
253.016260546,552,1292,194500,42.2740975,-83.7950919444,10.0,0.829999983311,460.0,0.0,28.0,,,,,,,,0.0,2.34375,,
253.016260546,552,1292,195400,42.2740975,-83.7950919444,9.0,0.829999983311,460.0,0.0,28.0,,,,,,,,0.0,2.34375,,
253.016260546,552,1292,196100,42.2741030556,-83.7950036111,9.0,0.709999978542,461.0,0.0,28.0,,,,,,,,0.0,2.34375,,
253.016260546,552,1292,196500,42.2741030556,-83.7950036111,8.0,0.709999978542,461.0,0.0,28.0,,,,,,,,0.0,2.34375,,
253.016260546,552,1292,197500,42.2741030556,-83.7950036111,4.0,0.709999978542,461.0,0.0,28.0,,,,,,,,0.0,2.34375,,
253.016260546,552,1292,198000,42.2741030556,-83.7950036111,0.0,0.709999978542,461.0,0.0,28.0,,,,,,,,0.0,2.34375,,
253.016260546,552,1292,198100,42.2741030556,-83.7950036111,0.0,1.61000001431,826.0,0.0,28.0,,,,,,,,0.0,2.34375,,
253.016260546,552,1292,198200,42.2741030556,-83.7950036111,0.0,1.61000001431,826.0,8.23529434204,28.0,,,,,,,,0.0,2.34375,,
253.016260546,552,1292,198500,42.2741030556,-83.7950036111,0.0,1.61000001431,826.0,8.23529434204,28.0,,,,,,,,14.84375,2.34375,,
253.016260546,552,1292,198700,42.2741030556,-83.7950036111,0.0,1.61000001431,826.0,8.23529434204,28.0,,,,,,,,14.84375,3.125,,
253.016260546,552,1292,200100,42.2741030556,-83.7950036111,0.0,1.61000001431,168.0,8.23529434204,28.0,,,,,,,,14.84375,3.125,,
253.016260546,552,1292,202100,42.2741030556,-83.7950036111,0.0,1.61000001431,0.0,8.23529434204,28.0,,,,,,,,14.84375,3.125,,
253.016260546,552,1292,203200,42.2741030556,-83.7950036111,0.0,4.75,0.0,8.23529434204,28.0,,,,,,,,14.84375,3.125,,
253.016260546,552,1292,203300,42.2741030556,-83.7950036111,0.0,4.75,0.0,12.9411764145,28.0,,,,,,,,14.84375,3.125,,
253.016260546,552,1292,204100,42.2741030556,-83.7950036111,0.0,4.75,1224.0,12.9411764145,28.0,,,,,,,,14.84375,3.125,,
253.016260546,552,1292,206100,42.2741030556,-83.7950036111,0.0,4.75,990.0,12.9411764145,28.0,,,,,,,,14.84375,3.125,,
253.016260546,552,1292,208100,42.2741030556,-83.7950036111,0.0,4.75,848.0,12.9411764145,28.0,,,,,,,,14.84375,3.125,,
253.016260546,552,1292,208200,42.2741030556,-83.7950036111,0.0,5.78999996185,848.0,12.9411764145,28.0,,,,,,,,14.84375,3.125,,
253.016260546,552,1292,208300,42.2741030556,-83.7950036111,0.0,5.78999996185,848.0,28.235294342,28.0,,,,,,,,14.84375,3.125,,
253.016260546,552,1292,208600,42.2741030556,-83.7950036111,0.0,5.78999996185,848.0,28.235294342,28.0,,,,,,,,-1.5625,3.125,,
253.016260546,552,1292,210100,42.2741030556,-83.7950036111,0.0,5.78999996185,785.0,28.235294342,28.0,,,,,,,,-1.5625,3.125,,
253.016260546,552,1292,212100,42.2741030556,-83.7950036111,0.0,5.78999996185,745.0,28.235294342,28.0,,,,,,,,-1.5625,3.125,,
253.016260546,552,1292,213300,42.2741030556,-83.7950036111,0.0,6.83999967575,745.0,39.2156867981,28.0,,,,,,,,-1.5625,3.125,,
253.016260546,552,1292,213700,42.2741030556,-83.7950036111,0.0,6.83999967575,745.0,39.2156867981,28.0,,,,,,,,0.0,3.125,,
253.016260546,552,1292,214100,42.2741030556,-83.7950036111,0.0,6.83999967575,753.0,39.2156867981,28.0,,,,,,,,0.0,3.125,,
253.016260546,552,1292,216100,42.2741030556,-83.7950036111,0.0,6.83999967575,762.0,39.2156867981,28.0,,,,,,,,0.0,3.125,,
253.016260546,552,1292,218100,42.2741030556,-83.7950036111,0.0,6.83999967575,769.0,39.2156867981,28.0,,,,,,,,0.0,3.125,,
253.016260546,552,1292,218300,42.2741030556,-83.7950036111,0.0,5.81999969482,769.0,39.2156867981,28.0,,,,,,,,0.0,3.125,,
253.016260546,552,1292,218400,42.2741030556,-83.7950036111,0.0,5.81999969482,769.0,32.1568641663,28.0,,,,,,,,0.0,3.125,,
253.016260546,552,1292,218700,42.2741030556,-83.7950036111,0.0,5.81999969482,769.0,32.1568641663,28.0,,,,,,,,1.5625,3.125,,
253.016260546,552,1292,220100,42.2741030556,-83.7950036111,0.0,5.81999969482,767.0,32.1568641663,28.0,,,,,,,,1.5625,3.125,,
253.016260546,552,1292,222100,42.2741030556,-83.7950036111,0.0,5.81999969482,756.0,32.1568641663,28.0,,,,,,,,1.5625,3.125,,
253.016260546,552,1292,223300,42.2741030556,-83.7950036111,0.0,5.76999998093,756.0,32.1568641663,28.0,,,,,,,,1.5625,3.125,,
253.016260546,552,1292,223700,42.2741030556,-83.7950036111,0.0,5.76999998093,756.0,32.1568641663,28.0,,,,,,,,5.46875,3.125,,
253.016260546,552,1292,224200,42.2741030556,-83.7950036111,0.0,5.76999998093,746.0,32.1568641663,28.0,,,,,,,,5.46875,3.125,,
253.016260546,552,1292,226100,42.2741072222,-83.7950016667,0.0,5.76999998093,746.0,32.1568641663,28.0,,,,,,,,5.46875,3.125,,
253.016260546,552,1292,226200,42.2741072222,-83.7950016667,0.0,5.76999998093,752.0,32.1568641663,28.0,,,,,,,,5.46875,3.125,,
253.016260546,552,1292,228200,42.2741072222,-83.7950016667,0.0,5.76999998093,731.0,32.1568641663,28.0,,,,,,,,5.46875,3.125,,
253.016260546,552,1292,228300,42.2741072222,-83.7950016667,0.0,5.92999982834,731.0,32.1568641663,28.0,,,,,,,,5.46875,3.125,,
253.016260546,552,1292,228500,42.2741072222,-83.7950016667,0.0,5.92999982834,731.0,32.9411773682,28.0,,,,,,,,5.46875,3.125,,
253.016260546,552,1292,228700,42.2741072222,-83.7950016667,0.0,5.92999982834,731.0,32.9411773682,28.0,,,,,,,,2.34375,2.34375,,
253.016260546,552,1292,230200,42.2741072222,-83.7950016667,0.0,5.92999982834,754.0,32.9411773682,28.0,,,,,,,,2.34375,2.34375,,
253.016260546,552,1292,232200,42.2741072222,-83.7950016667,0.0,5.92999982834,754.0,32.9411773682,28.0,,,,,,,,2.34375,2.34375,,
253.016260546,552,1292,233400,42.2741072222,-83.7950016667,0.0,5.71000003815,754.0,32.9411773682,28.0,,,,,,,,2.34375,2.34375,,
253.016260546,552,1292,233500,42.2741072222,-83.7950016667,0.0,5.71000003815,754.0,32.1568641663,28.0,,,,,,,,2.34375,2.34375,,
253.016260546,552,1292,233800,42.2741072222,-83.7950016667,0.0,5.71000003815,754.0,32.1568641663,28.0,,,,,,,,0.0,2.34375,,
253.016260546,552,1292,234200,42.2741072222,-83.7950016667,0.0,5.71000003815,745.0,32.1568641663,28.0,,,,,,,,0.0,2.34375,,
253.016260546,552,1292,236200,42.2741072222,-83.7950016667,0.0,5.71000003815,753.0,32.1568641663,28.0,,,,,,,,0.0,2.34375,,
253.016260546,552,1292,238200,42.2741072222,-83.7950016667,0.0,5.71000003815,778.0,32.1568641663,28.0,,,,,,,,0.0,2.34375,,
253.016260546,552,1292,238400,42.2741072222,-83.7950016667,0.0,5.80999994278,778.0,32.1568641663,28.0,,,,,,,,0.0,2.34375,,
253.016260546,552,1292,238600,42.2741072222,-83.7950016667,0.0,5.80999994278,778.0,32.5490188599,28.0,,,,,,,,0.0,2.34375,,
253.016260546,552,1292,240200,42.2741072222,-83.7950016667,0.0,5.80999994278,762.0,32.5490188599,28.0,,,,,,,,0.0,2.34375,,
253.016260546,552,1292,242200,42.2741072222,-83.7950016667,0.0,5.80999994278,758.0,32.5490188599,28.0,,,,,,,,0.0,2.34375,,
253.016260546,552,1292,243500,42.2741072222,-83.7950016667,0.0,5.58999967575,758.0,32.5490188599,28.0,,,,,,,,0.0,2.34375,,
253.016260546,552,1292,243600,42.2741072222,-83.7950016667,0.0,5.58999967575,758.0,30.5882358551,28.0,,,,,,,,0.0,2.34375,,
253.016260546,552,1292,243900,42.2741072222,-83.7950016667,0.0,5.58999967575,758.0,30.5882358551,28.0,,,,,,,,-3.125,2.34375,,
253.016260546,552,1292,244200,42.2741072222,-83.7950016667,0.0,5.58999967575,761.0,30.5882358551,28.0,,,,,,,,-3.125,2.34375,,
253.016260546,552,1292,246200,42.2741072222,-83.7950016667,0.0,5.58999967575,747.0,30.5882358551,28.0,,,,,,,,-3.125,2.34375,,
253.016260546,552,1292,248200,42.2741072222,-83.7950016667,0.0,5.58999967575,749.0,30.5882358551,28.0,,,,,,,,-3.125,2.34375,,
253.016260546,552,1292,248500,42.2741072222,-83.7950016667,0.0,5.40000009537,749.0,30.5882358551,28.0,,,,,,,,-3.125,2.34375,,
253.016260546,552,1292,248700,42.2741072222,-83.7950016667,0.0,5.40000009537,749.0,29.8039226532,28.0,,,,,,,,-3.125,2.34375,,
253.016260546,552,1292,248900,42.2741072222,-83.7950016667,0.0,5.40000009537,749.0,29.8039226532,28.0,,,,,,,,0.78125,2.34375,,
253.016260546,552,1292,250200,42.2741072222,-83.7950016667,0.0,5.40000009537,757.0,29.8039226532,28.0,,,,,,,,0.78125,2.34375,,
253.016260546,552,1292,252200,42.2741072222,-83.7950016667,0.0,5.40000009537,756.0,29.8039226532,28.0,,,,,,,,0.78125,2.34375,,
253.016260546,552,1292,253500,42.2741072222,-83.7950016667,0.0,5.17000007629,756.0,29.8039226532,28.0,,,,,,,,0.78125,2.34375,,
253.016260546,552,1292,253700,42.2741072222,-83.7950016667,0.0,5.17000007629,756.0,29.0196075439,28.0,,,,,,,,0.78125,2.34375,,
253.016260546,552,1292,253900,42.2741072222,-83.7950016667,0.0,5.17000007629,756.0,29.0196075439,28.0,,,,,,,,-3.125,2.34375,,
253.016260546,552,1292,254200,42.2741072222,-83.7950016667,0.0,5.17000007629,746.0,29.0196075439,28.0,,,,,,,,-3.125,2.34375,,
253.016260546,552,1292,256100,42.2741161111,-83.7950286111,0.0,5.17000007629,746.0,29.0196075439,28.0,,,,,,,,-3.125,2.34375,,
253.016260546,552,1292,256200,42.2741161111,-83.7950286111,0.0,5.17000007629,743.0,29.0196075439,28.0,,,,,,,,-3.125,2.34375,,
253.016260546,552,1292,258300,42.2741161111,-83.7950286111,0.0,5.17000007629,753.0,29.0196075439,28.0,,,,,,,,-3.125,2.34375,,
253.016260546,552,1292,258600,42.2741161111,-83.7950286111,0.0,5.15999984741,753.0,29.0196075439,28.0,,,,,,,,-3.125,2.34375,,
253.016260546,552,1292,258700,42.2741161111,-83.7950286111,0.0,5.15999984741,753.0,28.627450943,28.0,,,,,,,,-3.125,2.34375,,
253.016260546,552,1292,259000,42.2741161111,-83.7950286111,0.0,5.15999984741,753.0,28.627450943,28.0,,,,,,,,-2.34375,2.34375,,
253.016260546,552,1292,260300,42.2741161111,-83.7950286111,0.0,5.15999984741,754.0,28.627450943,28.0,,,,,,,,-2.34375,2.34375,,
253.016260546,552,1292,262300,42.2741161111,-83.7950286111,0.0,5.15999984741,758.0,28.627450943,28.0,,,,,,,,-2.34375,2.34375,,
253.016260546,552,1292,263700,42.2741161111,-83.7950286111,0.0,5.23000001907,758.0,29.0196075439,28.0,,,,,,,,-2.34375,2.34375,,
253.016260546,552,1292,264000,42.2741161111,-83.7950286111,0.0,5.23000001907,758.0,29.0196075439,28.0,,,,,,,,0.0,2.34375,,
253.016260546,552,1292,264300,42.2741161111,-83.7950286111,0.0,5.23000001907,737.0,29.0196075439,28.0,,,,,,,,0.0,2.34375,,
253.016260546,552,1292,266300,42.2741161111,-83.7950286111,0.0,5.23000001907,745.0,29.0196075439,28.0,,,,,,,,0.0,2.34375,,
253.016260546,552,1292,268300,42.2741161111,-83.7950286111,0.0,5.23000001907,749.0,29.0196075439,28.0,,,,,,,,0.0,2.34375,,
253.016260546,552,1292,268700,42.2741161111,-83.7950286111,0.0,5.42999982834,749.0,29.0196075439,28.0,,,,,,,,0.0,2.34375,,
253.016260546,552,1292,268800,42.2741161111,-83.7950286111,0.0,5.42999982834,749.0,30.9803924561,28.0,,,,,,,,0.0,2.34375,,
253.016260546,552,1292,269000,42.2741161111,-83.7950286111,0.0,5.42999982834,749.0,30.9803924561,28.0,,,,,,,,-0.78125,2.34375,,
253.016260546,552,1292,270300,42.2741161111,-83.7950286111,0.0,5.42999982834,756.0,30.9803924561,28.0,,,,,,,,-0.78125,2.34375,,
253.016260546,552,1292,271100,42.2741186111,-83.7950238889,0.0,5.42999982834,756.0,30.9803924561,28.0,,,,,,,,-0.78125,2.34375,,
253.016260546,552,1292,272000,42.2741186111,-83.7950238889,3.0,5.42999982834,756.0,30.9803924561,28.0,,,,,,,,-0.78125,2.34375,,
253.016260546,552,1292,272100,42.2741186111,-83.7950238889,3.0,6.38999986649,890.0,30.9803924561,28.0,,,,,,,,-0.78125,2.34375,,
253.016260546,552,1292,272200,42.2741186111,-83.7950238889,3.0,6.38999986649,890.0,32.5490188599,28.0,,,,,,,,-0.78125,2.34375,,
253.016260546,552,1292,272500,42.2741186111,-83.7950238889,3.0,6.38999986649,890.0,32.5490188599,28.0,,,,,,,,-11.71875,2.34375,,
253.016260546,552,1292,272700,42.2741186111,-83.7950238889,3.0,6.38999986649,890.0,32.5490188599,28.0,,,,,,,,-11.71875,-0.78125,,
253.016260546,552,1292,274100,42.27412,-83.7950655556,5.0,8.94999980927,1069.0,32.5490188599,28.0,,,,,,,,-11.71875,-0.78125,,
253.016260546,552,1292,275100,42.27412,-83.7950655556,6.0,8.94999980927,1069.0,32.5490188599,28.0,,,,,,,,-11.71875,-0.78125,,
253.016260546,552,1292,275700,42.27412,-83.7950655556,6.0,8.94999980927,1069.0,32.5490188599,28.0,,,,,,,,-11.71875,-0.78125,,
253.016260546,552,1292,276100,42.27412,-83.7950655556,5.0,5.71999979019,825.0,32.5490188599,28.0,,,,,,,,-11.71875,-0.78125,,
253.016260546,552,1292,277000,42.2741186111,-83.7951052778,5.0,5.71999979019,825.0,32.5490188599,28.0,,,,,,,,-11.71875,-0.78125,,
253.016260546,552,1292,277200,42.2741186111,-83.7951052778,2.0,5.71999979019,825.0,32.5490188599,28.0,,,,,,,,-11.71875,-0.78125,,
253.016260546,552,1292,277300,42.2741186111,-83.7951052778,2.0,5.71999979019,825.0,30.1960792542,28.0,,,,,,,,-11.71875,-0.78125,,
253.016260546,552,1292,278100,42.2741186111,-83.7951052778,2.0,5.65000009537,785.0,30.1960792542,28.0,,,,,,,,-11.71875,-0.78125,,
253.016260546,552,1292,279300,42.2741186111,-83.7951052778,3.0,5.65000009537,785.0,30.1960792542,28.0,,,,,,,,-11.71875,-0.78125,,
253.016260546,552,1292,280100,42.2741186111,-83.7951052778,3.0,6.44999980927,858.0,30.1960792542,28.0,,,,,,,,-11.71875,-0.78125,,
253.016260546,552,1292,280300,42.2741186111,-83.7951052778,4.0,6.44999980927,858.0,30.1960792542,28.0,,,,,,,,-11.71875,-0.78125,,
253.016260546,552,1292,281100,42.2741155556,-83.7951516667,4.0,6.44999980927,858.0,30.1960792542,28.0,,,,,,,,-11.71875,-0.78125,,
253.016260546,552,1292,281300,42.2741155556,-83.7951516667,5.0,6.44999980927,858.0,30.1960792542,28.0,,,,,,,,-11.71875,-0.78125,,
253.016260546,552,1292,282100,42.2741155556,-83.7951516667,5.0,5.75,779.0,30.1960792542,28.0,,,,,,,,-11.71875,-0.78125,,
253.016260546,552,1292,282300,42.2741155556,-83.7951516667,5.0,5.75,779.0,30.9803924561,28.0,,,,,,,,-11.71875,-0.78125,,
253.016260546,552,1292,282400,42.2741155556,-83.7951516667,2.0,5.75,779.0,30.9803924561,28.0,,,,,,,,-11.71875,-0.78125,,
253.016260546,552,1292,282600,42.2741155556,-83.7951516667,2.0,5.75,779.0,30.9803924561,28.0,,,,,,,,0.78125,-0.78125,,
253.016260546,552,1292,283400,42.2741155556,-83.7951516667,1.0,5.75,779.0,30.9803924561,28.0,,,,,,,,0.78125,-0.78125,,
253.016260546,552,1292,284000,42.2741119444,-83.7951597222,1.0,5.75,779.0,30.9803924561,28.0,,,,,,,,0.78125,-0.78125,,
253.016260546,552,1292,284100,42.2741119444,-83.7951597222,1.0,16.4499988556,1549.0,30.9803924561,28.0,,,,,,,,0.78125,-0.78125,,
253.016260546,552,1292,284500,42.2741119444,-83.7951597222,3.0,16.4499988556,1549.0,30.9803924561,28.0,,,,,,,,0.78125,-0.78125,,
253.016260546,552,1292,285500,42.2741119444,-83.7951597222,9.0,16.4499988556,1549.0,30.9803924561,28.0,,,,,,,,0.78125,-0.78125,,
253.016260546,552,1292,286100,42.2741119444,-83.7951597222,9.0,21.0200004578,1759.0,30.9803924561,28.0,,,,,,,,0.78125,-0.78125,,
253.016260546,552,1292,286500,42.2741119444,-83.7951597222,15.0,21.0200004578,1759.0,30.9803924561,28.0,,,,,,,,0.78125,-0.78125,,
253.016260546,552,1292,287000,42.2740319444,-83.7951561111,15.0,21.0200004578,1759.0,30.9803924561,28.0,,,,,,,,0.78125,-0.78125,,
253.016260546,552,1292,287300,42.2740319444,-83.7951561111,15.0,21.0200004578,1759.0,34.9019622803,28.0,,,,,,,,0.78125,-0.78125,,
253.016260546,552,1292,287700,42.2740319444,-83.7951561111,15.0,21.0200004578,1759.0,34.9019622803,28.0,,,,,,,,6.25,-0.78125,,
253.016260546,552,1292,288100,42.2740319444,-83.7951561111,15.0,7.98000001907,1409.0,34.9019622803,28.0,,,,,,,,6.25,-0.78125,,
253.016260546,552,1292,289700,42.2740319444,-83.7951561111,12.0,7.98000001907,1409.0,34.9019622803,28.0,,,,,,,,6.25,-0.78125,,
253.016260546,552,1292,290100,42.2739369444,-83.7951655556,12.0,7.98000001907,482.0,34.9019622803,28.0,,,,,,,,6.25,-0.78125,,
253.016260546,552,1292,290200,42.2739369444,-83.7951655556,12.0,0.939999997616,482.0,34.9019622803,28.0,,,,,,,,6.25,-0.78125,,
253.016260546,552,1292,290700,42.2739369444,-83.7951655556,8.0,0.939999997616,482.0,34.9019622803,28.0,,,,,,,,6.25,-0.78125,,
253.016260546,552,1292,291700,42.2739369444,-83.7951655556,3.0,0.939999997616,482.0,34.9019622803,28.0,,,,,,,,6.25,-0.78125,,
253.016260546,552,1292,292100,42.2739369444,-83.7951655556,3.0,0.939999997616,1154.0,34.9019622803,28.0,,,,,,,,6.25,-0.78125,,
253.016260546,552,1292,292200,42.2739369444,-83.7951655556,3.0,7.53999996185,1154.0,34.9019622803,28.0,,,,,,,,6.25,-0.78125,,
253.016260546,552,1292,292300,42.2739369444,-83.7951655556,3.0,7.53999996185,1154.0,22.745098114,28.0,,,,,,,,6.25,-0.78125,,
253.016260546,552,1292,292700,42.2739369444,-83.7951655556,3.0,7.53999996185,1154.0,22.745098114,28.0,,,,,,,,-11.71875,-0.78125,,
253.016260546,552,1292,292800,42.2739369444,-83.7951655556,4.0,7.53999996185,1154.0,22.745098114,28.0,,,,,,,,-11.71875,-0.78125,,
253.016260546,552,1292,293100,42.2739133333,-83.7951602778,4.0,7.53999996185,1154.0,22.745098114,28.0,,,,,,,,-11.71875,-0.78125,,
253.016260546,552,1292,293900,42.2739133333,-83.7951602778,3.0,7.53999996185,1154.0,22.745098114,28.0,,,,,,,,-11.71875,-0.78125,,
253.016260546,552,1292,294100,42.2739133333,-83.7951602778,3.0,7.53999996185,1349.0,22.745098114,28.0,,,,,,,,-11.71875,-0.78125,,
253.016260546,552,1292,294300,42.2739133333,-83.7951602778,3.0,20.1000003815,1349.0,22.745098114,28.0,,,,,,,,-11.71875,-0.78125,,
253.016260546,552,1292,295900,42.2739133333,-83.7951602778,8.0,20.1000003815,1349.0,22.745098114,28.0,,,,,,,,-11.71875,-0.78125,,
253.016260546,552,1292,296000,42.2738741667,-83.7951477778,8.0,20.1000003815,1349.0,22.745098114,28.0,,,,,,,,-11.71875,-0.78125,,
253.016260546,552,1292,296200,42.2738741667,-83.7951477778,8.0,20.1000003815,1940.0,22.745098114,28.0,,,,,,,,-11.71875,-0.78125,,
253.016260546,552,1292,296300,42.2738741667,-83.7951477778,8.0,22.3299999237,1940.0,22.745098114,28.0,,,,,,,,-11.71875,-0.78125,,
253.016260546,552,1292,297000,42.2738741667,-83.7951477778,15.0,22.3299999237,1940.0,22.745098114,28.0,,,,,,,,-11.71875,-0.78125,,
253.016260546,552,1292,297400,42.2738741667,-83.7951477778,15.0,22.3299999237,1940.0,49.0196075439,28.0,,,,,,,,-11.71875,-0.78125,,
253.016260546,552,1292,297700,42.2738741667,-83.7951477778,15.0,22.3299999237,1940.0,49.0196075439,28.0,,,,,,,,2.34375,-0.78125,,
253.016260546,552,1292,298000,42.2738741667,-83.7951477778,21.0,22.3299999237,1940.0,49.0196075439,28.0,,,,,,,,2.34375,-0.78125,,
253.016260546,552,1292,298200,42.2738741667,-83.7951477778,21.0,22.3299999237,2094.0,49.0196075439,28.0,,,,,,,,2.34375,-0.78125,,
253.016260546,552,1292,298300,42.2738741667,-83.7951477778,21.0,32.8600006104,2094.0,49.0196075439,28.0,,,,,,,,2.34375,-0.78125,,
253.016260546,552,1292,299100,42.2738136111,-83.7949591667,28.0,32.8600006104,2094.0,49.0196075439,28.0,,,,,,,,2.34375,-0.78125,,
253.016260546,552,1292,300100,42.2738136111,-83.7949591667,37.0,32.8600006104,2094.0,49.0196075439,28.0,,,,,,,,2.34375,-0.78125,,
253.016260546,552,1292,300200,42.2738136111,-83.7949591667,37.0,32.8600006104,2787.0,49.0196075439,28.0,,,,,,,,2.34375,-0.78125,,
253.016260546,552,1292,300300,42.2738136111,-83.7949591667,37.0,51.4199981689,2787.0,49.0196075439,28.0,,,,,,,,2.34375,-0.78125,,
253.016260546,552,1292,301100,42.2738136111,-83.7949591667,45.0,51.4199981689,2787.0,49.0196075439,28.0,,,,,,,,2.34375,-0.78125,,
253.016260546,552,1292,302000,42.2737438889,-83.7945380556,45.0,51.4199981689,2787.0,49.0196075439,28.0,,,,,,,,2.34375,-0.78125,,
253.016260546,552,1292,302200,42.2737438889,-83.7945380556,50.0,51.4199981689,3111.0,49.0196075439,28.0,,,,,,,,2.34375,-0.78125,,
253.016260546,552,1292,302300,42.2737438889,-83.7945380556,50.0,37.6800003052,3111.0,49.0196075439,28.0,,,,,,,,2.34375,-0.78125,,
253.016260546,552,1292,302400,42.2737438889,-83.7945380556,50.0,37.6800003052,3111.0,55.2941169739,28.0,,,,,,,,2.34375,-0.78125,,
253.016260546,552,1292,303200,42.2737438889,-83.7945380556,54.0,37.6800003052,3111.0,55.2941169739,28.0,,,,,,,,2.34375,-0.78125,,
253.016260546,552,1292,304200,42.2737438889,-83.7945380556,54.0,37.6800003052,2322.0,55.2941169739,28.0,,,,,,,,2.34375,-0.78125,,
253.016260546,552,1292,304300,42.2737438889,-83.7945380556,56.0,20.6899986267,2322.0,55.2941169739,28.0,,,,,,,,2.34375,-0.78125,,
253.016260546,552,1292,305100,42.2736752778,-83.7939719444,56.0,20.6899986267,2322.0,55.2941169739,28.0,,,,,,,,2.34375,-0.78125,,
253.016260546,552,1292,305300,42.2736752778,-83.7939719444,59.0,20.6899986267,2322.0,55.2941169739,28.0,,,,,,,,2.34375,-0.78125,,
253.016260546,552,1292,306200,42.2736752778,-83.7939719444,59.0,20.6899986267,1934.0,55.2941169739,28.0,,,,,,,,2.34375,-0.78125,,
253.016260546,552,1292,306300,42.2736752778,-83.7939719444,60.0,13.6099996567,1934.0,55.2941169739,28.0,,,,,,,,2.34375,-0.78125,,
253.016260546,552,1292,307400,42.2736752778,-83.7939719444,61.0,13.6099996567,1934.0,55.2941169739,28.0,,,,,,,,2.34375,-0.78125,,
253.016260546,552,1292,307500,42.2736752778,-83.7939719444,61.0,13.6099996567,1934.0,20.392156601,28.0,,,,,,,,2.34375,-0.78125,,
253.016260546,552,1292,307800,42.2736752778,-83.7939719444,61.0,13.6099996567,1934.0,20.392156601,28.0,,,,,,,,-3.125,-0.78125,,
253.016260546,552,1292,308100,42.2735994444,-83.7933644444,61.0,13.6099996567,1934.0,20.392156601,28.0,,,,,,,,-3.125,-0.78125,,
253.016260546,552,1292,308200,42.2735994444,-83.7933644444,61.0,13.6099996567,1354.0,20.392156601,28.0,,,,,,,,-3.125,-0.78125,,
253.016260546,552,1292,308300,42.2735994444,-83.7933644444,61.0,7.21000003815,1354.0,20.392156601,28.0,,,,,,,,-3.125,-0.78125,,
253.016260546,552,1292,308400,42.2735994444,-83.7933644444,62.0,7.21000003815,1354.0,20.392156601,28.0,,,,,,,,-3.125,-0.78125,,
253.016260546,552,1292,310200,42.2735994444,-83.7933644444,62.0,7.21000003815,1313.0,20.392156601,28.0,,,,,,,,-3.125,-0.78125,,
253.016260546,552,1292,310300,42.2735994444,-83.7933644444,62.0,3.23000001907,1313.0,20.392156601,28.0,,,,,,,,-3.125,-0.78125,,
253.016260546,552,1292,311000,42.2735252778,-83.7927513889,62.0,3.23000001907,1313.0,20.392156601,28.0,,,,,,,,-3.125,-0.78125,,
253.016260546,552,1292,311500,42.2735252778,-83.7927513889,61.0,3.23000001907,1313.0,20.392156601,28.0,,,,,,,,-3.125,-0.78125,,
253.016260546,552,1292,312200,42.2735252778,-83.7927513889,61.0,3.23000001907,1294.0,20.392156601,28.0,,,,,,,,-3.125,-0.78125,,
253.016260546,552,1292,312300,42.2735252778,-83.7927513889,61.0,15.7399997711,1294.0,20.392156601,28.0,,,,,,,,-3.125,-0.78125,,
253.016260546,552,1292,312500,42.2735252778,-83.7927513889,61.0,15.7399997711,1294.0,50.5882377625,28.0,,,,,,,,-3.125,-0.78125,,
253.016260546,552,1292,312800,42.2735252778,-83.7927513889,61.0,15.7399997711,1294.0,50.5882377625,28.0,,,,,,,,5.46875,-0.78125,,
253.016260546,552,1292,313600,42.2735252778,-83.7927513889,60.0,15.7399997711,1294.0,50.5882377625,28.0,,,,,,,,5.46875,-0.78125,,
253.016260546,552,1292,314100,42.2734425,-83.7921483333,60.0,15.7399997711,1294.0,50.5882377625,28.0,,,,,,,,5.46875,-0.78125,,
253.016260546,552,1292,314200,42.2734425,-83.7921483333,60.0,15.7399997711,1279.0,50.5882377625,28.0,,,,,,,,5.46875,-0.78125,,
253.016260546,552,1292,314300,42.2734425,-83.7921483333,60.0,15.3800001144,1279.0,50.5882377625,28.0,,,,,,,,5.46875,-0.78125,,
253.016260546,552,1292,315700,42.2734425,-83.7921483333,59.0,15.3800001144,1279.0,50.5882377625,28.0,,,,,,,,5.46875,-0.78125,,
253.016260546,552,1292,316200,42.2734425,-83.7921483333,59.0,15.3800001144,1206.0,50.5882377625,28.0,,,,,,,,5.46875,-0.78125,,
253.016260546,552,1292,316300,42.2734425,-83.7921483333,59.0,14.4399995804,1206.0,50.5882377625,28.0,,,,,,,,5.46875,-0.78125,,
253.016260546,552,1292,316700,42.2734425,-83.7921483333,57.0,14.4399995804,1206.0,50.5882377625,28.0,,,,,,,,5.46875,-0.78125,,
253.016260546,552,1292,317100,42.2733691667,-83.7915527778,57.0,14.4399995804,1206.0,50.5882377625,28.0,,,,,,,,5.46875,-0.78125,,
253.016260546,552,1292,317500,42.2733691667,-83.7915527778,57.0,14.4399995804,1206.0,50.1960792542,28.0,,,,,,,,5.46875,-0.78125,,
253.016260546,552,1292,317800,42.2733691667,-83.7915527778,54.0,14.4399995804,1206.0,50.1960792542,28.0,,,,,,,,5.46875,-0.78125,,
253.016260546,552,1292,317900,42.2733691667,-83.7915527778,54.0,14.4399995804,1206.0,50.1960792542,28.0,,,,,,,,0.0,-0.78125,,
253.016260546,552,1292,318200,42.2733691667,-83.7915527778,54.0,14.4399995804,1172.0,50.1960792542,28.0,,,,,,,,0.0,-0.78125,,
253.016260546,552,1292,318300,42.2733691667,-83.7915527778,54.0,14.0,1172.0,50.1960792542,28.0,,,,,,,,0.0,-0.78125,,
253.016260546,552,1292,320100,42.2732961111,-83.7909958333,54.0,14.0,1172.0,50.1960792542,28.0,,,,,,,,0.0,-0.78125,,
253.016260546,552,1292,320200,42.2732961111,-83.7909958333,54.0,14.0,1610.0,50.1960792542,28.0,,,,,,,,0.0,-0.78125,,
253.016260546,552,1292,320300,42.2732961111,-83.7909958333,54.0,29.7099990845,1610.0,50.1960792542,28.0,,,,,,,,0.0,-0.78125,,
253.016260546,552,1292,321900,42.2732961111,-83.7909958333,57.0,29.7099990845,1610.0,50.1960792542,28.0,,,,,,,,0.0,-0.78125,,
253.016260546,552,1292,322200,42.2732961111,-83.7909958333,57.0,29.7099990845,1388.0,50.1960792542,28.0,,,,,,,,0.0,-0.78125,,
253.016260546,552,1292,322300,42.2732961111,-83.7909958333,57.0,21.2999992371,1388.0,50.1960792542,28.0,,,,,,,,0.0,-0.78125,,
253.016260546,552,1292,322600,42.2732961111,-83.7909958333,57.0,21.2999992371,1388.0,55.6862754822,28.0,,,,,,,,0.0,-0.78125,,
253.016260546,552,1292,323000,42.2732961111,-83.7909958333,60.0,21.2999992371,1388.0,55.6862754822,28.0,,,,,,,,0.0,-0.78125,,
253.016260546,552,1292,323100,42.2732036111,-83.7904008333,60.0,21.2999992371,1388.0,55.6862754822,28.0,,,,,,,,0.0,-0.78125,,
253.016260546,552,1292,324000,42.2732036111,-83.7904008333,62.0,21.2999992371,1388.0,55.6862754822,28.0,,,,,,,,0.0,-0.78125,,
253.016260546,552,1292,324200,42.2732036111,-83.7904008333,62.0,21.2999992371,1356.0,55.6862754822,28.0,,,,,,,,0.0,-0.78125,,
253.016260546,552,1292,324300,42.2732036111,-83.7904008333,62.0,5.52999973297,1356.0,55.6862754822,28.0,,,,,,,,0.0,-0.78125,,
253.016260546,552,1292,326000,42.2731386111,-83.7897733333,62.0,5.52999973297,1356.0,55.6862754822,28.0,,,,,,,,0.0,-0.78125,,
253.016260546,552,1292,326200,42.2731386111,-83.7897733333,61.0,5.52999973297,1300.0,55.6862754822,28.0,,,,,,,,0.0,-0.78125,,
253.016260546,552,1292,326300,42.2731386111,-83.7897733333,61.0,3.5,1300.0,55.6862754822,28.0,,,,,,,,0.0,-0.78125,,
253.016260546,552,1292,327300,42.2731386111,-83.7897733333,60.0,3.5,1300.0,55.6862754822,28.0,,,,,,,,0.0,-0.78125,,
253.016260546,552,1292,327600,42.2731386111,-83.7897733333,60.0,3.5,1300.0,24.7058830261,28.0,,,,,,,,0.0,-0.78125,,
253.016260546,552,1292,328200,42.2731386111,-83.7897733333,60.0,3.5,1438.0,24.7058830261,28.0,,,,,,,,0.0,-0.78125,,
253.016260546,552,1292,328300,42.2731386111,-83.7897733333,60.0,16.1800003052,1438.0,24.7058830261,28.0,,,,,,,,0.0,-0.78125,,
253.016260546,552,1292,329000,42.273065,-83.7891827778,60.0,16.1800003052,1438.0,24.7058830261,28.0,,,,,,,,0.0,-0.78125,,
253.016260546,552,1292,329300,42.273065,-83.7891827778,62.0,16.1800003052,1438.0,24.7058830261,28.0,,,,,,,,0.0,-0.78125,,
253.016260546,552,1292,330200,42.273065,-83.7891827778,62.0,16.1800003052,1639.0,24.7058830261,28.0,,,,,,,,0.0,-0.78125,,
253.016260546,552,1292,330400,42.273065,-83.7891827778,60.0,31.609998703,1639.0,24.7058830261,28.0,,,,,,,,0.0,-0.78125,,
253.016260546,552,1292,331400,42.273065,-83.7891827778,63.0,31.609998703,1639.0,24.7058830261,28.0,,,,,,,,0.0,-0.78125,,
253.016260546,552,1292,332000,42.2729866667,-83.7885688889,63.0,31.609998703,1639.0,24.7058830261,28.0,,,,,,,,0.0,-0.78125,,
253.016260546,552,1292,332200,42.2729866667,-83.7885688889,63.0,31.609998703,2056.0,24.7058830261,28.0,,,,,,,,0.0,-0.78125,,
253.016260546,552,1292,332400,42.2729866667,-83.7885688889,63.0,39.2999992371,2056.0,24.7058830261,28.0,,,,,,,,0.0,-0.78125,,
253.016260546,552,1292,332500,42.2729866667,-83.7885688889,65.0,39.2999992371,2056.0,24.7058830261,28.0,,,,,,,,0.0,-0.78125,,
253.016260546,552,1292,332600,42.2729866667,-83.7885688889,65.0,39.2999992371,2056.0,81.9607849121,28.0,,,,,,,,0.0,-0.78125,,
253.016260546,552,1292,333000,42.2729866667,-83.7885688889,65.0,39.2999992371,2056.0,81.9607849121,28.0,,,,,,,,2.34375,-0.78125,,
253.016260546,552,1292,333500,42.2729866667,-83.7885688889,68.0,39.2999992371,2056.0,81.9607849121,28.0,,,,,,,,2.34375,-0.78125,,
253.016260546,552,1292,334200,42.2729866667,-83.7885688889,68.0,39.2999992371,2187.0,81.9607849121,28.0,,,,,,,,2.34375,-0.78125,,
253.016260546,552,1292,334400,42.2729866667,-83.7885688889,68.0,27.8400001526,2187.0,81.9607849121,28.0,,,,,,,,2.34375,-0.78125,,
253.016260546,552,1292,334500,42.2729866667,-83.7885688889,71.0,27.8400001526,2187.0,81.9607849121,28.0,,,,,,,,2.34375,-0.78125,,
253.016260546,552,1292,335000,42.2728816667,-83.7878841667,71.0,27.8400001526,2187.0,81.9607849121,28.0,,,,,,,,2.34375,-0.78125,,
253.016260546,552,1292,335600,42.2728816667,-83.7878841667,72.0,27.8400001526,2187.0,81.9607849121,28.0,,,,,,,,2.34375,-0.78125,,
253.016260546,552,1292,335800,42.2728816667,-83.7878841667,72.0,27.8400001526,2187.0,81.9607849121,28.0,,,,,,,,2.34375,-0.78125,,
253.016260546,552,1292,336200,42.2728816667,-83.7878841667,72.0,27.8400001526,1595.0,81.9607849121,28.0,,,,,,,,2.34375,-0.78125,,
253.016260546,552,1292,336400,42.2728816667,-83.7878841667,72.0,11.5099992752,1595.0,81.9607849121,28.0,,,,,,,,2.34375,-0.78125,,
253.016260546,552,1292,337700,42.2728816667,-83.7878841667,71.0,11.5099992752,1595.0,16.4705886841,28.0,,,,,,,,2.34375,-0.78125,,
253.016260546,552,1292,338100,42.2728816667,-83.7878841667,71.0,11.5099992752,1595.0,16.4705886841,28.0,,,,,,,,-0.78125,-0.78125,,
253.016260546,552,1292,338200,42.2728816667,-83.7878841667,71.0,11.5099992752,1501.0,16.4705886841,28.0,,,,,,,,-0.78125,-0.78125,,
253.016260546,552,1292,338400,42.2728816667,-83.7878841667,71.0,5.94000005722,1501.0,16.4705886841,28.0,,,,,,,,-0.78125,-0.78125,,
253.016260546,552,1292,338700,42.2728816667,-83.7878841667,68.0,5.94000005722,1501.0,16.4705886841,28.0,,,,,,,,-0.78125,-0.78125,,
253.016260546,552,1292,339100,42.2727675,-83.7869227778,68.0,5.94000005722,1501.0,16.4705886841,28.0,,,,,,,,-0.78125,-0.78125,,
253.016260546,552,1292,339700,42.2727675,-83.7869227778,67.0,5.94000005722,1501.0,16.4705886841,28.0,,,,,,,,-0.78125,-0.78125,,
253.016260546,552,1292,340200,42.2727675,-83.7869227778,67.0,5.94000005722,1423.0,16.4705886841,28.0,,,,,,,,-0.78125,-0.78125,,
253.016260546,552,1292,340400,42.2727675,-83.7869227778,67.0,11.3299999237,1423.0,16.4705886841,28.0,,,,,,,,-0.78125,-0.78125,,
253.016260546,552,1292,340800,42.2727675,-83.7869227778,66.0,11.3299999237,1423.0,16.4705886841,28.0,,,,,,,,-0.78125,-0.78125,,
253.016260546,552,1292,341800,42.2727675,-83.7869227778,65.0,11.3299999237,1423.0,16.4705886841,28.0,,,,,,,,-0.78125,-0.78125,,
253.016260546,552,1292,342100,42.2727041667,-83.7862433333,65.0,11.3299999237,1423.0,16.4705886841,28.0,,,,,,,,-0.78125,-0.78125,,
253.016260546,552,1292,342200,42.2727041667,-83.7862433333,65.0,11.3299999237,1442.0,16.4705886841,28.0,,,,,,,,-0.78125,-0.78125,,
253.016260546,552,1292,342400,42.2727041667,-83.7862433333,65.0,13.9699993134,1442.0,16.4705886841,28.0,,,,,,,,-0.78125,-0.78125,,
253.016260546,552,1292,342700,42.2727041667,-83.7862433333,65.0,13.9699993134,1442.0,36.8627471924,28.0,,,,,,,,-0.78125,-0.78125,,
253.016260546,552,1292,343100,42.2727041667,-83.7862433333,65.0,13.9699993134,1442.0,36.8627471924,28.0,,,,,,,,34.375,-0.78125,,
253.016260546,552,1292,344200,42.2727041667,-83.7862433333,65.0,13.9699993134,1393.0,36.8627471924,28.0,,,,,,,,34.375,-0.78125,,
253.016260546,552,1292,344400,42.2727041667,-83.7862433333,65.0,6.92000007629,1393.0,36.8627471924,28.0,,,,,,,,34.375,-0.78125,,
253.016260546,552,1292,344900,42.2727041667,-83.7862433333,64.0,6.92000007629,1393.0,36.8627471924,28.0,,,,,,,,34.375,-0.78125,,
253.016260546,552,1292,345000,42.2726408333,-83.7855766667,64.0,6.92000007629,1393.0,36.8627471924,28.0,,,,,,,,34.375,-0.78125,,
253.016260546,552,1292,346200,42.2726408333,-83.7855766667,64.0,6.92000007629,1399.0,36.8627471924,28.0,,,,,,,,34.375,-0.78125,,
253.016260546,552,1292,346400,42.2726408333,-83.7855766667,64.0,8.5,1399.0,36.8627471924,28.0,,,,,,,,34.375,-0.78125,,
253.016260546,552,1292,347700,42.2726408333,-83.7855766667,64.0,8.5,1399.0,25.0980396271,28.0,,,,,,,,34.375,-0.78125,,
253.016260546,552,1292,348100,42.2726452778,-83.7849216667,64.0,8.5,1399.0,25.0980396271,28.0,,,,,,,,3.90625,-0.78125,,
253.016260546,552,1292,348200,42.2726452778,-83.7849216667,64.0,8.5,1381.0,25.0980396271,28.0,,,,,,,,3.90625,-0.78125,,
253.016260546,552,1292,348400,42.2726452778,-83.7849216667,64.0,8.47000026703,1381.0,25.0980396271,28.0,,,,,,,,3.90625,-0.78125,,
253.016260546,552,1292,350200,42.2726452778,-83.7849216667,64.0,8.47000026703,1369.0,25.0980396271,28.0,,,,,,,,3.90625,-0.78125,,
253.016260546,552,1292,350400,42.2726452778,-83.7849216667,64.0,5.81999969482,1369.0,25.0980396271,28.0,,,,,,,,3.90625,-0.78125,,
253.016260546,552,1292,351100,42.2726905556,-83.7842591667,64.0,5.81999969482,1369.0,25.0980396271,28.0,,,,,,,,3.90625,-0.78125,,
253.016260546,552,1292,351200,42.2726905556,-83.7842591667,62.0,5.81999969482,1369.0,25.0980396271,28.0,,,,,,,,3.90625,-0.78125,,
253.016260546,552,1292,352200,42.2726905556,-83.7842591667,63.0,5.81999969482,1496.0,25.0980396271,28.0,,,,,,,,3.90625,-0.78125,,
253.016260546,552,1292,352400,42.2726905556,-83.7842591667,63.0,10.7399997711,1496.0,25.0980396271,28.0,,,,,,,,3.90625,-0.78125,,
253.016260546,552,1292,352800,42.2726905556,-83.7842591667,63.0,10.7399997711,1496.0,39.2156867981,28.0,,,,,,,,3.90625,-0.78125,,
253.016260546,552,1292,353200,42.2726905556,-83.7842591667,63.0,10.7399997711,1496.0,39.2156867981,28.0,,,,,,,,2.34375,-0.78125,,
253.016260546,552,1292,353300,42.2726905556,-83.7842591667,64.0,10.7399997711,1496.0,39.2156867981,28.0,,,,,,,,2.34375,-0.78125,,
253.016260546,552,1292,354100,42.2727813889,-83.7836091667,64.0,10.7399997711,1496.0,39.2156867981,28.0,,,,,,,,2.34375,-0.78125,,
253.016260546,552,1292,354200,42.2727813889,-83.7836091667,64.0,10.7399997711,1433.0,39.2156867981,28.0,,,,,,,,2.34375,-0.78125,,
253.016260546,552,1292,354300,42.2727813889,-83.7836091667,65.0,10.7399997711,1433.0,39.2156867981,28.0,,,,,,,,2.34375,-0.78125,,
253.016260546,552,1292,354400,42.2727813889,-83.7836091667,65.0,8.46000003815,1433.0,39.2156867981,28.0,,,,,,,,2.34375,-0.78125,,
253.016260546,552,1292,356200,42.2727813889,-83.7836091667,65.0,8.46000003815,1428.0,39.2156867981,28.0,,,,,,,,2.34375,-0.78125,,
253.016260546,552,1292,356400,42.2727813889,-83.7836091667,66.0,7.36999988556,1428.0,39.2156867981,28.0,,,,,,,,2.34375,-0.78125,,
253.016260546,552,1292,357100,42.2729047222,-83.7829544444,66.0,7.36999988556,1428.0,39.2156867981,28.0,,,,,,,,2.34375,-0.78125,,
253.016260546,552,1292,357800,42.2729047222,-83.7829544444,66.0,7.36999988556,1428.0,9.80392169952,28.0,,,,,,,,2.34375,-0.78125,,
253.016260546,552,1292,358200,42.2729047222,-83.7829544444,66.0,7.36999988556,1418.0,9.80392169952,28.0,,,,,,,,3.125,-0.78125,,
253.016260546,552,1292,358400,42.2729047222,-83.7829544444,66.0,10.5900001526,1418.0,9.80392169952,28.0,,,,,,,,3.125,-0.78125,,
253.016260546,552,1292,358500,42.2729047222,-83.7829544444,65.0,10.5900001526,1418.0,9.80392169952,28.0,,,,,,,,3.125,-0.78125,,
253.016260546,552,1292,359500,42.2729047222,-83.7829544444,66.0,10.5900001526,1418.0,9.80392169952,28.0,,,,,,,,3.125,-0.78125,,
253.016260546,552,1292,360200,42.2730494444,-83.7823055556,66.0,10.5900001526,1418.0,9.80392169952,28.0,,,,,,,,3.125,-0.78125,,
253.016260546,552,1292,360300,42.2730494444,-83.7823055556,66.0,10.5900001526,1426.0,9.80392169952,28.0,,,,,,,,3.125,-0.78125,,
253.016260546,552,1292,360400,42.2730494444,-83.7823055556,66.0,7.75999975204,1426.0,9.80392169952,28.0,,,,,,,,3.125,-0.78125,,
253.016260546,552,1292,362300,42.2730494444,-83.7823055556,66.0,7.75999975204,1403.0,9.80392169952,28.0,,,,,,,,3.125,-0.78125,,
253.016260546,552,1292,362400,42.2730494444,-83.7823055556,66.0,6.48999977112,1403.0,9.80392169952,28.0,,,,,,,,3.125,-0.78125,,
253.016260546,552,1292,362800,42.2730494444,-83.7823055556,66.0,6.48999977112,1403.0,9.80392169952,28.0,,,,,,,,3.125,2.34375,,
253.016260546,552,1292,362900,42.2730494444,-83.7823055556,66.0,6.48999977112,1403.0,19.607843399,28.0,,,,,,,,3.125,2.34375,,
253.016260546,552,1292,363200,42.2732008333,-83.7816544444,66.0,6.48999977112,1403.0,19.607843399,28.0,,,,,,,,3.125,2.34375,,
253.016260546,552,1292,363300,42.2732008333,-83.7816544444,66.0,6.48999977112,1403.0,19.607843399,28.0,,,,,,,,-4.6875,2.34375,,
253.016260546,552,1292,363800,42.2732008333,-83.7816544444,65.0,6.48999977112,1403.0,19.607843399,28.0,,,,,,,,-4.6875,2.34375,,
253.016260546,552,1292,364300,42.2732008333,-83.7816544444,65.0,6.48999977112,1365.0,19.607843399,28.0,,,,,,,,-4.6875,2.34375,,
253.016260546,552,1292,364400,42.2732008333,-83.7816544444,65.0,3.74000000954,1365.0,19.607843399,28.0,,,,,,,,-4.6875,2.34375,,
253.016260546,552,1292,364800,42.2732008333,-83.7816544444,64.0,3.74000000954,1365.0,19.607843399,28.0,,,,,,,,-4.6875,2.34375,,
253.016260546,552,1292,365900,42.2732008333,-83.7816544444,60.0,3.74000000954,1365.0,19.607843399,28.0,,,,,,,,-4.6875,2.34375,,
253.016260546,552,1292,366100,42.2733330556,-83.7810347222,60.0,3.74000000954,1365.0,19.607843399,28.0,,,,,,,,-4.6875,2.34375,,
253.016260546,552,1292,366300,42.2733330556,-83.7810347222,60.0,3.74000000954,1268.0,19.607843399,28.0,,,,,,,,-4.6875,2.34375,,
253.016260546,552,1292,366400,42.2733330556,-83.7810347222,60.0,15.1999998093,1268.0,19.607843399,28.0,,,,,,,,-4.6875,2.34375,,
253.016260546,552,1292,366900,42.2733330556,-83.7810347222,52.0,15.1999998093,1268.0,19.607843399,28.0,,,,,,,,-4.6875,2.34375,,
253.016260546,552,1292,367900,42.2733330556,-83.7810347222,44.0,15.1999998093,1268.0,51.3725509644,28.0,,,,,,,,-4.6875,2.34375,,
253.016260546,552,1292,368300,42.2733330556,-83.7810347222,44.0,15.1999998093,1342.0,51.3725509644,28.0,,,,,,,,0.0,2.34375,,
253.016260546,552,1292,368400,42.2733330556,-83.7810347222,44.0,16.1399993896,1342.0,51.3725509644,28.0,,,,,,,,0.0,2.34375,,
253.016260546,552,1292,369000,42.2734386111,-83.7805975,35.0,16.1399993896,1342.0,51.3725509644,28.0,,,,,,,,0.0,2.34375,,
253.016260546,552,1292,370000,42.2734386111,-83.7805975,27.0,16.1399993896,1342.0,51.3725509644,28.0,,,,,,,,0.0,2.34375,,
253.016260546,552,1292,370300,42.2734386111,-83.7805975,27.0,16.1399993896,1099.0,51.3725509644,28.0,,,,,,,,0.0,2.34375,,
253.016260546,552,1292,370400,42.2734386111,-83.7805975,27.0,6.76999998093,1099.0,51.3725509644,28.0,,,,,,,,0.0,2.34375,,
253.016260546,552,1292,371100,42.2734386111,-83.7805975,20.0,6.76999998093,1099.0,51.3725509644,28.0,,,,,,,,0.0,2.34375,,
253.016260546,552,1292,372100,42.2734844444,-83.7803772222,14.0,6.76999998093,1099.0,51.3725509644,28.0,,,,,,,,0.0,2.34375,,
253.016260546,552,1292,372300,42.2734844444,-83.7803772222,14.0,6.76999998093,895.0,51.3725509644,28.0,,,,,,,,0.0,2.34375,,
253.016260546,552,1292,372400,42.2734844444,-83.7803772222,14.0,1.92999994755,895.0,51.3725509644,28.0,,,,,,,,0.0,2.34375,,
253.016260546,552,1292,373000,42.2734844444,-83.7803772222,14.0,1.92999994755,895.0,9.01960754395,28.0,,,,,,,,0.0,2.34375,,
253.016260546,552,1292,373100,42.2734844444,-83.7803772222,10.0,1.92999994755,895.0,9.01960754395,28.0,,,,,,,,0.0,2.34375,,
253.016260546,552,1292,374200,42.2734844444,-83.7803772222,6.0,1.92999994755,895.0,9.01960754395,28.0,,,,,,,,0.0,2.34375,,
253.016260546,552,1292,374300,42.2734844444,-83.7803772222,6.0,1.92999994755,464.0,9.01960754395,28.0,,,,,,,,0.0,2.34375,,
253.016260546,552,1292,374400,42.2734844444,-83.7803772222,6.0,0.899999976158,464.0,9.01960754395,28.0,,,,,,,,0.0,2.34375,,
253.016260546,552,1292,375200,42.2734844444,-83.7803772222,3.0,0.899999976158,464.0,9.01960754395,28.0,,,,,,,,0.0,2.34375,,
253.016260546,552,1292,376100,42.2734844444,-83.7803772222,0.0,0.899999976158,464.0,9.01960754395,28.0,,,,,,,,0.0,2.34375,,
253.016260546,552,1292,376200,42.2734844444,-83.7803772222,0.0,0.899999976158,460.0,9.01960754395,28.0,,,,,,,,0.0,2.34375,,
253.016260546,552,1292,376300,42.2734844444,-83.7803772222,0.0,0.829999983311,460.0,0.0,28.0,,,,,,,,0.0,2.34375,,
253.016260546,552,1292,376800,42.2734844444,-83.7803772222,0.0,0.829999983311,460.0,0.0,28.0,,,,,,,,0.0,0.78125,,
253.016260546,552,1292,378200,42.2734844444,-83.7803772222,0.0,0.829999983311,0.0,0.0,28.0,,,,,,,,0.0,0.78125,,
253.016260546,552,1292,381300,42.2734844444,-83.7803772222,0.0,0.0,0.0,0.0,28.0,,,,,,,,0.0,0.78125,,
253.016260546,552,1292,402000,42.2734652778,-83.7803055556,0.0,0.0,0.0,0.0,28.0,,,,,,,,0.0,0.78125,,
253.016260546,552,1292,412300,42.2734652778,-83.7803055556,0.0,0.0,671.0,0.0,28.0,,,,,,,,0.0,0.78125,,
253.016260546,552,1292,413000,42.2734622222,-83.7802888889,0.0,0.0,671.0,0.0,28.0,,,,,,,,0.0,0.78125,,
253.016260546,552,1292,413100,42.2734622222,-83.7802888889,13.0,0.0,671.0,0.0,28.0,,,,,,,,0.0,0.78125,,
253.016260546,552,1292,413200,42.2734622222,-83.7802888889,13.0,0.0,1952.0,0.0,28.0,,,,,,,,0.0,0.78125,,
253.016260546,552,1292,413300,42.2734622222,-83.7802888889,13.0,29.0799999237,1952.0,64.7058868408,28.0,,,,,,,,0.0,0.78125,,
253.016260546,552,1292,413700,42.2734622222,-83.7802888889,13.0,29.0799999237,1952.0,64.7058868408,28.0,,,,,,,,3.125,0.78125,,
253.016260546,552,1292,413800,42.2734622222,-83.7802888889,13.0,29.0799999237,1952.0,64.7058868408,28.0,,,,,,,,3.125,1.5625,,
253.016260546,552,1292,415200,42.2734622222,-83.7802888889,21.0,29.0799999237,2341.0,64.7058868408,28.0,,,,,,,,3.125,1.5625,,
253.016260546,552,1292,415300,42.2734622222,-83.7802888889,21.0,29.7099990845,2341.0,64.7058868408,28.0,,,,,,,,3.125,1.5625,,
253.016260546,552,1292,415700,42.2734622222,-83.7802888889,21.0,29.7099990845,2341.0,64.7058868408,28.0,,,,,,,,3.125,1.5625,,
